   3.3405793637570653     
   3.3405127640223351     
   3.3403839829241821     
   3.3401956301905491     
   3.3399496775936370     
   3.3396477360389700     
   3.3392911778019987     
   3.3388812032456601     
   3.3384188818752301     
   3.3379051796649142     
   3.3373409782911319     
   3.3367270892488388     
   3.3360642645565375     
   3.3353532050902741     
   3.3345945672132249     
   3.3337889681454698     
   3.3329369903805550     
   3.3320391853662907     
   3.3310960766077411     
   3.3301081623096116     
   3.3290759176465539     
   3.3279997967293502     
   3.3268802343199120     
   3.3257176473368371     
   3.3245124361848482     
   3.3232649859349745     
   3.3219756673773464     
   3.3206448379645588     
   3.3192728426604727     
   3.3178600147068464     
   3.3164066763181990     
   3.3149131393136955     
   3.3133797056935332     
   3.3118066681661964     
   3.3101943106320695     
   3.3085429086281266     
   3.3068527297378081     
   3.3051240339696375     
   3.3033570741077054     
   3.3015520960367462     
   3.2997093390442158     
   3.2978290361014970     
   3.2959114141261043     
   3.2939566942265741     
   3.2919650919315213     
   3.2899368174041905     
   3.2878720756437052     
   3.2857710666740774     
   3.2836339857219401     
   3.2814610233838808     
   3.2792523657841532     
   3.2770081947234870     
   3.2747286878196356     
   3.2724140186402564     
   3.2700643568286529     
   3.2676798682228747     
   3.2652607149686177     
   3.2628070556263316     
   3.2603190452729232     
   3.2577968355983820     
   3.2552405749976598     
   3.2526504086580945     
   3.2500264786426381     
   3.2473689239691534     
   3.2446778806859973     
   3.2419534819441109     
   3.2391958580658051     
   3.2364051366104456     
   3.2335814424371767     
   3.2307248977648775     
   3.2278356222294691     
   3.2249137329387243     
   3.2219593445247079     
   3.2189725691939657     
   3.2159535167755697     
   3.2129022947671348     
   3.2098190083788927     
   3.2067037605759223     
   3.2035566521186243     
   3.2003777816015169     
   3.1971672454904247     
   3.1939251381581411     
   3.1906515519186263     
   3.1873465770598055     
   3.1840103018750190     
   3.1806428126931956     
   3.1772441939077902     
   3.1738145280045336     
   3.1703538955880530     
   3.1668623754073946     
   3.1633400443804987     
   3.1597869776176646     
   3.1562032484440428     
   3.1525889284211837     
   3.1489440873676884     
   3.1452687933789836     
   3.1415631128462489     
   3.1378271104745381     
   3.1340608493001043     
   3.1302643907069676     
   3.1264377944427375     
   3.1225811186337298     
   3.1186944197993776     
   3.1147777528659777     
   3.1108311711797763     
   3.1068547265194222     
   3.1028484691078009     
   3.0988124476232639     
   3.0947467092102761     
   3.0906512994894855     
   3.0865262625672423     
   3.0823716410445678     
   3.0781874760255934     
   3.0739738071254799     
   3.0697306724778288     
   3.0654581087415940     
   3.0611561511075069     
   3.0568248333040193     
   3.0524641876027823     
   3.0480742448236575     
   3.0436550343392805     
   3.0392065840791727     
   3.0347289205334196     
   3.0302220687559118     
   3.0256860523671594     
   3.0211208935566884     
   3.0165266130850186     
   3.0119032302852280     
   3.0072507630641181     
   3.0025692279029701     
   2.9978586398579017     
   2.9931190125598324     
   2.9883503582140540     
   2.9835526875994094     
   2.9787260100670876     
   2.9738703335390304     
   2.9689856645059547     
   2.9640720080249965     
   2.9591293677169683     
   2.9541577457632413     
   2.9491571429022398     
   2.9441275584255675     
   2.9390689901737428     
   2.9339814345315611     
   2.9288648864230740     
   2.9237193393061860     
   2.9185447851668731     
   2.9133412145130118     
   2.9081086163678278     
   2.9028469782629505     
   2.8975562862310866     
   2.8922365247982933     
   2.8868876769758596     
   2.8815097242517926     
   2.8761026465819004     
   2.8706664223804657     
   2.8652010285105201     
   2.8597064402736958     
   2.8541826313996705     
   2.8486295740351815     
   2.8430472387326167     
   2.8374355944381788     
   2.8317946084796062     
   2.8261242465534488     
   2.8204244727119043     
   2.8146952493491897     
   2.8089365371874555     
   2.8031482952622295     
   2.7973304809073856     
   2.7914830497396275     
   2.7856059556424784     
   2.7796991507497766     
   2.7737625854286541     
   2.7677962082620073     
   2.7617999660304315     
   2.7557738036936241     
   2.7497176643712393     
   2.7436314893231897     
   2.7375152179293711     
   2.7313687876688215     
   2.7251921340982745     
   2.7189851908301237     
   2.7127478895097652     
   2.7064801597923140     
   2.7001819293186782     
   2.6938531236909795     
   2.6874936664473079     
   2.6811034790357886     
   2.6746824807879523     
   2.6682305888913893     
   2.6617477183616782     
   2.6552337820135601     
   2.6486886904313556     
   2.6421123519385947     
   2.6355046725668516     
   2.6288655560237499     
   2.6221949036601426     
   2.6154926144364223     
   2.6087585848879549     
   2.6019927090896120     
   2.5951948786193797     
   2.5883649825210204     
   2.5815029072657647     
   2.5746085367130087     
   2.5676817520699919     
   2.5607224318504267     
   2.5537304518320618     
   2.5467056850131415     
   2.5396480015677372     
   2.5325572687999216     
   2.5254333510967579     
   2.5182761098800674     
   2.5110854035569483     
   2.5038610874690082     
   2.4966030138402795     
   2.4893110317237865     
   2.4819849869467174     
   2.4746247220541702     
   2.4672300762514365     
   2.4598008853447770     
   2.4523369816806548     
   2.4448381940833803     
   2.4373043477911178     
   2.4297352643902279     
   2.4221307617478764     
   2.4144906539428805     
   2.4068147511947333     
   2.3991028597907555     
   2.3913547820113301     
   2.3835703160531594     
   2.3757492559504931     
   2.3678913914942625     
   2.3599965081490759     
   2.3520643869679985     
   2.3440948045050707     
   2.3360875327254842     
   2.3280423389133644     
   2.3199589855770784     
   2.3118372303520052     
   2.3036768259006966     
   2.2954775198103499     
   2.2872390544875145     
   2.2789611670499590     
   2.2706435892156129     
   2.2622860471884980     
   2.2538882615415643     
   2.2454499470963460     
   2.2369708127993331     
   2.2284505615949781     
   2.2198888902952323     
   2.2112854894455118     
   2.2026400431869928     
   2.1939522291151299     
   2.1852217181342826     
   2.1764481743083457     
   2.1676312547072647     
   2.1587706092493124     
   2.1498658805390121     
   2.1409167037005767     
   2.1319227062067378     
   2.1228835077028272     
   2.1137987198259789     
   2.1046679460193127     
   2.0954907813409465     
   2.0862668122677022     
   2.0769956164933454     
   2.0676767627212036     
   2.0583098104510098     
   2.0488943097598007     
   2.0394298010767082     
   2.0299158149514707     
   2.0203518718164890     
   2.0107374817422481     
   2.0010721441859207     
   1.9913553477329731     
   1.9815865698315676     
   1.9717652765195837     
   1.9618909221440497     
   1.9519629490727888     
   1.9419807873980710     
   1.9319438546320649     
   1.9218515553938806     
   1.9117032810879879     
   1.9014984095737950     
   1.8912363048261704     
   1.8809163165866891     
   1.8705377800053831     
   1.8601000152727751     
   1.8496023272419770     
   1.8390440050406296     
   1.8284243216724692     
   1.8177425336083044     
   1.8069978803661901     
   1.7961895840805926     
   1.7853168490603408     
   1.7743788613351736     
   1.7633747881906932     
   1.7523037776915527     
   1.7411649581927096     
   1.7299574378386018     
   1.7186803040501109     
   1.7073326229992021     
   1.6959134390711477     
   1.6844217743142729     
   1.6728566278771881     
   1.6612169754335018     
   1.6495017685940503     
   1.6377099343067274     
   1.6258403742440277     
   1.6138919641784903     
   1.6018635533462777     
   1.5897539637991926     
   1.5775619897455160     
   1.5652863968801269     
   1.5529259217044615     
   1.5404792708369692     
   1.5279451203148413     
   1.5153221148879170     
   1.5026088673058065     
   1.4898039575994351     
   1.4769059323583857     
   1.4639133040056023     
   1.4508245500712422     
   1.4376381124676862     
   1.4243523967679921     
   1.4109657714903414     
   1.3974765673913760     
   1.3838830767716375     
   1.3701835527967319     
   1.3563762088382505     
   1.3424592178389512     
   1.3284307117072123     
   1.3142887807463328     
   1.3000314731248792     
   1.2856567943949497     
   1.2711627070659719     
   1.2565471302424751     
   1.2418079393351662     
   1.2269429658556206     
   1.2119499973059775     
   1.1968267771762038     
   1.1815710050627606     
   1.1661803369239372     
   1.1506523854886170     
   1.1349847208369346     
   1.1191748711730820     
   1.1032203238125184     
   1.0871185264079748     
   1.0708668884409951     
   1.0544627830082820     
   1.0379035489348660     
   1.0211864932490906     
   1.0043088940576212     
  0.98726800386213864     
  0.97006105336313131     
  0.95268525580020047     
  0.93513781188261402     
  0.91741591536846567     
  0.89951675935574404     
  0.88143754335390467     
  0.86317548121018461     
  0.84472780997090058     
  0.82609179976439373     
  0.80726476479909026     
  0.78824407557742515     
  0.76902717243413543     
  0.74961158051576326     
  0.72999492632718910     
  0.71017495598081493     
  0.69014955529483335     
  0.66991677189917276     
  0.64947483952168739     
  0.62882220464363725     
  0.60795755573352117     
  0.58687985529336806     
  0.56558837498386627     
  0.54408273413744268     
  0.52236294202630262     
  0.50042944433244696     
  0.47828317437892498     
  0.45592560984083996     
  0.43335883588234214     
  0.41058561599248988     
  0.38760947226044273     
  0.36443477749263781     
  0.34106686248846291     
  0.31751214298217839     
  0.29377827211363411     
  0.26987432525672944     
  0.24581102286688933     
  0.22160098905852821     
  0.19725901825610132     
  0.17280226048557343     
  0.14825012176762886     
  0.12362355480000248     
   9.8943488990054340E-002
   7.4228660244150271E-002
   4.9493764216126369E-002
   2.4748836325157290E-002
   0.0000000000000000     
