   57.004266359074371     
   57.003357540146318     
   57.002119324086301     
   57.000628434642792     
   56.998924529753829     
   56.997032942797674     
   56.994971664040669     
   56.992754321700367     
   56.990391701447990     
   56.987892614034756     
   56.985264431846453     
   56.982513441035671     
   56.979645083525867     
   56.976664129576569     
   56.973574804605931     
   56.970380884773434     
   56.967085770572645     
   56.963692544541168     
   56.960204017241516     
   56.956622764411279     
   56.952951157350626     
   56.949191388052554     
   56.945345490190661     
   56.941415356803184     
   56.937402755313499     
   56.933309340381747     
   56.929136664974244     
   56.924886189956673     
   56.920559292454634     
   56.916157273178094     
   56.911681362869274     
   56.907132728004171     
   56.902512475855310     
   56.897821659004833     
   56.893061279382266     
   56.888232291889402     
   56.883335607664968     
   56.878372097033754     
   56.873342592178354     
   56.868247889566064     
   56.863088752158866     
   56.857865911431013     
   56.852580069214888     
   56.847231899393535     
   56.841822049455729     
   56.836351141927558     
   56.830819775692845     
   56.825228527213085     
   56.819577951656377     
   56.813868583944121     
   56.808100939722486     
   56.802275516265951     
   56.796392793318304     
   56.790453233876811     
   56.784457284924180     
   56.778405378112687     
   56.772297930404349     
   56.766135344670523     
   56.759918010254303     
   56.753646303498385     
   56.747320588241024     
   56.740941216282586     
   56.734508527824651     
   56.728022851883729     
   56.721484506681442     
   56.714893800012582     
   56.708251029592759     
   56.701556483386902     
   56.694810439919998     
   56.688013168570983     
   56.681164929851050     
   56.674265975667389     
   56.667316549573023     
   56.660316887003852     
   56.653267215503512     
   56.646167754936812     
   56.639018717692380     
   56.631820308875206     
   56.624572726489596     
   56.617276161613091     
   56.609930798561777     
   56.602536815047500     
   56.595094382327538     
   56.587603665346869     
   56.580064822873560     
   56.572478007627666     
   56.564843366403828     
   56.557161040188035     
   56.549431164268654     
   56.541653868342138     
   56.533829276613560     
   56.525957507892386     
   56.518038675683343     
   56.510072888272994     
   56.502060248812043     
   56.494000855393402     
   56.485894801126435     
   56.477742174207442     
   56.469543057986421     
   56.461297531030453     
   56.453005667183739     
   56.444667535624291     
   56.436283200917657     
   56.427852723067602     
   56.419376157563825     
   56.410853555427011     
   56.402284963251077     
   56.393670423242845     
   56.385009973259130     
   56.376303646841428     
   56.367551473248163     
   56.358753477484676     
   56.349909680330882     
   56.341020098366734     
   56.332084743995594     
   56.323103625465471     
   56.314076746888190     
   56.305004108256625     
   56.295885705459909     
   56.286721530296767     
   56.277511570486929     
   56.268255809680753     
   56.258954227466972     
   56.249606799378647     
   56.240213496897397     
   56.230774287455901     
   56.221289134438585     
   56.211757997180776     
   56.202180830965986     
   56.192557587021682     
   56.182888212513326     
   56.173172650536785     
   56.163410840109144     
   56.153602716157906     
   56.143748209508473     
   56.133847246870175     
   56.123899750820534     
   56.113905639788065     
   56.103864828033373     
   56.093777225628664     
   56.083642738435685     
   56.073461268081971     
   56.063232711935555     
   56.052956963078003     
   56.042633910275811     
   56.032263437950128     
   56.021845426144864     
   56.011379750493113     
   56.000866282181811     
   55.990304887914746     
   55.979695429873850     
   55.969037765678699     
   55.958331748344214     
   55.947577226236660     
   55.936774043027732     
   55.925922037646814     
   55.915021044231409     
   55.904070892075566     
   55.893071405576421     
   55.882022404178791     
   55.870923702317718     
   55.859775109358942     
   55.848576429537339     
   55.837327461893175     
   55.826028000206229     
   55.814677832927693     
   55.803276743109791     
   55.791824508333065     
   55.780320900631324     
   55.768765686414177     
   55.757158626387032     
   55.745499475468655     
   55.733787982705991     
   55.722023891186460     
   55.710206937947490     
   55.698336853883127     
   55.686413363647993     
   55.674436185558072     
   55.662405031488632     
   55.650319606768988     
   55.638179610074104     
   55.625984733312805     
   55.613734661512773     
   55.601429072702004     
   55.589067637786705     
   55.576650020425504     
   55.564175876899931     
   55.551644855981031     
   55.539056598791909     
   55.526410738666200     
   55.513706901002315     
   55.500944703113340     
   55.488123754072284     
   55.475243654552877     
   55.462303996665455     
   55.449304363787945     
   55.436244330391723     
   55.423123461862254     
   55.409941314314288     
   55.396697434401418     
   55.383391359119884     
   55.370022615606402     
   55.356590720929781     
   55.343095181876187     
   55.329535494727743     
   55.315911145034356     
   55.302221607378527     
   55.288466345132768     
   55.274644810209530     
   55.260756442803292     
   55.246800671124525     
   55.232776911125370     
   55.218684566216581     
   55.204523026975487     
   55.190291670844616     
   55.175989861820796     
   55.161616950134110     
   55.147172271916659     
   55.132655148860408     
   55.118064887863980     
   55.103400780667975     
   55.088662103478107     
   55.073848116576045     
   55.058958063917359     
   55.043991172715920     
   55.028946653014458     
   55.013823697240696     
   54.998621479748330     
   54.983339156342524     
   54.967975863789071     
   54.952530719306679     
   54.937002820041805     
   54.921391242525075     
   54.905695042108817     
   54.889913252384737     
   54.874044884581068     
   54.858088926938265     
   54.842044344062344     
   54.825910076254978     
   54.809685038819353     
   54.793368121340791     
   54.776958186940959     
   54.760454071504626     
   54.743854582877859     
   54.727158500036147     
   54.710364572221430     
   54.693471518046465     
   54.676478024565242     
   54.659382746307720     
   54.642184304277542     
   54.624881284910799     
   54.607472238994234     
   54.589955680540974     
   54.572330085621807     
   54.554593891149963     
   54.536745493617190     
   54.518783247778842     
   54.500705465285542     
   54.482510413258900     
   54.464196312808532     
   54.445761337487482     
   54.427203611683197     
   54.408521208940719     
   54.389712150214734     
   54.370774402046976     
   54.351705874665200     
   54.332504419999658     
   54.313167829613015     
   54.293693832538956     
   54.274080093025020     
   54.254324208174431     
   54.234423705481639     
   54.214376040255928     
   54.194178592926939     
   54.173828666225923     
   54.153323482235670     
   54.132660179302057     
   54.111835808799384     
   54.090847331741337     
   54.069691615228912     
   54.048365428725788     
   54.026865440151461     
   54.005188211781288     
   53.983330195942294     
   53.961287730492614     
   53.939057034071553     
   53.916634201106525     
   53.894015196562094     
   53.871195850415198     
   53.848171851839616     
   53.824938743081489     
   53.801491913006380     
   53.777826590296840     
   53.753937836278034     
   53.729820537347258     
   53.705469396981094     
   53.680878927292433     
   53.656043440107027     
   53.630957037526912     
   53.605613601945777     
   53.580006785478240     
   53.554129998761859     
   53.527976399087947     
   53.501538877812770     
   53.474810046997419     
   53.447782225219889     
   53.420447422498214     
   53.392797324258147     
   53.364823274273483     
   53.336516256499976     
   53.307866875717629     
   53.278865336887897     
   53.249501423124094     
   53.219764472163597     
   53.189643351220404     
   53.159126430084847     
   53.128201552324420     
   53.096856004425838     
   53.065076482702416     
   53.032849057773312     
   53.000159136401898     
   52.966991420458712     
   52.933329862749545     
   52.899157619422994     
   52.864456998640378     
   52.829209405157137     
   52.793395280426154     
   52.756994037790243     
   52.719983992282039     
   52.682342284494261     
   52.644044797921026     
   52.605066069099792     
   52.565379189803316     
   52.524955700439158     
   52.483765473710150     
   52.441776587469775     
   52.398955185569996     
   52.355265325342231     
   52.310668810172288     
   52.265125005422199     
   52.218590635712253     
   52.171019561298642     
   52.122362530959620     
   52.072566908427873     
   52.021576368968311     
   51.969330562187920     
   51.915764736561911     
   51.860809320451587     
   51.804389453551714     
   51.746424461712849     
   51.686827266903812     
   51.625503722670842     
   51.562351863763681     
   51.497261056570295     
   51.430111034553583     
   51.360770799915841     
   51.289097369103160     
   51.214934335342498     
   51.138110215972603     
   51.058436545622072     
   50.975705667958238     
   50.889688168331709     
   50.800129876583078     
   50.706748352779620     
   50.609228747670429     
   50.507218902789909     
   50.400323520506745     
   50.288097189318854     
   50.170035990762429     
   50.045567336459335     
   49.914037580071856     
   49.774696809308189     
   49.626680033298200     
   49.468983719768090     
   49.300436273696832     
   49.119660538492298     
   48.925025672320970     
   48.714584698441605     
   48.485992480768580     
   48.236396566265505     
   47.962289829803986     
   47.659308438694467     
   47.321950121388454     
   46.943174026677418     
   46.513821044207937     
   46.021756116769332     
   45.450570980485445     
   44.777578515722297     
   43.970649810972134     
   42.983159297377128     
   41.745928561763108     
   40.154911641741521     
   38.054963475889323     
   35.228389668308388     
   31.421058866740921     
   26.464240910284673     
   20.465501206381042     
   13.818810619625378     
   6.9292296338047157     
   0.0000000000000000     
