   1.7097086918638797     
   1.7096810848986976     
   1.7096266263287991     
   1.7095458132439305     
   1.7094390393357677     
   1.7093066376966237     
   1.7091489003739684     
   1.7089660892714200     
   1.7087584429630558     
   1.7085261812879993     
   1.7082695086205548     
   1.7079886162944238     
   1.7076836844579470     
   1.7073548835307037     
   1.7070023753714301     
   1.7066263142310965     
   1.7062268475423812     
   1.7058041165820785     
   1.7053582570331514     
   1.7048893994663226     
   1.7043976697563257     
   1.7038831894444657     
   1.7033460760566164     
   1.7027864433838722     
   1.7022044017316478     
   1.7016000581419168     
   1.7009735165924120     
   1.7003248781759586     
   1.6996542412625530     
   1.6989617016463920     
   1.6982473526796971     
   1.6975112853949101     
   1.6967535886165914     
   1.6959743490641690     
   1.6951736514465310     
   1.6943515785493124     
   1.6935082113156217     
   1.6926436289208575     
   1.6917579088421848     
   1.6908511269231650     
   1.6899233574339958     
   1.6889746731277369     
   1.6880051452928804     
   1.6870148438025725     
   1.6860038371607591     
   1.6849721925455114     
   1.6839199758497490     
   1.6828472517195630     
   1.6817540835903197     
   1.6806405337207106     
   1.6795066632248929     
   1.6783525321028603     
   1.6771781992691650     
   1.6759837225801026     
   1.6747691588594611     
   1.6735345639229298     
   1.6722799926012526     
   1.6710054987622049     
   1.6697111353314642     
   1.6683969543124451     
   1.6670630068051557     
   1.6657093430241376     
   1.6643360123155333     
   1.6629430631733402     
   1.6615305432548859     
   1.6600984993955736     
   1.6586469776229342     
   1.6571760231700174     
   1.6556856804881650     
   1.6541759932591840     
   1.6526470044069583     
   1.6510987561085266     
   1.6495312898046472     
   1.6479446462098715     
   1.6463388653221580     
   1.6447139864320377     
   1.6430700481313549     
   1.6414070883216030     
   1.6397251442218683     
   1.6380242523764013     
   1.6363044486618303     
   1.6345657682940296     
   1.6328082458346578     
   1.6310319151973771     
   1.6292368096537684     
   1.6274229618389484     
   1.6255904037569053     
   1.6237391667855599     
   1.6218692816815581     
   1.6199807785848128     
   1.6180736870227947     
   1.6161480359145834     
   1.6142038535746885     
   1.6122411677166459     
   1.6102600054563929     
   1.6082603933154334     
   1.6062423572237978     
   1.6042059225228025     
   1.6021511139676132     
   1.6000779557296219     
   1.5979864713986354     
   1.5958766839848864     
   1.5937486159208683     
   1.5916022890629991     
   1.5894377246931142     
   1.5872549435198011     
   1.5850539656795690     
   1.5828348107378623     
   1.5805974976899213     
   1.5783420449614916     
   1.5760684704093844     
   1.5737767913218939     
   1.5714670244190674     
   1.5691391858528394     
   1.5667932912070248     
   1.5644293554971771     
   1.5620473931703109     
   1.5596474181044953     
   1.5572294436083121     
   1.5547934824201917     
   1.5523395467076153     
   1.5498676480661970     
   1.5473777975186356     
   1.5448700055135516     
   1.5423442819241924     
   1.5398006360470269     
   1.5372390766002140     
   1.5346596117219533     
   1.5320622489687212     
   1.5294469953133887     
   1.5268138571432213     
   1.5241628402577658     
   1.5214939498666227     
   1.5188071905871030     
   1.5161025664417720     
   1.5133800808558815     
   1.5106397366546864     
   1.5078815360606530     
   1.5051054806905508     
   1.5023115715524367     
   1.4994998090425251     
   1.4966701929419486     
   1.4938227224134071     
   1.4909573959977038     
   1.4880742116101735     
   1.4851731665369983     
   1.4822542574314110     
   1.4793174803097908     
   1.4763628305476448     
   1.4733903028754802     
   1.4703998913745622     
   1.4673915894725635     
   1.4643653899391007     
   1.4613212848811576     
   1.4582592657383981     
   1.4551793232783632     
   1.4520814475915571     
   1.4489656280864214     
   1.4458318534841901     
   1.4426801118136365     
   1.4395103904057007     
   1.4363226758880019     
   1.4331169541792390     
   1.4298932104834721     
   1.4266514292842847     
   1.4233915943388344     
   1.4201136886717804     
   1.4168176945690956     
   1.4135035935717577     
   1.4101713664693212     
   1.4068209932933697     
   1.4034524533108459     
   1.4000657250172603     
   1.3966607861297793     
   1.3932376135801874     
   1.3897961835077266     
   1.3863364712518134     
   1.3828584513446278     
   1.3793620975035790     
   1.3758473826236417     
   1.3723142787695692     
   1.3687627571679750     
   1.3651927881992878     
   1.3616043413895769     
   1.3579973854022478     
   1.3543718880296065     
   1.3507278161842931     
   1.3470651358905839     
   1.3433838122755595     
   1.3396838095601420     
   1.3359650910499978     
   1.3322276191263041     
   1.3284713552363832     
   1.3246962598841994     
   1.3209022926207221     
   1.3170894120341510     
   1.3132575757400042     
   1.3094067403710721     
   1.3055368615672287     
   1.3016478939651115     
   1.2977397911876576     
   1.2938125058335059     
   1.2898659894662581     
   1.2859001926036024     
   1.2819150647062991     
   1.2779105541670281     
   1.2738866082990956     
   1.2698431733250075     
   1.2657801943649010     
   1.2616976154248416     
   1.2575953793849808     
   1.2534734279875797     
   1.2493317018248971     
   1.2451701403269415     
   1.2409886817490909     
   1.2367872631595798     
   1.2325658204268544     
   1.2283242882067980     
   1.2240625999298294     
   1.2197806877878719     
   1.2154784827211997     
   1.2111559144051616     
   1.2068129112367831     
   1.2024494003212522     
   1.1980653074582874     
   1.1936605571283969     
   1.1892350724790257     
   1.1847887753105981     
   1.1803215860624592     
   1.1758334237987185     
   1.1713242061939981     
   1.1667938495190930     
   1.1622422686265492     
   1.1576693769361590     
   1.1530750864203880     
   1.1484593075897334     
   1.1438219494780202     
   1.1391629196276465     
   1.1344821240747820     
   1.1297794673345303     
   1.1250548523860573     
   1.1203081806577040     
   1.1155393520120840     
   1.1107482647311828     
   1.1059348155014654     
   1.1010988993990061     
   1.0962404098746492     
   1.0913592387392193     
   1.0864552761487878     
   1.0815284105900136     
   1.0765785288655760     
   1.0716055160797089     
   1.0666092556238587     
   1.0615896291624829     
   1.0565465166190058     
   1.0514797961619569     
   1.0463893441913048     
   1.0412750353250180     
   1.0361367423858689     
   1.0309743363885107     
   1.0257876865268509     
   1.0205766601617499     
   1.0153411228090738     
   1.0100809381281326     
   1.0047959679105345     
  0.99948607206949380     
  0.99415110862962353     
  0.98879093371725535     
  0.98340540155132339     
  0.97799436443485610     
  0.97255767274711824     
  0.96709517493645103     
  0.96160671751385851     
  0.95609214504739137     
  0.95055130015738309     
  0.94498402351259392     
  0.93939015382732372     
  0.93376952785955469     
  0.92812198041019289     
  0.92244734432347419     
  0.91674545048860945     
  0.91101612784274577     
  0.90525920337532295     
  0.89947450213390967     
  0.89366184723160935     
  0.88782105985612658     
  0.88195195928059267     
  0.87605436287625349     
  0.87012808612712578     
  0.86417294264673528     
  0.85818874419705704     
  0.85217530070977687     
  0.84613242031001101     
  0.84005990934261499     
  0.83395757240122825     
  0.82782521236020434     
  0.82166263040958365     
  0.81546962609327334     
  0.80924599735061042     
  0.80299154056148625     
  0.79670605059522559     
  0.79038932086341884     
  0.78404114337691533     
  0.77766130880719897     
  0.77124960655237473     
  0.76480582480800707     
  0.75832975064306207     
  0.75182117008121674     
  0.74527986818781389     
  0.73870562916275173     
  0.73209823643961003     
  0.72545747279133321     
  0.71878312044280279     
  0.71207496119064606     
  0.70533277653064919     
  0.69855634779315445     
  0.69174545628684481     
  0.68489988345133335     
  0.67801941101899810     
  0.67110382118652212     
  0.66415289679662137     
  0.65716642153046578     
  0.65014418011132113     
  0.64308595851996997     
  0.63599154422248794     
  0.62886072641098956     
  0.62169329625797987     
  0.61448904718498476     
  0.60724777514616035     
  0.59996927892762297     
  0.59265336046327477     
  0.58529982516794021     
  0.57790848228867076     
  0.57047914527512045     
  0.56301163216994399     
  0.55550576602021817     
  0.54796137531094347     
  0.54037829442174601     
  0.53275636410795923     
  0.52509543200733844     
  0.51739535317373719     
  0.50965599063915679     
  0.50187721600567448     
  0.49405891006885255     
  0.48620096347434671     
  0.47830327740955147     
  0.47036576433226029     
  0.46238834873847157     
  0.45437096797164123     
  0.44631357307588032     
  0.43821612969580992     
  0.43007861902603495     
  0.42190103881347857     
  0.41368340441613632     
  0.40542574992217156     
  0.39712812933368763     
  0.38879061781998248     
  0.38041331304563053     
  0.37199633657934805     
  0.36353983539029455     
  0.35504398343925231     
  0.34650898337301067     
  0.33793506833127496     
  0.32932250387650430     
  0.32067159005826434     
  0.31198266362490995     
  0.30325610039664846     
  0.29449231781517077     
  0.28569177768591114     
  0.27685498912935574     
  0.26798251175725396     
  0.25907495908749228     
  0.25013300220686047     
  0.24115737368263579     
  0.23214887170995582     
  0.22310836445970156     
  0.21403679455757757     
  0.20493518357482185     
  0.19580463633940154     
  0.18664634477866587     
  0.17746159087718552     
  0.16825174817921082     
  0.15901828109676863     
  0.14976274113237503     
  0.14048675904365582     
  0.13119203204312607     
  0.12188030542576492     
  0.11255334860805584     
  0.10321292642268891     
   9.3860767496599079E-002
   8.4498532383056879E-002
   7.5127784528602304E-002
   6.5749966952300481E-002
   5.6366386738491564E-002
   4.6978208349110401E-002
   3.7586455691111353E-002
   2.8192022104598605E-002
   1.8795687085093198E-002
   9.3981385821618954E-003
   0.0000000000000000     
