   3.2059958093071632     
   3.2059296109758590     
   3.2058019270393032     
   3.2056155187303648     
   3.2053724618135018     
   3.2050744454736648     
   3.2047229039210783     
   3.2043190881011894     
   3.2038641097531952     
   3.2033589706934000     
   3.2028045833975600     
   3.2022017860877718     
   3.2015513541593688     
   3.2008540090664321     
   3.2001104253820967     
   3.1993212365109933     
   3.1984870393827434     
   3.1976083983596064     
   3.1966858485275211     
   3.1957198984959869     
   3.1947110328015014     
   3.1936597139872074     
   3.1925663844153203     
   3.1914314678568814     
   3.1902553708944317     
   3.1890384841662200     
   3.1877811834752743     
   3.1864838307824543     
   3.1851467750993234     
   3.1837703532940131     
   3.1823548908211490     
   3.1809007023851850     
   3.1794080925450734     
   3.1778773562670515     
   3.1763087794313538     
   3.1747026392978701     
   3.1730592049350865     
   3.1713787376161005     
   3.1696614911849874     
   3.1679077123964441     
   3.1661176412312177     
   3.1642915111895995     
   3.1624295495649459     
   3.1605319776990144     
   3.1585990112206725     
   3.1566308602693938     
   3.1546277297047953     
   3.1525898193033481     
   3.1505173239432747     
   3.1484104337785523     
   3.1462693344028496     
   3.1440942070041467     
   3.1418852285107191     
   3.1396425717291057     
   3.1373664054746206     
   3.1350568946949315     
   3.1327142005871611     
   3.1303384807089607     
   3.1279298890839309     
   3.1254885763017661     
   3.1230146896134472     
   3.1205083730217975     
   3.1179697673676756     
   3.1153990104120735     
   3.1127962369143627     
   3.1101615787069021     
   3.1074951647662257     
   3.1047971212809968     
   3.1020675717169124     
   3.0993066368787101     
   3.0965144349694560     
   3.0936910816472327     
   3.0908366900793767     
   3.0879513709943884     
   3.0850352327316282     
   3.0820883812889086     
   3.0791109203680924     
   3.0761029514187768     
   3.0730645736801763     
   3.0699958842212669     
   3.0668969779792858     
   3.0637679477966491     
   3.0606088844563732     
   3.0574198767160503     
   3.0542010113404463     
   3.0509523731327861     
   3.0476740449647663     
   3.0443661078053648     
   3.0410286407484799     
   3.0376617210394579     
   3.0342654241005484     
   3.0308398235553242     
   3.0273849912521125     
   3.0239009972864679     
   3.0203879100227287     
   3.0168457961146831     
   3.0132747205253820     
   3.0096747465461244     
   3.0060459358146416     
   3.0023883483325173     
   2.9987020424818582     
   2.9949870750412408     
   2.9912435012009646     
   2.9874713745776211     
   2.9836707472280128     
   2.9798416696624286     
   2.9759841908573064     
   2.9720983582672895     
   2.9681842178367002     
   2.9642418140104470     
   2.9602711897443728     
   2.9562723865150669     
   2.9522454443291530     
   2.9481904017320586     
   2.9441072958162882     
   2.9399961622292032     
   2.9358570351803275     
   2.9316899474481799     
   2.9274949303866542     
   2.9232720139309434     
   2.9190212266030295     
   2.9147425955167350     
   2.9104361463823576     
   2.9061019035108826     
   2.9017398898177889     
   2.8973501268264452     
   2.8929326346711197     
   2.8884874320995881     
   2.8840145364753607     
   2.8795139637795271     
   2.8749857286122249     
   2.8704298441937373     
   2.8658463223652189     
   2.8612351735890611     
   2.8565964069488938     
   2.8519300301492310     
   2.8472360495147613     
   2.8425144699892813     
   2.8377652951342851     
   2.8329885271272004     
   2.8281841667592800     
   2.8233522134331457     
   2.8184926651599898     
   2.8136055185564302     
   2.8086907688410263     
   2.8037484098304497     
   2.7987784339353139     
   2.7937808321556594     
   2.7887555940760969     
   2.7837027078606065     
   2.7786221602469943     
   2.7735139365410024     
   2.7683780206100677     
   2.7632143948767394     
   2.7580230403117425     
   2.7528039364266870     
   2.7475570612664262     
   2.7422823914010563     
   2.7369799019175560     
   2.7316495664110634     
   2.7262913569757821     
   2.7209052441955257     
   2.7154911971338822     
   2.7100491833240041     
   2.7045791687580150     
   2.6990811178760281     
   2.6935549935547782     
   2.6880007570958502     
   2.6824183682135154     
   2.6768077850221483     
   2.6711689640232406     
   2.6655018600919895     
   2.6598064264634620     
   2.6540826147183258     
   2.6483303747681393     
   2.6425496548401934     
   2.6367404014619025     
   2.6309025594447224     
   2.6250360718676062     
   2.6191408800599758     
   2.6132169235841984     
   2.6072641402175711     
   2.6012824659337910     
   2.5952718348839046     
   2.5892321793767334     
   2.5831634298587467     
   2.5770655148933899     
   2.5709383611398464     
   2.5647818933312170     
   2.5585960342521119     
   2.5523807047156377     
   2.5461358235397644     
   2.5398613075230658     
   2.5335570714198039     
   2.5272230279143542     
   2.5208590875949541     
   2.5144651589267517     
   2.5080411482241427     
   2.5015869596223763     
   2.4951024950484144     
   2.4885876541910164     
   2.4820423344700382     
   2.4754664310049233     
   2.4688598365823613     
   2.4622224416230960     
   2.4555541341478548     
   2.4488547997423815     
   2.4421243215215442     
   2.4353625800924927     
   2.4285694535168436     
   2.4217448172718608     
   2.4148885442106036     
   2.4080005045210173     
   2.4010805656839302     
   2.3941285924299298     
   2.3871444466950873     
   2.3801279875754902     
   2.3730790712805536     
   2.3659975510850724     
   2.3588832772799759     
   2.3517360971217487     
   2.3445558547804772     
   2.3373423912864753     
   2.3300955444754545     
   2.3228151489321882     
   2.3155010359326234     
   2.3081530333843960     
   2.3007709657656954     
   2.2933546540624343     
   2.2859039157036611     
   2.2784185644951638     
   2.2708984105512116     
   2.2633432602243722     
   2.2557529160333378     
   2.2481271765887096     
   2.2404658365166576     
   2.2327686863804068     
   2.2250355125994590     
   2.2172660973664899     
   2.2094602185618433     
   2.2016176496655411     
   2.1937381596667240     
   2.1858215129704490     
   2.1778674693017419     
   2.1698757836068250     
   2.1618462059514205     
   2.1537784814160310     
   2.1456723499880934     
   2.1375275464509116     
   2.1293438002692429     
   2.1211208354714359     
   2.1128583705280053     
   2.1045561182265047     
   2.0962137855425911     
   2.0878310735071399     
   2.0794076770692733     
   2.0709432849551646     
   2.0624375795224772     
   2.0538902366102727     
   2.0453009253842480     
   2.0366693081771299     
   2.0279950403240536     
   2.0192777699927622     
   2.0105171380084377     
   2.0017127776729771     
   1.9928643145785203     
   1.9839713664150256     
   1.9750335427716861     
   1.9660504449319689     
   1.9570216656620509     
   1.9479467889924216     
   1.9388253899924073     
   1.9296570345373727     
   1.9204412790683341     
   1.9111776703437224     
   1.9018657451830143     
   1.8925050302019482     
   1.8830950415390211     
   1.8736352845729674     
   1.8641252536308937     
   1.8545644316867465     
   1.8449522900497655     
   1.8352882880425805     
   1.8255718726685788     
   1.8158024782681732     
   1.8059795261635825     
   1.7961024242917221     
   1.7861705668247967     
   1.7761833337781658     
   1.7661400906050444     
   1.7560401877775904     
   1.7458829603539139     
   1.7356677275305272     
   1.7253937921797520     
   1.7150604403715743     
   1.7046669408794364     
   1.6942125446694323     
   1.6836964843723756     
   1.6731179737381743     
   1.6624762070719619     
   1.6517703586514041     
   1.6409995821246055     
   1.6301630098880135     
   1.6192597524437387     
   1.6082888977356722     
   1.5972495104638058     
   1.5861406313761384     
   1.5749612765375687     
   1.5637104365751637     
   1.5523870758992171     
   1.5409901318995007     
   1.5295185141161509     
   1.5179711033846324     
   1.5063467509542605     
   1.4946442775797888     
   1.4828624725856141     
   1.4710000929021902     
   1.4590558620743082     
   1.4470284692409621     
   1.4349165680866069     
   1.4227187757636981     
   1.4104336717865193     
   1.3980597968964292     
   1.3855956518988028     
   1.3730396964721081     
   1.3603903479497581     
   1.3476459800755867     
   1.3348049217340583     
   1.3218654556566027     
   1.3088258171057878     
   1.2956841925394198     
   1.2824387182570705     
   1.2690874790320099     
   1.2556285067320574     
   1.2420597789334658     
   1.2283792175326418     
   1.2145846873612651     
   1.2006739948112495     
   1.1866448864769474     
   1.1724950478231093     
   1.1582221018883343     
   1.1438236080351307     
   1.1292970607592612     
   1.1146398885727791     
   1.0998494529771183     
   1.0849230475447722     
   1.0698578971305421     
   1.0546511572360631     
   1.0392999135543506     
   1.0238011817245276     
   1.0081519073306646     
  0.99234896618289592     
  0.97638916492367900     
  0.96026924200727881     
  0.94398586910637317     
  0.92753565300611218     
  0.91091513805309654     
  0.89412080923464643     
  0.87714909597245017     
  0.85999637672431972     
  0.84265898449838872     
  0.82513321339575674     
  0.80741532631040769     
  0.78950156392926218     
  0.77138815519061033     
  0.75307132937594989     
  0.73454733002857264     
  0.71581243091219848     
  0.69686295424467859     
  0.67769529146546381     
  0.65830592682135680     
  0.63869146408334432     
  0.61884865673848233     
  0.59877444203550623     
  0.57846597930205501     
  0.55792069299663616     
  0.53713632101203301     
  0.51611096881238738     
  0.49484317006927275     
  0.47333195457141847     
  0.45157692433190211     
  0.42957833902667963     
  0.40733721220198910     
  0.38485542013600604     
  0.36213582590918553     
  0.33918242224203571     
  0.31600049815653775     
  0.29259683669172759     
  0.26897995385106876     
  0.24516039226377676     
  0.22115108443820669     
  0.19696779209844928     
  0.17262958762515931     
  0.14815922160197034     
  0.12358295762134980     
   9.8929154005010622E-002
   7.4225132290880277E-002
   4.9493303257141248E-002
   2.4748810216620683E-002
   0.0000000000000000     
