   20.798014651401047     
   20.797281720366129     
   20.796172932450119     
   20.794779430165867     
   20.793146379917555     
   20.791302366340201     
   20.789267618426678     
   20.787057435241632     
   20.784683913661361     
   20.782156929598763     
   20.779484742967991     
   20.776674393987911     
   20.773731975230241     
   20.770662825464431     
   20.767471672049567     
   20.764162738216875     
   20.760739825653026     
   20.757206379251492     
   20.753565538699391     
   20.749820180154970     
   20.745972950337688     
   20.742026294720315     
   20.737982481074074     
   20.733843619307976     
   20.729611678320357     
   20.725288500417577     
   20.720875813733748     
   20.716375242994339     
   20.711788318897231     
   20.707116486331511     
   20.702361111612802     
   20.697523488881416     
   20.692604845783855     
   20.687606348537614     
   20.682529106462702     
   20.677374176049916     
   20.672142564624934     
   20.666835233658368     
   20.661453101764494     
   20.655997047425256     
   20.650467911470962     
   20.644866499344865     
   20.639193583175135     
   20.633449903674741     
   20.627636171887040     
   20.621753070792799     
   20.615801256792345     
   20.609781361074980     
   20.603693990886359     
   20.597539730703325     
   20.591319143324590     
   20.585032770884826     
   20.578681135798810     
   20.572264741641643     
   20.565784073970409     
   20.559239601092123     
   20.552631774782277     
   20.545961030957951     
   20.539227790309010     
   20.532432458890622     
   20.525575428679964     
   20.518657078099839     
   20.511677772511536     
   20.504637864679182     
   20.497537695207576     
   20.490377592955337     
   20.483157875425043     
   20.475878849131913     
   20.468540809952430     
   20.461144043454222     
   20.453688825208374     
   20.446175421085297     
   20.438604087535161     
   20.430975071853826     
   20.423288612435147     
   20.415544939010445     
   20.407744272875917     
   20.399886827108638     
   20.391972806771829     
   20.384002409109957     
   20.375975823734258     
   20.367893232799148     
   20.359754811170060     
   20.351560726583120     
   20.343311139797070     
   20.335006204737866     
   20.326646068636279     
   20.318230872158875     
   20.309760749532646     
   20.301235828663650     
   20.292656231249879     
   20.284022072888668     
   20.275333463178857     
   20.266590505817952     
   20.257793298694509     
   20.248941933975917     
   20.240036498191802     
   20.231077072313216     
   20.222063731827770     
   20.212996546810913     
   20.203875581993437     
   20.194700896825417     
   20.185472545536676     
   20.176190577193921     
   20.166855035754647     
   20.157465960117946     
   20.148023384172301     
   20.138527336840482     
   20.128977842121621     
   20.119374919130557     
   20.109718582134548     
   20.100008840587392     
   20.090245699161084     
   20.080429157775004     
   20.070559211622786     
   20.060635851196835     
   20.050659062310640     
   20.040628826118855     
   20.030545119135265     
   20.020407913248619     
   20.010217175736440     
   19.999972869276796     
   19.989674951958101     
   19.979323377286967     
   19.968918094194144     
   19.958459047038581     
   19.947946175609630     
   19.937379415127420     
   19.926758696241421     
   19.916083945027221     
   19.905355082981540     
   19.894572027015482     
   19.883734689446054     
   19.872842977985975     
   19.861896795731745     
   19.850896041150023     
   19.839840608062310     
   19.828730385627942     
   19.817565258325377     
   19.806345105931818     
   19.795069803501143     
   19.783739221340138     
   19.772353224983060     
   19.760911675164500     
   19.749414427790530     
   19.737861333908171     
   19.726252239673133     
   19.714586986315826     
   19.702865410105645     
   19.691087342313480     
   19.679252609172504     
   19.667361031837128     
   19.655412426340192     
   19.643406603548314     
   19.631343369115417     
   19.619222523434374     
   19.607043861586767     
   19.594807173290743     
   19.582512242846910     
   19.570158849082272     
   19.557746765292155     
   19.545275759180097     
   19.532745592795663     
   19.520156022470164     
   19.507506798750210     
   19.494797666329081     
   19.482028363975882     
   19.469198624462408     
   19.456308174487688     
   19.443356734600172     
   19.430344019117481     
   19.417269736043693     
   19.404133586984102     
   19.390935267057387     
   19.377674464805118     
   19.364350862098579     
   19.350964134042805     
   19.337513948877760     
   19.323999967876624     
   19.310421845241070     
   19.296779227993490     
   19.283071755866068     
   19.269299061186626     
   19.255460768761161     
   19.241556495752956     
   19.227585851558214     
   19.213548437678085     
   19.199443847586991     
   19.185271666597160     
   19.171031471719232     
   19.156722831518845     
   19.142345305969084     
   19.127898446298634     
   19.113381794835579     
   19.098794884846630     
   19.084137240371707     
   19.069408376053705     
   19.054607796963293     
   19.039734998418606     
   19.024789465799643     
   19.009770674357227     
   18.994678089016332     
   18.979511164173619     
   18.964269343488954     
   18.948952059670752     
   18.933558734254905     
   18.918088777377115     
   18.902541587538366     
   18.886916551363345     
   18.871213043351545     
   18.855430425620799     
   18.839568047643002     
   18.823625245971712     
   18.807601343961391     
   18.791495651477945     
   18.775307464600274     
   18.759036065312515     
   18.742680721186623     
   18.726240685054954     
   18.709715194672473     
   18.693103472368207     
   18.676404724685554     
   18.659618142011002     
   18.642742898190857     
   18.625778150135503     
   18.608723037410726     
   18.591576681815607     
   18.574338186946449     
   18.557006637746220     
   18.539581100038930     
   18.522060620048354     
   18.504444223900467     
   18.486730917108964     
   18.468919684043154     
   18.451009487377554     
   18.432999267522419     
   18.414887942034408     
   18.396674405006600     
   18.378357526436993     
   18.359936151574569     
   18.341409100242021     
   18.322775166134114     
   18.304033116090668     
   18.285181689343066     
   18.266219596733151     
   18.247145519903317     
   18.227958110456512     
   18.208655989084864     
   18.189237744665515     
   18.169701933322216     
   18.150047077451131     
   18.130271664709255     
   18.110374146963739     
   18.090352939200301     
   18.070206418388899     
   18.049932922304627     
   18.029530748301767     
   18.008998152038785     
   17.988333346151965     
   17.967534498875199     
   17.946599732603367     
   17.925527122396584     
   17.904314694422403     
   17.882960424332961     
   17.861462235573832     
   17.839817997621193     
   17.818025524143703     
   17.796082571085297     
   17.773986834664854     
   17.751735949288491     
   17.729327485369968     
   17.706758947054386     
   17.684027769840164     
   17.661131318093847     
   17.638066882452087     
   17.614831677104693     
   17.591422836952361     
   17.567837414632191     
   17.544072377403747     
   17.520124603887925     
   17.495990880650385     
   17.471667898620794     
   17.447152249338529     
   17.422440421014908     
   17.397528794401328     
   17.372413638451995     
   17.347091105769142     
   17.321557227817863     
   17.295807909896737     
   17.269838925849506     
   17.243645912502011     
   17.217224363807500     
   17.190569624682205     
   17.163676884511759     
   17.136541170307684     
   17.109157339491556     
   17.081520072282895     
   17.053623863664971     
   17.025463014900783     
   16.997031624569402     
   16.968323579090473     
   16.939332542702278     
   16.910051946855955     
   16.880474978985561     
   16.850594570610390     
   16.820403384722443     
   16.789893802408077     
   16.759057908648685     
   16.727887477240543     
   16.696373954769005     
   16.664508443566604     
   16.632281683578551     
   16.599684033052444     
   16.566705447961567     
   16.533335460063149     
   16.499563153483923     
   16.465377139715493     
   16.430765530891154     
   16.395715911203670     
   16.360215306310252     
   16.324250150556136     
   16.287806251831718     
   16.250868753860022     
   16.213422095690863     
   16.175449968155526     
   16.136935267010479     
   16.097860042470433     
   16.058205444799526     
   16.017951665594005     
   15.977077874350172     
   15.935562149866685     
   15.893381405980232     
   15.850511311076948     
   15.806926200758161     
   15.762598982966798     
   15.717501034798998     
   15.671602090132636     
   15.624870117098940     
   15.577271184303168     
   15.528769314563176     
   15.479326324777896     
   15.428901650358080     
   15.377452152445500     
   15.324931905909532     
   15.271291965836628     
   15.216480109912160     
   15.160440553728252     
   15.103113635626459     
   15.044435467189912     
   14.984337544923068     
   14.922746317982948     
   14.859582706035185     
   14.794761560378717     
   14.728191060386997     
   14.659772036017792     
   14.589397205606895     
   14.516950316333238     
   14.442305172561795     
   14.365324534660108     
   14.285858867749164     
   14.203744916071958     
   14.118804074096166     
   14.030840519926951     
   13.939639069860673     
   13.844962704669282     
   13.746549708100709     
   13.644110345647571     
   13.537322996284898     
   13.425829630858397     
   13.309230507166722     
   13.187077922317352     
   13.058868826119825     
   12.924036053193527     
   12.781937873723852     
   12.631845490485766     
   12.472928019416226     
   12.304234378792206     
   12.124671374099947     
   11.932977099147008     
   11.727688579396998     
   11.507102369591291     
   11.269226611165164     
   11.011722920205855     
   10.731836555018059     
   10.426313898642519     
   10.091307982995160     
   9.7222767574408895     
   9.3138873309707524     
   8.8599566456809296     
   8.3534918980565287     
   7.7869516243605679     
   7.1529336397494117     
   6.4455717343742407     
   5.6628261911235844     
   4.8092231381708075     
   3.8972782125849341     
   2.9452073345995173     
   1.9710763848740811     
  0.98743838454090693     
   0.0000000000000000     
