   46.962347763111111     
   46.961470657386819     
   46.960269096271936     
   46.958818987510618     
   46.957159452028264     
   46.955315447958199     
   46.953304685922639     
   46.951140575713843     
   46.948833726386660     
   46.946392802074136     
   46.943825050912061     
   46.941136652001127     
   46.938332953769887     
   46.935418643893058     
   46.932397874137983     
   46.929274354438732     
   46.926051425314490     
   46.922732114649961     
   46.919319182929748     
   46.915815159781019     
   46.912222373861141     
   46.908542977572118     
   46.904778967699528     
   46.900932202801279     
   46.897004417976291     
   46.892997237499813     
   46.888912185706126     
   46.884750696419118     
   46.880514121170933     
   46.876203736401756     
   46.871820749797578     
   46.867366305894187     
   46.862841491053217     
   46.858247337897595     
   46.853584829279896     
   46.848854901844689     
   46.844058449236826     
   46.839196324999541     
   46.834269345199907     
   46.829278290813591     
   46.824223909896475     
   46.819106919567055     
   46.813928007820216     
   46.808687835190156     
   46.803387036278274     
   46.798026221159773     
   46.792605976680875     
   46.787126867657314     
   46.781589437983527     
   46.775994211660844     
   46.770341693751995     
   46.764632371268519     
   46.758866713997037     
   46.753045175269484     
   46.747168192682153     
   46.741236188767644     
   46.735249571623669     
   46.729208735502063     
   46.723114061361031     
   46.716965917383661     
   46.710764659465035     
   46.704510631670352     
   46.698204166666208     
   46.691845586126874     
   46.685435201117350     
   46.678973312454929     
   46.672460211050456     
   46.665896178230952     
   46.659281486044534     
   46.652616397549131     
   46.645901167085654     
   46.639136040536819     
   46.632321255572492     
   46.625457041882328     
   46.618543621396469     
   46.611581208494947     
   46.604570010206686     
   46.597510226398349     
   46.590402049953873     
   46.583245666945061     
   46.576041256793822     
   46.568788992426413     
   46.561489040420128     
   46.554141561142877     
   46.546746708886012     
   46.539304631990596     
   46.531815472967708     
   46.524279368612788     
   46.516696450114480     
   46.509066843158259     
   46.501390668024904     
   46.493668039684209     
   46.485899067884148     
   46.478083857235504     
   46.470222507292455     
   46.462315112628993     
   46.454361762911581     
   46.446362542968004     
   46.438317532852722     
   46.430226807908753     
   46.422090438826316     
   46.413908491698265     
   46.405681028072465     
   46.397408105001205     
   46.389089775087797     
   46.380726086530395     
   46.372317083163146     
   46.363862804494765     
   46.355363285744637     
   46.346818557876418     
   46.338228647629400     
   46.329593577547428     
   46.320913366005762     
   46.312188027235592     
   46.303417571346550     
   46.294602004347141     
   46.285741328163120     
   46.276835540653920     
   46.267884635627119     
   46.258888602851059     
   46.249847428065486     
   46.240761092990532     
   46.231629575333777     
   46.222452848795562     
   46.213230883072576     
   46.203963643859737     
   46.194651092850286     
   46.185293187734359     
   46.175889882195690     
   46.166441125906864     
   46.156946864522766     
   46.147407039672522     
   46.137821588949762     
   46.128190445901289     
   46.118513540014149     
   46.108790796701115     
   46.099022137284535     
   46.089207478978615     
   46.079346734870128     
   46.069439813897475     
   46.059486620828139     
   46.049487056234597     
   46.039441016468587     
   46.029348393633654     
   46.019209075556255     
   46.009022945755085     
   45.998789883408719     
   45.988509763321680     
   45.978182455888764     
   45.967807827057662     
   45.957385738289851     
   45.946916046519753     
   45.936398604112149     
   45.925833258817683     
   45.915219853726690     
   45.904558227221109     
   45.893848212924489     
   45.883089639650180     
   45.872282331347449     
   45.861426107045787     
   45.850520780797055     
   45.839566161615657     
   45.828562053416633     
   45.817508254951605     
   45.806404559742532     
   45.795250756013253     
   45.784046626618789     
   45.772791948972277     
   45.761486494969631     
   45.750130030911642     
   45.738722317423729     
   45.727263109373062     
   45.715752155783122     
   45.704189199745599     
   45.692573978329534     
   45.680906222487700     
   45.669185656960025     
   45.657412000174141     
   45.645584964142913     
   45.633704254358804     
   45.621769569685128     
   45.609780602243852     
   45.597737037300234     
   45.585638553143887     
   45.573484820966257     
   45.561275504734425     
   45.549010261061241     
   45.536688739071415     
   45.524310580263744     
   45.511875418369122     
   45.499382879204298     
   45.486832580521344     
   45.474224131852537     
   45.461557134350613     
   45.448831180624197     
   45.436045854568313     
   45.423200731189809     
   45.410295376427406     
   45.397329346966494     
   45.384302190048096     
   45.371213443272183     
   45.358062634394955     
   45.344849281119913     
   45.331572890882583     
   45.318232960628578     
   45.304828976584794     
   45.291360414023657     
   45.277826737019929     
   45.264227398200028     
   45.250561838483470     
   45.236829486816291     
   45.223029759895987     
   45.209162061887774     
   45.195225784131914     
   45.181220304841709     
   45.167144988791797     
   45.152999186996482     
   45.138782236377665     
   45.124493459422034     
   45.110132163827089     
   45.095697642135605     
   45.081189171358091     
   45.066606012582795     
   45.051947410572758     
   45.037212593349473     
   45.022400771762562     
   45.007511139045022     
   44.992542870353340     
   44.977495122292119     
   44.962367032422279     
   44.947157718752521     
   44.931866279213004     
   44.916491791111014     
   44.901033310567421     
   44.885489871933395     
   44.869860487186529     
   44.854144145305469     
   44.838339811622291     
   44.822446427151490     
   44.806462907894783     
   44.790388144120598     
   44.774220999617235     
   44.757960310918477     
   44.741604886500632     
   44.725153505949514     
   44.708604919096295     
   44.691957845120740     
   44.675210971620380     
   44.658362953644080     
   44.641412412688453     
   44.624357935655482     
   44.607198073769439     
   44.589931341451368     
   44.572556215149085     
   44.555071132120688     
   44.537474489169348     
   44.519764641327136     
   44.501939900485347     
   44.483998533968979     
   44.465938763052378     
   44.447758761413446     
   44.429456653523246     
   44.411030512967912     
   44.392478360699435     
   44.373798163211788     
   44.354987830638549     
   44.336045214768255     
   44.316968106972965     
   44.297754236045719     
   44.278401265942151     
   44.258906793421176     
   44.239268345579376     
   44.219483377273534     
   44.199549268425194     
   44.179463321200856     
   44.159222757060995     
   44.138824713670751     
   44.118266241664529     
   44.097544301256249     
   44.076655758686691     
   44.055597382498419     
   44.034365839628506     
   44.012957691308451     
   43.991369388759836     
   43.969597268673994     
   43.947637548462232     
   43.925486321263506     
   43.903139550694036     
   43.880593065323680     
   43.857842552861690     
   43.834883554033887     
   43.811711456131761     
   43.788321486212482     
   43.764708703927411     
   43.740867993954971     
   43.716794058011814     
   43.692481406414387     
   43.667924349160707     
   43.643116986499919     
   43.618053198954520     
   43.592726636757369     
   43.567130708662845     
   43.541258570087543     
   43.515103110533033     
   43.488656940238556     
   43.461912376007675     
   43.434861426147769     
   43.407495774456258     
   43.379806763181506     
   43.351785374880123     
   43.323422213085479     
   43.294707481694331     
   43.265630962970206     
   43.236181994052821     
   43.206349441852282     
   43.176121676195663     
   43.145486541080480     
   43.114431323875912     
   43.082942722296707     
   43.051006808957304     
   43.018608993294528     
   42.985733980625263     
   42.952365728081773     
   42.918487397139764     
   42.884081302424597     
   42.849128856446541     
   42.813610509878210     
   42.777505686944082     
   42.740792715443604     
   42.703448750874806     
   42.665449694063241     
   42.626770101631045     
   42.587383088561324     
   42.547260222022246     
   42.506371405512290     
   42.464684752269925     
   42.422166446756066     
   42.378780592863045     
   42.334489047325874     
   42.289251236606582     
   42.243023955285985     
   42.195761143723196     
   42.147413642425590     
   42.097928920201966     
   42.047250772740703     
   41.995318987749748     
   41.942068972203813     
   41.887431336547351     
   41.831331429879988     
   41.773688819177536     
   41.714416704445057     
   41.653421260319313     
   41.590600892988000     
   41.525845399310569     
   41.459035012635475     
   41.390039316914070     
   41.318716007191640     
   41.244909470256438     
   41.168449153950718     
   41.089147687139302     
   41.006798704263183     
   40.921174318348719     
   40.832022173737393     
   40.739061993904599     
   40.641981519564595     
   40.540431706493159     
   40.434021019357729     
   40.322308614900734     
   40.204796151743430     
   40.080917890242382     
   39.950028647769031     
   39.811389043339197     
   39.664147287603214     
   39.507316530879841     
   39.339746445456306     
   39.160087247683720     
   38.966743698743805     
   38.757815666362589     
   38.531020438080112     
   38.283589922673457     
   38.012132798983139     
   37.712446989644121     
   37.379260604888579     
   37.005868165647698     
   36.583610924506075     
   36.101121323376482     
   35.543205653619829     
   34.889167098280303     
   34.110266375665297     
   33.165893504569944     
   31.997993810036622     
   30.523808546885117     
   28.629455252544599     
   26.174171816715155     
   23.027227486304273     
   19.153002587381454     
   14.686341466383645     
   9.8792629403843488     
   4.9495597150143071     
   0.0000000000000000     
