   17.685911321376828     
   17.685188697652173     
   17.684090443805786     
   17.682700387610286     
   17.681063014844302     
   17.679207088132976     
   17.677153179495178     
   17.674916947695561     
   17.672510828376353     
   17.669945006943099     
   17.667228023819856     
   17.664367173507962     
   17.661368779853888     
   17.658238392927416     
   17.654980934077344     
   17.651600805490151     
   17.648101974698438     
   17.644488040956780     
   17.640762288201469     
   17.636927727892399     
   17.632987134095146     
   17.628943072522461     
   17.624797924810334     
   17.620553908989532     
   17.616213096886653     
   17.611777429022766     
   17.607248727454170     
   17.602628706907009     
   17.597918984486590     
   17.593121088187736     
   17.588236464390075     
   17.583266484488735     
   17.578212450784669     
   17.573075601737408     
   17.567857116666442     
   17.562558119973282     
   17.557179684945289     
   17.551722837192948     
   17.546188557764772     
   17.540577785977565     
   17.534891421994626     
   17.529130329179903     
   17.523295336252541     
   17.517387239262852     
   17.511406803408377     
   17.505354764706119     
   17.499231831535244     
   17.493038686062725     
   17.486775985563156     
   17.480444363642395     
   17.474044431373912     
   17.467576778355539     
   17.461041973693597     
   17.454440566920614     
   17.447773088852212     
   17.441040052388171     
   17.434241953262184     
   17.427379270744385     
   17.420452468300287     
   17.413461994209570     
   17.406408282147623     
   17.399291751732680     
   17.392112809040970     
   17.384871847092295     
   17.377569246307960     
   17.370205374943097     
   17.362780589495031     
   17.355295235089361     
   17.347749645845191     
   17.340144145220840     
   17.332479046341327     
   17.324754652308766     
   17.316971256496693     
   17.309129142829306     
   17.301228586046580     
   17.293269851956033     
   17.285253197671963     
   17.277178871842807     
   17.269047114867373     
   17.260858159100529     
   17.252612229048882     
   17.244309541557090     
   17.235950305985199     
   17.227534724377517     
   17.219062991623492     
   17.210535295610949     
   17.201951817372091     
   17.193312731222615     
   17.184618204894285     
   17.175868399661269     
   17.167063470460505     
   17.158203566006431     
   17.149288828900279     
   17.140319395734185     
   17.131295397190378     
   17.122216958135606     
   17.113084197711068     
   17.103897229417953     
   17.094656161198838     
   17.085361095515079     
   17.076012129420349     
   17.066609354630497     
   17.057152857589831     
   17.047642719533972     
   17.038079016549410     
   17.028461819629893     
   17.018791194729694     
   17.009067202813938     
   16.999289899906064     
   16.989459337132431     
   16.979575560764335     
   16.969638612257310     
   16.959648528287939     
   16.949605340788203     
   16.939509076977391     
   16.929359759391712     
   16.919157405911630     
   16.908902029786962     
   16.898593639659808     
   16.888232239585392     
   16.877817829050819     
   16.867350402991800     
   16.856829951807402     
   16.846256461372853     
   16.835629913050436     
   16.824950283698492     
   16.814217545678602     
   16.803431666860938     
   16.792592610627796     
   16.781700335875399     
   16.770754797013915     
   16.759755943965803     
   16.748703722162379     
   16.737598072538734     
   16.726438931526957     
   16.715226231047687     
   16.703959898500017     
   16.692639856749718     
   16.681266024115871     
   16.669838314355808     
   16.658356636648463     
   16.646820895576056     
   16.635230991104169     
   16.623586818560174     
   16.611888268610045     
   16.600135227233494     
   16.588327575697512     
   16.576465190528218     
   16.564547943481060     
   16.552575701509348     
   16.540548326731102     
   16.528465676394198     
   16.516327602839823     
   16.504133953464173     
   16.491884570678426     
   16.479579291866969     
   16.467217949343809     
   16.454800370307169     
   16.442326376792298     
   16.429795785622396     
   16.417208408357656     
   16.404564051242414     
   16.391862515150315     
   16.379103595527564     
   16.366287082334107     
   16.353412759982824     
   16.340480407276583     
   16.327489797343226     
   16.314440697568369     
   16.301332869525996     
   16.288166068906790     
   16.274940045444179     
   16.261654542838045     
   16.248309298676006     
   16.234904044352266     
   16.221438504983944     
   16.207912399324826     
   16.194325439676494     
   16.180677331796762     
   16.166967774805343     
   16.153196461086694     
   16.139363076189941     
   16.125467298725841     
   16.111508800260655     
   16.097487245206946     
   16.083402290711074     
   16.069253586537435     
   16.055040774949280     
   16.040763490585999     
   16.026421360336876     
   16.012014003211085     
   15.997541030203879     
   15.983002044158876     
   15.968396639626317     
   15.953724402717127     
   15.938984910952716     
   15.924177733110360     
   15.909302429064024     
   15.894358549620486     
   15.879345636350649     
   15.864263221415808     
   15.849110827388806     
   15.833887967069852     
   15.818594143296854     
   15.803228848750054     
   15.787791565750835     
   15.772281766054450     
   15.756698910636503     
   15.741042449472960     
   15.725311821313470     
   15.709506453447752     
   15.693625761464849     
   15.677669149004965     
   15.661636007503629     
   15.645525715927935     
   15.629337640504534     
   15.613071134439164     
   15.596725537627314     
   15.580300176355784     
   15.563794362994740     
   15.547207395679985     
   15.530538557985013     
   15.513787118582526     
   15.496952330894983     
   15.480033432733775     
   15.463029645926609     
   15.445940175932618     
   15.428764211444760     
   15.411500923979006     
   15.394149467449772     
   15.376708977731107     
   15.359178572203016     
   15.341557349282393     
   15.323844387937880     
   15.306038747188081     
   15.288139465582370     
   15.270145560663668     
   15.252056028412387     
   15.233869842670806     
   15.215585954547041     
   15.197203291797761     
   15.178720758188758     
   15.160137232832454     
   15.141451569501317     
   15.122662595916196     
   15.103769113008456     
   15.084769894154816     
   15.065663684383663     
   15.046449199551599     
   15.027125125488887     
   15.007690117112446     
   14.988142797504901     
   14.968481756958161     
   14.948705551979932     
   14.928812704261423     
   14.908801699604522     
   14.888670986806503     
   14.868418976500289     
   14.848044039948199     
   14.827544507786959     
   14.806918668721654     
   14.786164768166174     
   14.765281006827543     
   14.744265539231419     
   14.723116472185863     
   14.701831863180338     
   14.680409718716689     
   14.658847992568703     
   14.637144583966663     
   14.615297335703028     
   14.593304032155235     
   14.571162397221308     
   14.548870092163773     
   14.526424713357017     
   14.503823789933017     
   14.481064781320047     
   14.458145074668520     
   14.435061982157988     
   14.411812738178700     
   14.388394496380881     
   14.364804326584375     
   14.341039211540862     
   14.317096043540291     
   14.292971620852745     
   14.268662643996253     
   14.244165711820498     
   14.219477317395695     
   14.194593843695191     
   14.169511559059519     
   14.144226612428842     
   14.118735028329821     
   14.093032701601931     
   14.067115391847180     
   14.040978717586128     
   14.014618150101770     
   13.988029006951558     
   13.961206445126448     
   13.934145453834132     
   13.906840846882112     
   13.879287254634296     
   13.851479115512848     
   13.823410667014835     
   13.795075936210834     
   13.766468729690155     
   13.737582622914406     
   13.708410948938205     
   13.678946786452380     
   13.649182947101449     
   13.619111962023103     
   13.588726067553111     
   13.558017190034253     
   13.526976929662602     
   13.495596543298836     
   13.463866926165792     
   13.431778592346642     
   13.399321653990347     
   13.366485799122634     
   13.333260267951417     
   13.299633827545314     
   13.265594744752578     
   13.231130757215109     
   13.196229042318343     
   13.160876183902342     
   13.125058136542123     
   13.088760187186358     
   13.051966913922042     
   13.014662141609234     
   12.976828894103292     
   12.938449342752502     
   12.899504750825763     
   12.859975413487813     
   12.819840592897743     
   12.779078447959467     
   12.737665958200017     
   12.695578841191734     
   12.652791462867118     
   12.609276739998595     
   12.565006034029095     
   12.519949035340941     
   12.474073636938899     
   12.427345796395684     
   12.379729384762909     
   12.331186020983965     
   12.281674890154706     
   12.231152543758663     
   12.179572679751638     
   12.126885900079699     
   12.073039442878871     
   12.017976886215683     
   11.961637819776195     
   11.903957480385834     
   11.844866346629560     
   11.784289687125890     
   11.722147056168970     
   11.658351729467176     
   11.592810071545607     
   11.525420825009197     
   11.456074310240359     
   11.384651522179128     
   11.311023108541852     
   11.235048211099658     
   11.156573148366421     
   11.075429914121964     
   10.991434461477704     
   10.904384736504699     
   10.814058418572952     
   10.720210316233191     
   10.622569357385506     
   10.520835100231356     
   10.414673676622790     
   10.303713061340778     
   10.187537538893512     
   10.065681212880051     
   9.9376203710188165     
   9.8027644808366698     
   9.6604455462191989     
   9.5099055035939895     
   9.3502812798018766     
   9.1805870756341204     
   8.9996933884607344     
   8.8063022625103606     
   8.5989182914602704     
   8.3758150615733520     
   8.1349971377833139     
   7.8741585845601572     
   7.5906407825118052     
   7.2813956647867686     
   6.9429666755734720     
   6.5715107041643259     
   6.1629026802314577     
   5.7129926976036067     
   5.2181198181216333     
   4.6760004418818033     
   4.0870163523625580     
   3.4555655733248996     
   2.7904842682100393     
   2.1033576020214384     
   1.4050564473643730     
  0.70286681699531450     
   0.0000000000000000     
