   15.573238030119711     
   15.572709583609166     
   15.571834723554321     
   15.570679707361400     
   15.569282613757474     
   15.567669087138370     
   15.565857944144385     
   15.563863764018997     
   15.561698278261138     
   15.559371193646882     
   15.556890715491084     
   15.554263898636675     
   15.551496892987929     
   15.548595121188884     
   15.545563410838842     
   15.542406095209078     
   15.539127091510325     
   15.535729962769491     
   15.532217967486247     
   15.528594100011006     
   15.524861123763358     
   15.521021598846469     
   15.517077905218448     
   15.513032262300413     
   15.508886745696774     
   15.504643301552941     
   15.500303758963353     
   15.495869840757713     
   15.491343172928254     
   15.486725292910682     
   15.482017656891886     
   15.477221646286793     
   15.472338573501940     
   15.467369687083572     
   15.462316176332230     
   15.457179175452797     
   15.451959767298300     
   15.446658986757146     
   15.441277823826185     
   15.435817226405931     
   15.430278102849380     
   15.424661324291508     
   15.418967726782986     
   15.413198113248717     
   15.407353255289060     
   15.401433894839553     
   15.395440745702954     
   15.389374494965844     
   15.383235804310626     
   15.377025311232490     
   15.370743630169930     
   15.364391353556380     
   15.357969052799831     
   15.351477279196471     
   15.344916564783869     
   15.338287423138617     
   15.331590350122861     
   15.324825824583741     
   15.317994309009361     
   15.311096250144592     
   15.304132079569682     
   15.297102214244390     
   15.290007057020118     
   15.282846997122320     
   15.275622410605214     
   15.268333660780703     
   15.260981098623226     
   15.253565063152166     
   15.246085881793189     
   15.238543870719939     
   15.230939335177275     
   15.223272569787197     
   15.215543858838505     
   15.207753476561193     
   15.199901687386433     
   15.191988746193003     
   15.184014898540937     
   15.175980380893066     
   15.167885420825193     
   15.159730237225419     
   15.151515040483289     
   15.143240032669224     
   15.134905407704762     
   15.126511351524075     
   15.118058042227172     
   15.109545650225231     
   15.100974338378380     
   15.092344262126341     
   15.083655569612205     
   15.074908401799709     
   15.066102892584237     
   15.057239168897869     
   15.048317350808711     
   15.039337551614732     
   15.030299877932338     
   15.021204429779896     
   15.012051300656410     
   15.002840577615506     
   14.993572341334923     
   14.984246666181663     
   14.974863620272933     
   14.965423265533076     
   14.955925657746544     
   14.946370846607117     
   14.936758875763422     
   14.927089782860898     
   14.917363599580304     
   14.907580351672848     
   14.897740058992078     
   14.887842735522542     
   14.877888389405355     
   14.867877022960723     
   14.857808632707522     
   14.847683209379936     
   14.837500737941271     
   14.827261197594975     
   14.816964561792913     
   14.806610798240955     
   14.796199868901914     
   14.785731729995868     
   14.775206331997920     
   14.764623619633397     
   14.753983531870549     
   14.743286001910754     
   14.732530957176296     
   14.721718319295642     
   14.710848004086339     
   14.699919921535491     
   14.688933975777839     
   14.677890065071443     
   14.666788081771005     
   14.655627912298801     
   14.644409437113248     
   14.633132530675100     
   14.621797061411270     
   14.610402891676253     
   14.598949877711199     
   14.587437869600565     
   14.575866711226366     
   14.564236240220019     
   14.552546287911730     
   14.540796679277443     
   14.528987232883313     
   14.517117760827691     
   14.505188068680569     
   14.493197955420507     
   14.481147213368958     
   14.469035628122018     
   14.456862978479505     
   14.444629036371394     
   14.432333566781525     
   14.419976327668557     
   14.407557069884151     
   14.395075537088287     
   14.382531465661719     
   14.369924584615493     
   14.357254615497471     
   14.344521272295829     
   14.331724261339451     
   14.318863281195167     
   14.305938022561786     
   14.292948168160830     
   14.279893392623944     
   14.266773362376854     
   14.253587735519860     
   14.240336161704745     
   14.227018282008052     
   14.213633728800604     
   14.200182125613226     
   14.186663086998562     
   14.173076218388866     
   14.159421115949742     
   14.145697366429651     
   14.131904547005135     
   14.118042225121622     
   14.104109958329722     
   14.090107294116876     
   14.076033769734279     
   14.061888912018860     
   14.047672237210319     
   14.033383250762975     
   14.019021447152340     
   14.004586309676260     
   13.990077310250470     
   13.975493909198443     
   13.960835555035299     
   13.946101684245672     
   13.931291721055340     
   13.916405077196410     
   13.901441151665946     
   13.886399330477733     
   13.871278986407104     
   13.856079478728494     
   13.840800152945631     
   13.825440340514030     
   13.809999358555615     
   13.794476509565234     
   13.778871081108770     
   13.763182345512634     
   13.747409559544352     
   13.731551964083943     
   13.715608783785850     
   13.699579226731064     
   13.683462484069166     
   13.667257729649943     
   13.650964119644250     
   13.634580792153736     
   13.618106866809129     
   13.601541444356625     
   13.584883606232054     
   13.568132414122351     
   13.551286909513962     
   13.534346113227691     
   13.517309024939571     
   13.500174622687227     
   13.482941862361287     
   13.465609677181277     
   13.448176977155475     
   13.430642648524165     
   13.413005553185695     
   13.395264528104724     
   13.377418384702050     
   13.359465908225307     
   13.341405857099867     
   13.323236962259255     
   13.304957926454268     
   13.286567423540053     
   13.268064097740311     
   13.249446562887796     
   13.230713401640187     
   13.211863164670451     
   13.192894369830674     
   13.173805501288406     
   13.154595008634411     
   13.135261305960773     
   13.115802770908163     
   13.096217743681093     
   13.076504526029886     
   13.056661380198046     
   13.036686527833663     
   13.016578148863413     
   12.996334380327655     
   12.975953315175030     
   12.955433001014946     
   12.934771438826214     
   12.913966581619993     
   12.893016333055240     
   12.871918546004574     
   12.850671021068582     
   12.829271505036314     
   12.807717689289715     
   12.786007208149629     
   12.764137637160786     
   12.742106491313246     
   12.719911223197400     
   12.697549221089769     
   12.675017806966427     
   12.652314234440922     
   12.629435686623289     
   12.606379273896627     
   12.583142031607510     
   12.559720917666324     
   12.536112810053410     
   12.512314504226667     
   12.488322710426058     
   12.464134050870209     
   12.439745056840026     
   12.415152165644018     
   12.390351717459660     
   12.365339952044906     
   12.340113005313562     
   12.314666905767929     
   12.288997570781742     
   12.263100802726040     
   12.236972284930216     
   12.210607577470002     
   12.184002112773729     
   12.157151191037684     
   12.130049975440850     
   12.102693487148739     
   12.075076600095498     
   12.047194035532726     
   12.019040356332821     
   11.990609961033972     
   11.961897077613056     
   11.932895756971961     
   11.903599866121901     
   11.874003081049427     
   11.844098879246715     
   11.813880531887785     
   11.783341095631036     
   11.752473404027327     
   11.721270058511472     
   11.689723418953644     
   11.657825593745679     
   11.625568429395631     
   11.592943499602290     
   11.559942093779377     
   11.526555204997313     
   11.492773517308239     
   11.458587392417707     
   11.423986855664053     
   11.388961581263796     
   11.353500876778652     
   11.317593666756634     
   11.281228475496663     
   11.244393408882351     
   11.207076135227164     
   11.169263865068945     
   11.130943329847586     
   11.092100759394897     
   11.052721858160826     
   11.012791780094737     
   10.972295102094771     
   10.931215795931998     
   10.889537198549545     
   10.847241980629635     
   10.804312113313781     
   10.760728832953202     
   10.716472603757532     
   10.671523078200497     
   10.625859055030986     
   10.579458434726995     
   10.532298172218253     
   10.484354226690852     
   10.435601508273795     
   10.386013821393211     
   10.335563804564888     
   10.284222866379597     
   10.231961117418912     
   10.178747297821140     
   10.124548700198394     
   10.069331087586120     
   10.013058606086140     
   9.9556936918433774     
   9.8971969719751129     
   9.8375271590502837     
   9.7766409386952215     
   9.7144928498818892     
   9.6510351574357962     
   9.5862177162841373     
   9.5199878269514642     
   9.4522900818016993     
   9.3830662015234072     
   9.3122548613620992     
   9.2397915066219163     
   9.1656081569929579     
   9.0896331993142034     
   9.0117911684612704     
   8.9320025161603098     
   8.8501833676831083     
   8.7662452665851287     
   8.6800949079219656     
   8.5916338607377245     
   8.5007582810830904     
   8.4073586174181170     
   8.3113193110185151     
   8.2125184949754644     
   8.1108276966083181     
   8.0061115496590318     
   7.8982275245814755     
   7.7870256876689199     
   7.6723485027866785     
   7.5540306932207324     
   7.4318991857631280     
   7.3057731647934636     
   7.1754642709561223     
   7.0407769872457653     
   6.9015092650424679     
   6.7574534539569964     
   6.6083976121917338     
   6.4541272881815743     
   6.2944278788255952     
   6.1290876832716696     
   5.9579017815927910     
   5.7806768709752596     
   5.5972371824350269     
   5.4074315703146345     
   5.2111418038578137     
   5.0082919816630564     
   4.7988588220546520     
   4.5828823458327559     
   4.3604761654077011     
   4.1318362536469646     
   3.8972467528113239     
   3.6570812100673047     
   3.4117977350376103     
   3.1619270960852282     
   2.9080537403279658     
   2.6507909976885551     
   2.3907529810809662     
   2.1285265049308149     
   1.8646464042625503     
   1.5995769217905547     
   1.3337006204873314     
   1.0673150059607126     
  0.80063607774938961     
  0.53380754616538106     
  0.26691442557790873     
   0.0000000000000000     
