   17.938818520389720     
   17.938145657288469     
   17.937166940247366     
   17.935953930067850     
   17.934543560793440     
   17.932959394911233     
   17.931218149364515     
   17.929332479079772     
   17.927312394273191     
   17.925166068989416     
   17.922900340734635     
   17.920521038167376     
   17.918033206182081     
   17.915441266333652     
   17.912749134689427     
   17.909960310619454     
   17.907077945137985     
   17.904104894480533     
   17.901043762781168     
   17.897896936545841     
   17.894666612844649     
   17.891354822622350     
   17.887963450163053     
   17.884494249488530     
   17.880948858284643     
   17.877328809815307     
   17.873635543183219     
   17.869870412221051     
   17.866034693239552     
   17.862129591814877     
   17.858156248762981     
   17.854115745422160     
   17.850009108343407     
   17.845837313471257     
   17.841601289884078     
   17.837301923151710     
   17.832940058359327     
   17.828516502838916     
   17.824032028643703     
   17.819487374795749     
   17.814883249332695     
   17.810220331176168     
   17.805499271841157     
   17.800720697003399     
   17.795885207939449     
   17.790993382852420     
   17.786045778094667     
   17.781042929297556     
   17.775985352416953     
   17.770873544702503     
   17.765707985597402     
   17.760489137575085     
   17.755217446918216     
   17.749893344444949     
   17.744517246186959     
   17.739089554023138     
   17.733610656272631     
   17.728080928250389     
   17.722500732788188     
   17.716870420723779     
   17.711190331360541     
   17.705460792899832     
   17.699682122848063     
   17.693854628400253     
   17.687978606801735     
   17.682054345689583     
   17.676082123415032     
   17.670062209348274     
   17.663994864166710     
   17.657880340127814     
   17.651718881327504     
   17.645510723944998     
   17.639256096474977     
   17.632955219947789     
   17.626608308138493     
   17.620215567765296     
   17.613777198678118     
   17.607293394037757     
   17.600764340486236     
   17.594190218308782     
   17.587571201587959     
   17.580907458350335     
   17.574199150706050     
   17.567446434981719     
   17.560649461846992     
   17.553808376435061     
   17.546923318457466     
   17.539994422313448     
   17.533021817194108     
   17.526005627181657     
   17.518945971343950     
   17.511842963824510     
   17.504696713928308     
   17.497507326203422     
   17.490274900518806     
   17.482999532138283     
   17.475681311790961     
   17.468320325738233     
   17.460916655837444     
   17.453470379602415     
   17.445981570260908     
   17.438450296809172     
   17.430876624063661     
   17.423260612710049     
   17.415602319349638     
   17.407901796543204     
   17.400159092852441     
   17.392374252879030     
   17.384547317301436     
   17.376678322909498     
   17.368767302636851     
   17.360814285591331     
   17.352819297083300     
   17.344782358652065     
   17.336703488090350     
   17.328582699466939     
   17.320420003147518     
   17.312215405813721     
   17.303968910480496     
   17.295680516511748     
   17.287350219634376     
   17.278978011950667     
   17.270563881949112     
   17.262107814513712     
   17.253609790931705     
   17.245069788899830     
   17.236487782529110     
   17.227863742348191     
   17.219197635305232     
   17.210489424768380     
   17.201739070524898     
   17.192946528778830     
   17.184111752147359     
   17.175234689655795     
   17.166315286731205     
   17.157353485194712     
   17.148349223252456     
   17.139302435485249     
   17.130213052836918     
   17.121081002601290     
   17.111906208407913     
   17.102688590206416     
   17.093428064249618     
   17.084124543075262     
   17.074777935486452     
   17.065388146530800     
   17.055955077478210     
   17.046478625797349     
   17.036958685130767     
   17.027395145268645     
   17.017787892121248     
   17.008136807689962     
   16.998441770036916     
   16.988702653253291     
   16.978919327426148     
   16.969091658603844     
   16.959219508760032     
   16.949302735756145     
   16.939341193302461     
   16.929334730917574     
   16.919283193886422     
   16.909186423216710     
   16.899044255593797     
   16.888856523333903     
   16.878623054335769     
   16.868343672030608     
   16.858018195330370     
   16.847646438574277     
   16.837228211473590     
   16.826763319054596     
   16.816251561599742     
   16.805692734586920     
   16.795086628626787     
   16.784433029398187     
   16.773731717581516     
   16.762982468790071     
   16.752185053499279     
   16.741339236973790     
   16.730444779192361     
   16.719501434770454     
   16.708508952880571     
   16.697467077170170     
   16.686375545677169     
   16.675234090742922     
   16.664042438922621     
   16.652800310893117     
   16.641507421357918     
   16.630163478949513     
   16.618768186128737     
   16.607321239081219     
   16.595822327610815     
   16.584271135029869     
   16.572667338046291     
   16.561010606647269     
   16.549300603979656     
   16.537536986226730     
   16.525719402481403     
   16.513847494615661     
   16.501920897146139     
   16.489939237095712     
   16.477902133851003     
   16.465809199015638     
   16.453660036259109     
   16.441454241161132     
   16.429191401051334     
   16.416871094844112     
   16.404492892868504     
   16.392056356692894     
   16.379561038944409     
   16.367006483122786     
   16.354392223408549     
   16.341717784465256     
   16.328982681235672     
   16.316186418731583     
   16.303328491817108     
   16.290408384985177     
   16.277425572127008     
   16.264379516294316     
   16.251269669453936     
   16.238095472234647     
   16.224856353665881     
   16.211551730908006     
   16.198181008973883     
   16.184743580441356     
   16.171238825156355     
   16.157666109926190     
   16.144024788202746     
   16.130314199755123     
   16.116533670331339     
   16.102682511308664     
   16.088760019332113     
   16.074765475940641     
   16.060698147180585     
   16.046557283205768     
   16.032342117863802     
   16.018051868267957     
   16.003685734354036     
   15.989242898421647     
   15.974722524659228     
   15.960123758652077     
   15.945445726872785     
   15.930687536153210     
   15.915848273137305     
   15.900927003713861     
   15.885922772428474     
   15.870834601873613     
   15.855661492056004     
   15.840402419740256     
   15.825056337767673     
   15.809622174349172     
   15.794098832331105     
   15.778485188432795     
   15.762780092454465     
   15.746982366454239     
   15.731090803892736     
   15.715104168743773     
   15.699021194569630     
   15.682840583559107     
   15.666561005526718     
   15.650181096871078     
   15.633699459490527     
   15.617114659653986     
   15.600425226824781     
   15.583629652435116     
   15.566726388608837     
   15.549713846829771     
   15.532590396553019     
   15.515354363756261     
   15.498004029427980     
   15.480537627989431     
   15.462953345646852     
   15.445249318670307     
   15.427423631595262     
   15.409474315342861     
   15.391399345254476     
   15.373196639035971     
   15.354864054606724     
   15.336399387848203     
   15.317800370246600     
   15.299064666423517     
   15.280189871548536     
   15.261173508626895     
   15.242013025655178     
   15.222705792637424     
   15.203249098453522     
   15.183640147571275     
   15.163876056592835     
   15.143953850625714     
   15.123870459467728     
   15.103622713594666     
   15.083207339938523     
   15.062620957443411     
   15.041860072385216     
   15.020921073440197     
   14.999800226486483     
   14.978493669121372     
   14.956997404875993     
   14.935307297107535     
   14.913419062547714     
   14.891328264484525     
   14.869030305552595     
   14.846520420105378     
   14.823793666140514     
   14.800844916747181     
   14.777668851041925     
   14.754259944556555     
   14.730612459038802     
   14.706720431623111     
   14.682577663325311     
   14.658177706811014     
   14.633513853383228     
   14.608579119129908     
   14.583366230166920     
   14.557867606906200     
   14.532075347272414     
   14.505981208784542     
   14.479576589410945     
   14.452852507097981     
   14.425799577862744     
   14.398407992329917     
   14.370667490581129     
   14.342567335172218     
   14.314096282159301     
   14.285242549958523     
   14.255993785846389     
   14.226337029887512     
   14.196258676054157     
   14.165744430276801     
   14.134779265136746     
   14.103347370880030     
   14.071432102396159     
   14.039015921765007     
   14.006080335929591     
   13.972605829001077     
   13.938571788644008     
   13.903956425923509     
   13.868736687920919     
   13.832888162338442     
   13.796384973215437     
   13.759199666766740     
   13.721303086224900     
   13.682664234420466     
   13.643250122664373     
   13.603025604300093     
   13.561953191066253     
   13.519992850146977     
   13.477101779481227     
   13.433234158545639     
   13.388340871408563     
   13.342369198364677     
   13.295262471885735     
   13.246959691946797     
   13.197395094988169     
   13.146497669825736     
   13.094190612695268     
   13.040390712271375     
   12.985007653891056     
   12.927943230276094     
   12.869090443713594     
   12.808332481826845     
   12.745541545631580     
   12.680577504377688     
   12.613286346533933     
   12.543498389942032     
   12.471026206336582     
   12.395662205698697     
   12.317175813765486     
   12.235310160779575     
   12.149778180348886     
   12.060257992935490     
   11.966387417469411     
   11.867757414856094     
   11.763904216011191     
   11.654299820910873     
   11.538340469186410     
   11.415332570624299     
   11.284475437096049     
   11.144839964867550     
   10.995342163778011     
   10.834710100110343     
   10.661442393700979     
   10.473755869648672     
   10.269519307175575     
   10.046169491168181     
   9.8006051030973751     
   9.5290537963835806     
   9.2269090975961472     
   8.8885389102834100     
   8.5070815942655678     
   8.0742798009138586     
   7.5804771389485976     
   7.0150482844825586     
   6.3677562551569533     
   5.6316706637229803     
   4.8076953675774385     
   3.9084914347102817     
   2.9570548628487217     
   1.9782810510597029     
  0.98994212316904207     
   0.0000000000000000     
