   66.252958097334329     
   66.251904520523539     
   66.250473162890714     
   66.248751783508141     
   66.246785825593832     
   66.244604340178981     
   66.242227966379374     
   66.239672343287040     
   66.236949850390900     
   66.234070601850235     
   66.231043061594804     
   66.227874447116946     
   66.224571007039046     
   66.221138219072543     
   66.217580935523785     
   66.213903492971056     
   66.210109796717902     
   66.206203387025269     
   66.202187491886903     
   66.198065069671713     
   66.193838844005896     
   66.189511332621876     
   66.185084871452787     
   66.180561634935088     
   66.175943653254024     
   66.171232827099416     
   66.166430940375619     
   66.161539671216786     
   66.156560601587159     
   66.151495225691832     
   66.146344957380947     
   66.141111136697319     
   66.135795035690407     
   66.130397863599256     
   66.124920771489684     
   66.119364856417377     
   66.113731165177398     
   66.108020697691302     
   66.102234410075766     
   66.096373217430155     
   66.090437996374845     
   66.084429587368788     
   66.078348796829701     
   66.072196399078280     
   66.065973138124576     
   66.059679729312577     
   66.053316860837000     
   66.046885195144824     
   66.040385370232357     
   66.033818000847603     
   66.027183679606694     
   66.020482978031836     
   66.013716447517709     
   66.006884620232626     
   65.999988009959594     
   65.993027112882544     
   65.986002408322079     
   65.978914359424664     
   65.971763413809001     
   65.964550004172779     
   65.957274548862898     
   65.949937452411930     
   65.942539106042815     
   65.935079888144742     
   65.927560164721754     
   65.919980289816223     
   65.912340605908582     
   65.904641444295478     
   65.896883125447076     
   65.889065959345345     
   65.881190245804547     
   65.873256274774576     
   65.865264326628818     
   65.857214672437138     
   65.849107574224831     
   65.840943285218572     
   65.832722050080022     
   65.824444105127739     
   65.816109678548202     
   65.807718990596356     
   65.799272253786498     
   65.790769673073711     
   65.782211446026764     
   65.773597762992452     
   65.764928807252218     
   65.756204755171126     
   65.747425776339824     
   65.738592033709736     
   65.729703683721723     
   65.720760876428770     
   65.711763755612537     
   65.702712458894680     
   65.693607117842546     
   65.684447858069959     
   65.675234799333012     
   65.665968055621292     
   65.656647735244519     
   65.647273940915056     
   65.637846769826197     
   65.628366313726531     
   65.618832658990456     
   65.609245886685187     
   65.599606072634202     
   65.589913287477103     
   65.580167596726483     
   65.570369060821577     
   65.560517735178678     
   65.550613670238931     
   65.540656911512940     
   65.530647499622887     
   65.520585470341800     
   65.510470854630341     
   65.500303678670946     
   65.490083963899679     
   65.479811727035568     
   65.469486980107618     
   65.459109730479696     
   65.448679980873052     
   65.438197729386744     
   65.427662969515950     
   65.417075690168261     
   65.406435875677758     
   65.395743505817421     
   65.384998555809318     
   65.374200996332988     
   65.363350793531922     
   65.352447909018181     
   65.341492299875227     
   65.330483918658885     
   65.319422713396577     
   65.308308627584765     
   65.297141600184645     
   65.285921565616064     
   65.274648453749904     
   65.263322189898545     
   65.251942694804725     
   65.240509884628707     
   65.229023670933856     
   65.217483960670407     
   65.205890656157578     
   65.194243655064156     
   65.182542850387222     
   65.170788130429358     
   65.158979378774106     
   65.147116474259789     
   65.135199290951633     
   65.123227698112174     
   65.111201560170045     
   65.099120736686942     
   65.086985082322897     
   65.074794446799956     
   65.062548674863891     
   65.050247606244298     
   65.037891075612791     
   65.025478912539555     
   65.013010941447874     
   65.000486981566922     
   64.987906846882694     
   64.975270346086944     
   64.962577282524308     
   64.949827454137335     
   64.937020653409618     
   64.924156667306860     
   64.911235277215923     
   64.898256258881702     
   64.885219382341901     
   64.872124411859659     
   64.858971105853897     
   64.845759216827418     
   64.832488491292764     
   64.819158669695554     
   64.805769486335578     
   64.792320669285232     
   64.778811940305673     
   64.765243014760159     
   64.751613601524852     
   64.737923402896897     
   64.724172114499723     
   64.710359425185530     
   64.696485016934815     
   64.682548564752906     
   64.668549736563406     
   64.654488193098601     
   64.640363587786496     
   64.626175566634586     
   64.611923768110216     
   64.597607823017398     
   64.583227354370081     
   64.568781977261580     
   64.554271298730356     
   64.539694917621730     
   64.525052424445590     
   64.510343401229946     
   64.495567421370168     
   64.480724049473778     
   64.465812841200730     
   64.450833343098950     
   64.435785092434998     
   64.420667617019831     
   64.405480435029304     
   64.390223054819316     
   64.374894974735554     
   64.359495682917512     
   64.344024657096583     
   64.328481364388196     
   64.312865261077576     
   64.297175792399102     
   64.281412392308937     
   64.265574483250688     
   64.249661475913996     
   64.233672768985627     
   64.217607748892860     
   64.201465789539085     
   64.185246252030950     
   64.168948484397234     
   64.152571821298608     
   64.136115583728497     
   64.119579078704291     
   64.102961598948781     
   64.086262422561489     
   64.069480812679188     
   64.052616017125715     
   64.035667268050204     
   64.018633781553589     
   64.001514757302772     
   63.984309378132146     
   63.967016809631744     
   63.949636199721745     
   63.932166678212596     
   63.914607356350352     
   63.896957326346453     
   63.879215660891539     
   63.861381412652499     
   63.843453613752075     
   63.825431275230436     
   63.807313386487806     
   63.789098914707523     
   63.770786804258627     
   63.752375976077097     
   63.733865327024937     
   63.715253729226021     
   63.696540029377928     
   63.677723048038402     
   63.658801578885686     
   63.639774387951384     
   63.620640212824654     
   63.601397761826554     
   63.582045713153157     
   63.562582713986004     
   63.543007379568493     
   63.523318292246600     
   63.503514000472329     
   63.483593017768207     
   63.463553821650848     
   63.443394852512036     
   63.423114512454845     
   63.402711164083058     
   63.382183129241540     
   63.361528687705075     
   63.340746075813421     
   63.319833485049728     
   63.298789060559685     
   63.277610899608440     
   63.256297049972090     
   63.234845508260690     
   63.213254218169034     
   63.191521068651731     
   63.169643892018705     
   63.147620461946730     
   63.125448491403041     
   63.103125630476050     
   63.080649464108433     
   63.058017509727399     
   63.035227214766437     
   63.012275954072891     
   62.989161027194882     
   62.965879655541187     
   62.942428979406834     
   62.918806054856937     
   62.895007850460793     
   62.871031243867733     
   62.846873018215604     
   62.822529858362131     
   62.797998346928985     
   62.773274960147248     
   62.748356063492757     
   62.723237907098486     
   62.697916620930641     
   62.672388209713866     
   62.646648547590225     
   62.620693372495246     
   62.594518280233501     
   62.568118718234274     
   62.541489978967213     
   62.514627192995732     
   62.487525321644583     
   62.460179149256227     
   62.432583275008341     
   62.404732104263267     
   62.376619839417359     
   62.348240470215934     
   62.319587763496628     
   62.290655252321216     
   62.261436224452432     
   62.231923710128761     
   62.202110469086371     
   62.171988976773136     
   62.141551409694529     
   62.110789629826662     
   62.079695168025523     
   62.048259206355361     
   62.016472559252485     
   61.984325653432840     
   61.951808506443484     
   61.918910703748821     
   61.885621374232251     
   61.851929163982319     
   61.817822208220285     
   61.783288101211340     
   61.748313863986944     
   61.712885909687905     
   61.676990006318697     
   61.640611236681771     
   61.603733955237026     
   61.566341741603793     
   61.528417350393298     
   61.489942657024883     
   61.450898599141297     
   61.411265113195476     
   61.371021065732030     
   61.330144178832171     
   61.288610949128490     
   61.246396559724744     
   61.203474784276132     
   61.159817882393519     
   61.115396485430772     
   61.070179471594749     
   61.024133829180499     
   60.977224506576817     
   60.929414247506067     
   60.880663409753197     
   60.830929765396718     
   60.780168280274005     
   60.728330870086857     
   60.675366130173138     
   60.621219035525158     
   60.565830607114378     
   60.509137539968485     
   60.451071787723286     
   60.391560097515800     
   60.330523488067698     
   60.267876662596315     
   60.203527346741225     
   60.137375539953496     
   60.069312666697655     
   59.999220611276698     
   59.926970617004130     
   59.852422026678035     
   59.775420836687481     
   59.695798031379489     
   59.613367657247331     
   59.527924587691992     
   59.439241918068284     
   59.347067916802388     
   59.251122440695703     
   59.151092699948094     
   59.046628229372210     
   58.937334884585340     
   58.822767632705769     
   58.702421842137213     
   58.575722689628869     
   58.442012186743000     
   58.300533170350988     
   58.150409385629374     
   57.990620489880357     
   57.819970383387634     
   57.637046671706806     
   57.440168193053402     
   57.227316264433455     
   56.996043385857810     
   56.743350225326097     
   56.465517172957718     
   56.157869547996654     
   55.814443821647771     
   55.427502660934351     
   54.986813068666493     
   54.478542756296974     
   53.883522542593838     
   53.174422403030704     
   52.311007809617905     
   51.231915742103467     
   49.840061896242020     
   47.976809871098048     
   45.379628805587657     
   41.633050693594299     
   36.198917049827777     
   28.745180173590114     
   19.674772797805641     
   9.8980414888791355     
   0.0000000000000000     
