   4.4340707226876530     
   4.4339684783319351     
   4.4337737820863588     
   4.4334921095084070     
   4.4331274738467981     
   4.4326830783257680     
   4.4321615995949513     
   4.4315653405357747     
   4.4308963232689074     
   4.4301563504481800     
   4.4293470480059742     
   4.4284698962578277     
   4.4275262533003996     
   4.4265173730883349     
   4.4254444197100904     
   4.4243084788711942     
   4.4231105672767850     
   4.4218516404016830     
   4.4205325990010147     
   4.4191542946220519     
   4.4177175343132946     
   4.4162230846806327     
   4.4146716754067850     
   4.4130640023252719     
   4.4114007301214890     
   4.4096824947191182     
   4.4079099053991415     
   4.4060835466900929     
   4.4042039800614283     
   4.4022717454464999     
   4.4002873626172772     
   4.3982513324294743     
   4.3961641379538703     
   4.3940262455072672     
   4.3918381055946183     
   4.3896001537721947     
   4.3873128114403741     
   4.3849764865734508     
   4.3825915743929409     
   4.3801584579900421     
   4.3776775089021989     
   4.3751490876481460     
   4.3725735442252880     
   4.3699512185728366     
   4.3672824410037414     
   4.3645675326081239     
   4.3618068056306329     
   4.3590005638238916     
   4.3561491027799732     
   4.3532527102416649     
   4.3503116663950987     
   4.3473262441451688     
   4.3442967093750351     
   4.3412233211908831     
   4.3381063321530062     
   4.3349459884941846     
   4.3317425303262338     
   4.3284961918355567     
   4.3252072014684098     
   4.3218757821065896     
   4.3185021512341404     
   4.3150865210956777     
   4.3116290988468293     
   4.3081300866973091     
   4.3045896820470482     
   4.3010080776158119     
   4.2973854615666758     
   4.2937220176237352     
   4.2900179251843493     
   4.2862733594262536     
   4.2824884914098060     
   4.2786634881756438     
   4.2747985128379860     
   4.2708937246738232     
   4.2669492792081973     
   4.2629653282957793     
   4.2589420201989343     
   4.2548794996624357     
   4.2507779079850065     
   4.2466373830878332     
   4.2424580595801977     
   4.2382400688223649     
   4.2339835389858473     
   4.2296885951111758     
   4.2253553591632729     
   4.2209839500845519     
   4.2165744838458235     
   4.2121270734951155     
   4.2076418292044959     
   4.2031188583149683     
   4.1985582653795293     
   4.1939601522044629     
   4.1893246178889312     
   4.1846517588629428     
   4.1799416689237434     
   4.1751944392707063     
   4.1704101585387638     
   4.1655889128304420     
   4.1607307857465425     
   4.1558358584155259     
   4.1509042095216309     
   4.1459359153317861     
   4.1409310497213445     
   4.1358896841986814     
   4.1308118879286910     
   4.1256977277552238     
   4.1205472682224871     
   4.1153605715954455     
   4.1101376978792485     
   4.1048787048377200     
   4.0995836480109222     
   4.0942525807318360     
   4.0888855541421698     
   4.0834826172073244     
   4.0780438167305313     
   4.0725691973661986     
   4.0670588016324567     
   4.0615126699229522     
   4.0559308405178953     
   4.0503133495943642     
   4.0446602312359046     
   4.0389715174414276     
   4.0332472381334163     
   4.0274874211654659     
   4.0216920923291584     
   4.0158612753602867     
   4.0099949919444535     
   4.0040932617220255     
   3.9981561022924850     
   3.9921835292181642     
   3.9861755560273879     
   3.9801321942170187     
   3.9740534532544221     
   3.9679393405788557     
   3.9617898616022869     
   3.9556050197096457     
   3.9493848162585219     
   3.9431292505783073     
   3.9368383199687900     
   3.9305120196982060     
   3.9241503430007447     
   3.9177532810735243     
   3.9113208230730265     
   3.9048529561110046     
   3.8983496652498557     
   3.8918109334974731     
   3.8852367418015641     
   3.8786270690434463     
   3.8719818920313185     
   3.8653011854930051     
   3.8585849220681778     
   3.8518330723000487     
   3.8450456046265393     
   3.8382224853709226     
   3.8313636787319338     
   3.8244691467733500     
   3.8175388494130371     
   3.8105727444114645     
   3.8035707873596727     
   3.7965329316667056     
   3.7894591285464947     
   3.7823493270041904     
   3.7752034738219460     
   3.7680215135441348     
   3.7608033884620049     
   3.7535490385977703     
   3.7462584016881189     
   3.7389314131671409     
   3.7315680061486720     
   3.7241681114080376     
   3.7167316573631934     
   3.7092585700552609     
   3.7017487731284398     
   3.6942021878092963     
   3.6866187328854085     
   3.6789983246833748     
   3.6713408770461626     
   3.6636463013097886     
   3.6559145062793297     
   3.6481453982042376     
   3.6403388807529597     
   3.6324948549868474     
   3.6246132193333351     
   3.6166938695583926     
   3.6087366987382090     
   3.6007415972301287     
   3.5927084526427944     
   3.5846371498054976     
   3.5765275707367192     
   3.5683795946118382     
   3.5601930977299912     
   3.5519679534800783     
   3.5437040323058713     
   3.5354012016702332     
   3.5270593260184042     
   3.5186782667403516     
   3.5102578821321511     
   3.5017980273563825     
   3.4932985544015134     
   3.4847593120402469     
   3.4761801457868109     
   3.4675608978531614     
   3.4589014071040705     
   3.4502015090110740     
   3.4414610356052542     
   3.4326798154288123     
   3.4238576734854202     
   3.4149944311892972     
   3.4060899063129995     
   3.3971439129338705     
   3.3881562613791245     
   3.3791267581695275     
   3.3700552059616244     
   3.3609414034884892     
   3.3517851454989422     
   3.3425862226951986     
   3.3333444216688948     
   3.3240595248354596     
   3.3147313103667626     
   3.3053595521220096     
   3.2959440195768090     
   3.2864844777503799     
   3.2769806871308211     
   3.2674324035983981     
   3.2578393783467785     
   3.2482013578021554     
   3.2385180835401881     
   3.2287892922006987     
   3.2190147154000366     
   3.2091940796410605     
   3.1993271062206308     
   3.1894135111345570     
   3.1794530049798970     
   3.1694452928545327     
   3.1593900742539169     
   3.1492870429649136     
   3.1391358869566104     
   3.1289362882680209     
   3.1186879228925521     
   3.1083904606591313     
   3.0980435651098741     
   3.0876468933741732     
   3.0772000960390709     
   3.0667028170157939     
   3.0561546934022998     
   3.0455553553417016     
   3.0349044258764044     
   3.0242015207978099     
   3.0134462484914146     
   3.0026382097771247     
   2.9917769977446254     
   2.9808621975835918     
   2.9698933864085655     
   2.9588701330782730     
   2.9477919980091896     
   2.9366585329831048     
   2.9254692809484681     
   2.9142237758152603     
   2.9029215422431349     
   2.8915620954225667     
   2.8801449408487141     
   2.8686695740877086     
   2.8571354805350619     
   2.8455421351658647     
   2.8338890022764387     
   2.8221755352170912     
   2.8104011761155960     
   2.7985653555910166     
   2.7866674924574633     
   2.7747069934173498     
   2.7626832527437193     
   2.7505956519511496     
   2.7384435594547645     
   2.7262263302168281     
   2.7139433053803779     
   2.7015938118893414     
   2.6891771620945328     
   2.6766926533449080     
   2.6641395675634305     
   2.6515171708068577     
   2.6388247128087268     
   2.6260614265047897     
   2.6132265275401023     
   2.6003192137569395     
   2.5873386646626564     
   2.5742840408765897     
   2.5611544835550299     
   2.5479491137932597     
   2.5346670320035951     
   2.5213073172683189     
   2.5078690266663370     
   2.4943511945723369     
   2.4807528319271448     
   2.4670729254779480     
   2.4533104369869472     
   2.4394643024069587     
   2.4255334310223886     
   2.4115167045539447     
   2.3974129762253562     
   2.3832210697902876     
   2.3689397785175439     
   2.3545678641325707     
   2.3401040557131534     
   2.3255470485371164     
   2.3108955028797085     
   2.2961480427582592     
   2.2813032546215677     
   2.2663596859813504     
   2.2513158439829710     
   2.2361701939125211     
   2.2209211576371839     
   2.2055671119756775     
   2.1901063869954260     
   2.1745372642329421     
   2.1588579748337446     
   2.1430666976079968     
   2.1271615569978413     
   2.1111406209522765     
   2.0950018987052199     
   2.0787433384522340     
   2.0623628249212125     
   2.0458581768321507     
   2.0292271442409384     
   2.0124674057619485     
   1.9955765656640174     
   1.9785521508342654     
   1.9613916076040407     
   1.9440922984311526     
   1.9266514984324263     
   1.9090663917605419     
   1.8913340678190347     
   1.8734515173093333     
   1.8554156281037206     
   1.8372231809381836     
   1.8188708449192732     
   1.8003551728393070     
   1.7816725962945883     
   1.7628194206017458     
   1.7437918195078803     
   1.7245858296909455     
   1.7051973450477271     
   1.6856221107679479     
   1.6658557171944526     
   1.6458935934711849     
   1.6257310009827748     
   1.6053630265921188     
   1.5847845756853922     
   1.5639903650375948     
   1.5429749155160786     
   1.5217325446446894     
   1.5002573590572557     
   1.4785432468763922     
   1.4565838700620841     
   1.4343726567845365     
   1.4119027938875104     
   1.3891672195221356     
   1.3661586160473000     
   1.3428694033115307     
   1.3192917324532369     
   1.2954174803817657     
   1.2712382451314630     
   1.2467453423154955     
   1.2219298029462515     
   1.1967823729355149     
   1.1712935146412145     
   1.1454534108893322     
   1.1192519719706748     
   1.0926788461938148     
   1.0657234346689302     
   1.0383749111038607     
   1.0106222475149245     
  0.98245424689234306     
  0.95385958401500248     
  0.92482685578312041     
  0.89534464263146918     
  0.86540158280127943     
  0.83498646148669597     
  0.80408831713248829     
  0.77269656744441961     
  0.74080115798366031     
  0.70839273655493018     
  0.67546285697158148     
  0.64200421620466985     
  0.60801092942845802     
  0.57347884812439898     
  0.53840592732197934     
  0.50279264947434221     
  0.46664251484298402     
  0.42996261246791800     
  0.39276429348748809     
  0.35506398287161539     
  0.31688419211580454     
  0.27825484221877494     
  0.23921507485152416     
  0.19981575351732303     
  0.16012242085577005     
  0.12021613837697279     
   8.0184572724939174E-002
   4.0099485479395361E-002
   0.0000000000000000     
