   57.209627048981538     
   57.208734215659852     
   57.207517979438720     
   57.206053654792605     
   57.204380174388838     
   57.202522408842036     
   57.200498019796875     
   57.198320386385838     
   57.196000096961441     
   57.193545800889957     
   57.190964735325721     
   57.188263070930049     
   57.185446149470614     
   57.182518653247541     
   57.179484729609769     
   57.176348084800331     
   57.173112056211927     
   57.169779669048367     
   57.166353681470298     
   57.162836621070767     
   57.159230814710902     
   57.155538413194023     
   57.151761411872293     
   57.147901668009865     
   57.143960915530748     
   57.139940777637101     
   57.135842777677858     
   57.131668348567707     
   57.127418840995965     
   57.123095530618087     
   57.118699624386515     
   57.114232266148676     
   57.109694541617877     
   57.105087482804436     
   57.100412071980109     
   57.095669245237190     
   57.090859895693875     
   57.085984876389830     
   57.081045002909271     
   57.076041055763859     
   57.070973782562518     
   57.065843899992316     
   57.060652095630694     
   57.055399029607173     
   57.050085336130245     
   57.044711624892791     
   57.039278482368424     
   57.033786473009187     
   57.028236140353982     
   57.022628008055996     
   57.016962580836605     
   57.011240345372279     
   57.005461771120189     
   56.999627311088069     
   56.993737402552782     
   56.987792467731836     
   56.981792914411848     
   56.975739136537072     
   56.969631514761495     
   56.963470416966878     
   56.957256198749704     
   56.950989203878976     
   56.944669764727266     
   56.938298202676698     
   56.931874828501940     
   56.925399942731325     
   56.918873835988109     
   56.912296789312791     
   56.905669074467973     
   56.898990954226754     
   56.892262682645850     
   56.885484505324285     
   56.878656659648513     
   56.871779375024943     
   56.864852873100503     
   56.857877367971980     
   56.850853066384779     
   56.843780167921736     
   56.836658865182542     
   56.829489343954172     
   56.822271783373054     
   56.815006356079209     
   56.807693228362844     
   56.800332560303787     
   56.792924505904274     
   56.785469213215080     
   56.777966824455739     
   56.770417476128834     
   56.762821299128738     
   56.755178418845119     
   56.747488955261360     
   56.739753023048173     
   56.731970731652680     
   56.724142185382995     
   56.716267483488657     
   56.708346720237031     
   56.700379984985808     
   56.692367362251858     
   56.684308931776471     
   56.676204768587162     
   56.668054943056241     
   56.659859520956140     
   56.651618563511704     
   56.643332127449582     
   56.635000265044681     
   56.626623024163941     
   56.618200448307363     
   56.609732576646564     
   56.601219444060767     
   56.592661081170327     
   56.584057514367942     
   56.575408765847605     
   56.566714853631289     
   56.557975791593407     
   56.549191589483293     
   56.540362252945421     
   56.531487783537813     
   56.522568178748287     
   56.513603432008892     
   56.504593532708363     
   56.495538466202795     
   56.486438213824393     
   56.477292752888523     
   56.468102056698910     
   56.458866094551091     
   56.449584831734221     
   56.440258229531047     
   56.430886245216392     
   56.421468832053769     
   56.412005939290474     
   56.402497512150958     
   56.392943491828646     
   56.383343815476081     
   56.373698416193491     
   56.364007223015733     
   56.354270160897620     
   56.344487150697702     
   56.334658109160408     
   56.324782948896548     
   56.314861578362319     
   56.304893901836657     
   56.294879819396918     
   56.284819226893021     
   56.274712015919960     
   56.264558073788585     
   56.254357283494876     
   56.244109523687420     
   56.233814668633350     
   56.223472588182453     
   56.213083147729641     
   56.202646208175707     
   56.192161625886257     
   56.181629252648939     
   56.171048935628846     
   56.160420517322066     
   56.149743835507444     
   56.139018723196401     
   56.128245008580890     
   56.117422514979353     
   56.106551060780760     
   56.095630459386577     
   56.084660519150724     
   56.073641043317373     
   56.062571829956745     
   56.051452671898545     
   56.040283356663288     
   56.029063666391387     
   56.017793377769777     
   56.006472261956326     
   55.995100084501658     
   55.983676605268585     
   55.972201578349015     
   55.960674751978154     
   55.949095868446086     
   55.937464664006654     
   55.925780868783455     
   55.914044206672983     
   55.902254395244817     
   55.890411145638787     
   55.878514162458963     
   55.866563143664550     
   55.854557780457306     
   55.842497757165795     
   55.830382751126010     
   55.818212432558418     
   55.805986464441411     
   55.793704502380905     
   55.781366194476036     
   55.768971181180838     
   55.756519095161821     
   55.744009561151238     
   55.731442195795971     
   55.718816607501950     
   55.706132396273780     
   55.693389153549653     
   55.680586462031293     
   55.667723895508651     
   55.654801018679493     
   55.641817386963432     
   55.628772546310280     
   55.615666033002597     
   55.602497373452373     
   55.589266083991298     
   55.575971670654738     
   55.562613628958978     
   55.549191443671653     
   55.535704588575136     
   55.522152526222477     
   55.508534707685811     
   55.494850572296905     
   55.481099547379557     
   55.467281047973586     
   55.453394476550095     
   55.439439222717631     
   55.425414662919160     
   55.411320160119161     
   55.397155063480838     
   55.382918708032747     
   55.368610414324756     
   55.354229488072733     
   55.339775219791655     
   55.325246884416607     
   55.310643740911367     
   55.295965031863886     
   55.281209983068386     
   55.266377803093391     
   55.251467682835212     
   55.236478795056364     
   55.221410293908299     
   55.206261314437675     
   55.191030972075815     
   55.175718362110416     
   55.160322559138926     
   55.144842616502814     
   55.129277565701962     
   55.113626415788339     
   55.097888152738093     
   55.082061738801322     
   55.066146111828303     
   55.050140184571440     
   55.034042843961750     
   55.017852950358943     
   55.001569336773798     
   54.985190808061780     
   54.968716140086549     
   54.952144078852122     
   54.935473339602247     
   54.918702605885542     
   54.901830528584881     
   54.884855724909471     
   54.867776777347828     
   54.850592232579942     
   54.833300600346725     
   54.815900352274781     
   54.798389920654444     
   54.780767697168784     
   54.763032031571427     
   54.745181230310564     
   54.727213555096803     
   54.709127221411890     
   54.690920396955619     
   54.672591200027824     
   54.654137697842280     
   54.635557904769001     
   54.616849780501546     
   54.598011228145431     
   54.579040092223558     
   54.559934156594515     
   54.540691142279279     
   54.521308705191373     
   54.501784433765522     
   54.482115846479452     
   54.462300389263049     
   54.442335432788788     
   54.422218269637135     
   54.401946111329877     
   54.381516085224256     
   54.360925231260019     
   54.340170498551274     
   54.319248741814114     
   54.298156717620941     
   54.276891080471195     
   54.255448378668035     
   54.233825049989441     
   54.212017417141588     
   54.190021682981573     
   54.167833925495358     
   54.145450092516349     
   54.122865996168386     
   54.100077307016157     
   54.077079547904788     
   54.053868087468707     
   54.030438133289067     
   54.006784724676599     
   53.982902725055872     
   53.958786813924540     
   53.934431478359464     
   53.909831004039098     
   53.884979465749574     
   53.859870717338907     
   53.834498381081254     
   53.808855836409819     
   53.782936207973748     
   53.756732352970744     
   53.730236847702962     
   53.703441973299441     
   53.676339700543416     
   53.648921673737554     
   53.621179193534417     
   53.593103198652969     
   53.564684246394783     
   53.535912491866071     
   53.506777665802680     
   53.477269050886385     
   53.447375456429342     
   53.417085191292941     
   53.386386034893732     
   53.355265206135201     
   53.323709330087922     
   53.291704402223388     
   53.259235749986864     
   53.226287991472454     
   53.192844990939449     
   53.158889810881234     
   53.124404660327357     
   53.089370839024717     
   53.053768677105069     
   53.017577469802269     
   52.980775406733223     
   52.943339495201066     
   52.905245476915667     
   52.866467737455160     
   52.826979207711169     
   52.786751256467596     
   52.745753573157735     
   52.703954039723826     
   52.661318590365354     
   52.617811057804232     
   52.573393004512916     
   52.528023537141756     
   52.481659102139787     
   52.434253260282333     
   52.385756437492837     
   52.336115648967244     
   52.285274193166082     
   52.233171311721215     
   52.179741810695177     
   52.124915637914491     
   52.068617410251314     
   52.010765883723963     
   51.951273358093211     
   51.890045006206648     
   51.826978116636070     
   51.761961236101612     
   51.694873195697170     
   51.625582001928272     
   51.553943569914878     
   51.479800271636108     
   51.402979266593292     
   51.323290575471404     
   51.240524848940147     
   51.154450773196515     
   51.064812040613482     
   50.971323797131284     
   50.873668456750252     
   50.771490746237724     
   50.664391808018458     
   50.551922143545475     
   50.433573119613079     
   50.308766681012500     
   50.176842807518973     
   50.037044111297263     
   49.888496777826639     
   49.730186788116342     
   49.560929990929601     
   49.379334074019745     
   49.183749741768501     
   48.972207333336030     
   48.742333538633289     
   48.491240515532567     
   48.215376137646203     
   47.910318577345471     
   47.570489728342466     
   47.188748007118342     
   46.755798231154927     
   46.259318259157034     
   45.682637962118193     
   45.002697448596187     
   44.186830107060615     
   43.187631629199572     
   41.934814920259761     
   40.322858924302771     
   38.195031165884856     
   35.333080011266475     
   31.486010078551566     
   26.494034254145436     
   20.474111113645410     
   13.819976389383685     
   6.9292429764823344     
   0.0000000000000000     
