   28.231876756885203     
   28.230939192258457     
   28.229609240448220     
   28.227979620242401     
   28.226097853799203     
   28.223994172387432     
   28.221689990888020     
   28.219201504646922     
   28.216541515666130     
   28.213720472437970     
   28.210747111647741     
   28.207628878623169     
   28.204372215909157     
   28.200982768818154     
   28.197465536357139     
   28.193824984889559     
   28.190065135589812     
   28.186189632983638     
   28.182201799530464     
   28.178104679703402     
   28.173901076030653     
   28.169593578890755     
   28.165184591388332     
   28.160676350307980     
   28.156070943907416     
   28.151370327137546     
   28.146576334749195     
   28.141690692649323     
   28.136715027796392     
   28.131650876867951     
   28.126499693889503     
   28.121262856979484     
   28.115941674337687     
   28.110537389582838     
   28.105051186527472     
   28.099484193464058     
   28.093837487024846     
   28.088112095668333     
   28.082309002837469     
   28.076429149828250     
   28.070473438401837     
   28.064442733168907     
   28.058337863771108     
   28.052159626881096     
   28.045908788040141     
   28.039586083349700     
   28.033192221031562     
   28.026727882869189     
   28.020193725541720     
   28.013590381860435     
   28.006918461916779     
   28.000178554149649     
   27.993371226339150     
   27.986497026533023     
   27.979556483911516     
   27.972550109595709     
   27.965478397403913     
   27.958341824560240     
   27.951140852359124     
   27.943875926789136     
   27.936547479119188     
   27.929155926449887     
   27.921701672232654     
   27.914185106758797     
   27.906606607620731     
   27.898966540147271     
   27.891265257814744     
   27.883503102635576     
   27.875680405525795     
   27.867797486652815     
   27.859854655764831     
   27.851852212502926     
   27.843790446696936     
   27.835669638646163     
   27.827490059385724     
   27.819251970939487     
   27.810955626560272     
   27.802601270958210     
   27.794189140517691     
   27.785719463503799     
   27.777192460258618     
   27.768608343387996     
   27.759967317939353     
   27.751269581570909     
   27.742515324712837     
   27.733704730720678     
   27.724837976021515     
   27.715915230253103     
   27.706936656396522     
   27.697902410902362     
   27.688812643811076     
   27.679667498867467     
   27.670467113629776     
   27.661211619573535     
   27.651901142190429     
   27.642535801082349     
   27.633115710050856     
   27.623640977182301     
   27.614111704928717     
   27.604527990184621     
   27.594889924359975     
   27.585197593449401     
   27.575451078097753     
   27.565650453662297     
   27.555795790271471     
   27.545887152880471     
   27.535924601323686     
   27.525908190364134     
   27.515837969740009     
   27.505713984208338     
   27.495536273585962     
   27.485304872787847     
   27.475019811862818     
   27.464681116026735     
   27.454288805693334     
   27.443842896502598     
   27.433343399346871     
   27.422790320394682     
   27.412183661112408     
   27.401523418283720     
   27.390809584026972     
   27.380042145810481     
   27.369221086465867     
   27.358346384199272     
   27.347418012600759     
   27.336435940651683     
   27.325400132730252     
   27.314310548615193     
   27.303167143487556     
   27.291969867930757     
   27.280718667928792     
   27.269413484862657     
   27.258054255505055     
   27.246640912013333     
   27.235173381920696     
   27.223651588125676     
   27.212075448879961     
   27.200444877774409     
   27.188759783723473     
   27.177020070947879     
   27.165225638955615     
   27.153376382521213     
   27.141472191663411     
   27.129512951621031     
   27.117498542827196     
   27.105428840881892     
   27.093303716522716     
   27.081123035594011     
   27.068886659014179     
   27.056594442741336     
   27.044246237737127     
   27.031841889928845     
   27.019381240169718     
   27.006864124197392     
   26.994290372590608     
   26.981659810724029     
   26.968972258721152     
   26.956227531405414     
   26.943425438249285     
   26.930565783321487     
   26.917648365232168     
   26.904672977076086     
   26.891639406373795     
   26.878547435010681     
   26.865396839173933     
   26.852187389287323     
   26.838918849943823     
   26.825590979835951     
   26.812203531683846     
   26.798756252161006     
   26.785248881817679     
   26.771681155001755     
   26.758052799777225     
   26.744363537840076     
   26.730613084431599     
   26.716801148248983     
   26.702927431353274     
   26.688991629074458     
   26.674993429913719     
   26.660932515442738     
   26.646808560200025     
   26.632621231584125     
   26.618370189743654     
   26.604055087464108     
   26.589675570051281     
   26.575231275211323     
   26.560721832927179     
   26.546146865331469     
   26.531505986575610     
   26.516798802695060     
   26.502024911470681     
   26.487183902285981     
   26.472275355980194     
   26.457298844697000     
   26.442253931728850     
   26.427140171356694     
   26.411957108684945     
   26.396704279471638     
   26.381381209953506     
   26.365987416665902     
   26.350522406257355     
   26.334985675298601     
   26.319376710085912     
   26.303694986438554     
   26.287939969490118     
   26.272111113473599     
   26.256207861499966     
   26.240229645329972     
   26.224175885139068     
   26.208045989275103     
   26.191839354008593     
   26.175555363275265     
   26.159193388410657     
   26.142752787876471     
   26.126232906978370     
   26.109633077574923     
   26.092952617777406     
   26.076190831640055     
   26.059347008840476     
   26.042420424349892     
   26.025410338092716     
   26.008315994595179     
   25.991136622622577     
   25.973871434804618     
   25.956519627248532     
   25.939080379139391     
   25.921552852327228     
   25.903936190900325     
   25.886229520744241     
   25.868431949085977     
   25.850542564022646     
   25.832560434034093     
   25.814484607478832     
   25.796314112072494     
   25.778047954348299     
   25.759685119098567     
   25.741224568796724     
   25.722665242998772     
   25.704006057723550     
   25.685245904810795     
   25.666383651256069     
   25.647418138521630     
   25.628348181822115     
   25.609172569384082     
   25.589890061678119     
   25.570499390622494     
   25.550999258756914     
   25.531388338385252     
   25.511665270685690     
   25.491828664786961     
   25.471877096809035     
   25.451809108866733     
   25.431623208034516     
   25.411317865270654     
   25.390891514298939     
   25.370342550445926     
   25.349669329431556     
   25.328870166111095     
   25.307943333165912     
   25.286887059740703     
   25.265699530024623     
   25.244378881773461     
   25.222923204770094     
   25.201330539220109     
   25.179598874079321     
   25.157726145309873     
   25.135710234061179     
   25.113548964772029     
   25.091240103189644     
   25.068781354301525     
   25.046170360175484     
   25.023404697703036     
   25.000481876241047     
   24.977399335146213     
   24.954154441196632     
   24.930744485894230     
   24.907166682641719     
   24.883418163787042     
   24.859495977527931     
   24.835397084668855     
   24.811118355221929     
   24.786656564842904     
   24.762008391092820     
   24.737170409515205     
   24.712139089517940     
   24.686910790048461     
   24.661481755049831     
   24.635848108684641     
   24.610005850312646     
   24.583950849207064     
   24.557678838993485     
   24.531185411794080     
   24.504466012058572     
   24.477515930062157     
   24.450330295049049     
   24.422904067998637     
   24.395232033989753     
   24.367308794136434     
   24.339128757066764     
   24.310686129913879     
   24.281974908786118     
   24.252988868680571     
   24.223721552801237     
   24.194166261240206     
   24.164316038976672     
   24.134163663144840     
   24.103701629517847     
   24.072922138150265     
   24.041817078116857     
   24.010378011279936     
   23.978596155011694     
   23.946462363791486     
   23.913967109590800     
   23.881100460950826     
   23.847852060648801     
   23.814211101839799     
   23.780166302549805     
   23.745705878384452     
   23.710817513304487     
   23.675488328304674     
   23.639704847816812     
   23.603452963639533     
   23.566717896177590     
   23.529484152751273     
   23.491735482711437     
   23.453454829068054     
   23.414624276308746     
   23.375224994048974     
   23.335237176116049     
   23.294639974624822     
   23.253411428552976     
   23.211528386267343     
   23.168966421388713     
   23.125699741310264     
   23.081701087602344     
   23.036941627442797     
   22.991390835105182     
   22.945016362415451     
   22.897783896947868     
   22.849657006571000     
   22.800596968770424     
   22.750562582962655     
   22.699509963770012     
   22.647392312942202     
   22.594159667281655     
   22.539758619546298     
   22.484132008856921     
   22.427218576613487     
   22.368952583311575     
   22.309263380928655     
   22.248074934698401     
   22.185305287083164     
   22.120865955557164     
   22.054661254385820     
   21.986587528879515     
   21.916532288550830     
   21.844373223134635     
   21.769977082442669     
   21.693198397394433     
   21.613878015137228     
   21.531841415740470     
   21.446896771265461     
   21.358832699741626     
   21.267415656294421     
   21.172386890809587     
   21.073458885348614     
   20.970311164081739     
   20.862585342487428     
   20.749879249254509     
   20.631739911385537     
   20.507655137274085     
   20.377043359682823     
   20.239241304610498     
   20.093488924700939     
   19.938910865486768     
   19.774493502968014     
   19.599056278492487     
   19.411215628326854     
   19.209339212894825     
   18.991487325749123     
   18.755337206623004     
   18.498084357305380     
   18.216312672389609     
   17.905822002433165     
   17.561397393054648     
   17.176498532051628     
   16.742841293445405     
   16.249837962217576     
   15.683866423034422     
   15.027373428082040     
   14.257940785137663     
   13.347788606719538     
   12.264985808438100     
   10.978950734811175     
   9.4732123147531286     
   7.7628244183268595     
   5.9003542579535777     
   3.9548624515748005     
   1.9798673863284653     
   0.0000000000000000     
