   28.075207868813060     
   28.074278711975143     
   28.072961359101864     
   28.071347544392278     
   28.069484282621517     
   28.067401481756349     
   28.065120327497752     
   28.062656841806717     
   28.060023689599383     
   28.057231207468501     
   28.054288038523538     
   28.051201548341922     
   28.047978110455343     
   28.044623309699929     
   28.041142091527419     
   28.037538874450117     
   28.033817636558908     
   28.029981983329659     
   28.026035201621156     
   28.021980303282870     
   28.017820060810479     
   28.013557036821989     
   28.009193608667026     
   28.004731989156380     
   28.000174244164487     
   27.995522307686581     
   27.990777994804962     
   27.985943012923638     
   27.981018971557710     
   27.976007390908091     
   27.970909709408708     
   27.965727290399183     
   27.960461428049168     
   27.955113352638744     
   27.949684235282124     
   27.944175192167918     
   27.938587288377597     
   27.932921541334665     
   27.927178923929009     
   27.921360367354758     
   27.915466763694447     
   27.909498968277827     
   27.903457801839931     
   27.897344052499744     
   27.891158477578056     
   27.884901805270985     
   27.878574736193343     
   27.872177944804601     
   27.865712080728567     
   27.859177769976629     
   27.852575616083463     
   27.845906201162883     
   27.839170086890960     
   27.832367815422536     
   27.825499910246833     
   27.818566876987102     
   27.811569204148910     
   27.804507363821156     
   27.797381812333427     
   27.790192990873173     
   27.782941326065593     
   27.775627230519131     
   27.768251103338955     
   27.760813330610866     
   27.753314285857527     
   27.745754330469122     
   27.738133814110039     
   27.730453075103288     
   27.722712440794080     
   27.714912227893894     
   27.707052742806294     
   27.699134281935745     
   27.691157131980315     
   27.683121570209302     
   27.675027864726776     
   27.666876274721783     
   27.658667050706040     
   27.650400434739716     
   27.642076660646172     
   27.633695954216112     
   27.625258533401798     
   27.616764608501821     
   27.608214382337014     
   27.599608050417810     
   27.590945801103707     
   27.582227815755036     
   27.573454268877516     
   27.564625328259975     
   27.555741155105476     
   27.546801904156251     
   27.537807723812662     
   27.528758756246518     
   27.519655137508984     
   27.510496997633282     
   27.501284460732528     
   27.492017645092730     
   27.482696663261329     
   27.473321622131380     
   27.463892623021579     
   27.454409761752228     
   27.444873128717401     
   27.435282808953438     
   27.425638882203792     
   27.415941422980517     
   27.406190500622433     
   27.396386179350074     
   27.386528518317572     
   27.376617571661555     
   27.366653388547171     
   27.356636013211308     
   27.346565485003083     
   27.336441838421759     
   27.326265103152078     
   27.316035304097102     
   27.305752461408673     
   27.295416590515501     
   27.285027702148970     
   27.274585802366701     
   27.264090892573986     
   27.253542969543012     
   27.242942025430057     
   27.232288047790586     
   27.221581019592435     
   27.210820919226904     
   27.200007720518069     
   27.189141392730040     
   27.178221900572439     
   27.167249204204040     
   27.156223259234523     
   27.145144016724519     
   27.134011423183836     
   27.122825420567871     
   27.111585946272417     
   27.100292933126610     
   27.088946309384244     
   27.077545998713369     
   27.066091920184157     
   27.054583988255143     
   27.043022112757768     
   27.031406198879207     
   27.019736147143547     
   27.008011853391324     
   26.996233208757342     
   26.984400099646852     
   26.972512407709996     
   26.960570009814649     
   26.948572778017471     
   26.936520579533347     
   26.924413276703060     
   26.912250726959247     
   26.900032782790614     
   26.887759291704437     
   26.875430096187255     
   26.863045033663759     
   26.850603936453957     
   26.838106631728415     
   26.825552941461698     
   26.812942682383916     
   26.800275665930396     
   26.787551698189404     
   26.774770579847903     
   26.761932106135340     
   26.749036066765395     
   26.736082245875668     
   26.723070421965275     
   26.710000367830354     
   26.696871850497306     
   26.683684631153909     
   26.670438465078117     
   26.657133101564582     
   26.643768283848775     
   26.630343749028757     
   26.616859227984452     
   26.603314445294416     
   26.589709119150019     
   26.576042961266999     
   26.562315676794341     
   26.548526964220354     
   26.534676515275915     
   26.520764014834846     
   26.506789140811289     
   26.492751564054004     
   26.478650948237568     
   26.464486949750324     
   26.450259217579035     
   26.435967393190140     
   26.421611110407515     
   26.407189995286629     
   26.392703665985007     
   26.378151732628925     
   26.363533797176149     
   26.348849453274671     
   26.334098286117275     
   26.319279872291872     
   26.304393779627407     
   26.289439567035217     
   26.274416784345735     
   26.259324972140387     
   26.244163661578469     
   26.228932374218928     
   26.213630621836831     
   26.198257906234371     
   26.182813719046237     
   26.167297541539131     
   26.151708844405281     
   26.136047087549720     
   26.120311719871136     
   26.104502179036054     
   26.088617891246166     
   26.072658270998527     
   26.056622720838376     
   26.040510631104368     
   26.024321379665906     
   26.008054331652303     
   25.991708839173498     
   25.975284241031982     
   25.958779862425704     
   25.942195014641502     
   25.925528994738848     
   25.908781085223417     
   25.891950553710238     
   25.875036652575918     
   25.858038618599579     
   25.840955672592123     
   25.823787019013292     
   25.806531845576121     
   25.789189322838276     
   25.771758603779752     
   25.754238823366432     
   25.736629098098927     
   25.718928525546126     
   25.701136183862801     
   25.683251131290699     
   25.665272405642433     
   25.647199023767403     
   25.629029980999118     
   25.610764250583074     
   25.592400783084436     
   25.573938505774620     
   25.555376321995947     
   25.536713110503417     
   25.517947724782633     
   25.499078992342820     
   25.480105713983949     
   25.461026663036751     
   25.441840584574503     
   25.422546194595274     
   25.403142179173400     
   25.383627193578818     
   25.363999861362686     
   25.344258773407947     
   25.324402486943143     
   25.304429524517772     
   25.284338372937501     
   25.264127482157292     
   25.243795264130544     
   25.223340091612091     
   25.202760296912999     
   25.182054170604694     
   25.161219960170165     
   25.140255868599539     
   25.119160052927377     
   25.097930622708841     
   25.076565638431649     
   25.055063109860711     
   25.033420994311960     
   25.011637194851886     
   24.989709558418951     
   24.967635873862854     
   24.945413869897408     
   24.923041212962602     
   24.900515504990910     
   24.877834281072989     
   24.854995007017195     
   24.831995076797337     
   24.808831809882584     
   24.785502448443061     
   24.762004154424286     
   24.738334006483168     
   24.714488996777856     
   24.690466027603090     
   24.666261907862349     
   24.641873349367369     
   24.617296962955027     
   24.592529254410909     
   24.567566620188288     
   24.542405342910119     
   24.517041586641177     
   24.491471391916466     
   24.465690670510842     
   24.439695199934004     
   24.413480617633784     
   24.387042414889269     
   24.360375930374207     
   24.333476343369554     
   24.306338666602407     
   24.278957738687030     
   24.251328216141633     
   24.223444564952725     
   24.195301051656500     
   24.166891733904546     
   24.138210450478386     
   24.109250810714581     
   24.080006183299112     
   24.050469684386297     
   24.020634164993844     
   23.990492197621613     
   23.960036062037226     
   23.929257730166778     
   23.898148850023720     
   23.866700728602929     
   23.834904313660704     
   23.802750174294307     
   23.770228480226876     
   23.737328979694809     
   23.704040975825428     
   23.670353301382004     
   23.636254291741654     
   23.601731755958713     
   23.566772945751829     
   23.531364522237077     
   23.495492520211688     
   23.459142309773174     
   23.422298555036623     
   23.384945169688240     
   23.347065269085682     
   23.308641118584756     
   23.269654077737396     
   23.230084539966796     
   23.189911867281705     
   23.149114319542232     
   23.107668977733681     
   23.065551660641514     
   23.022736834248747     
   22.979197513095514     
   22.934905152747785     
   22.889829532416336     
   22.843938626646214     
   22.797198464858589     
   22.749572977368093     
   22.701023826316270     
   22.651510219751344     
   22.600988706841775     
   22.549412951929675     
   22.496733484803816     
   22.442897424192143     
   22.387848171030541     
   22.331525067546163     
   22.273863017585377     
   22.214792062900589     
   22.154236909265460     
   22.092116395287700     
   22.028342895600371     
   21.962821648696217     
   21.895449997975252     
   21.826116532541636     
   21.754700111834193     
   21.681068755208386     
   21.605078373983211     
   21.526571319067934     
   21.445374711892018     
   21.361298519721725     
   21.274133328229020     
   21.183647753956553     
   21.089585426538473     
   20.991661454460534     
   20.889558267807114     
   20.782920705562642     
   20.671350181888055     
   20.554397723056447     
   20.431555611247759     
   20.302247298845955     
   20.165815161283994     
   20.021505529540860     
   19.868450273473169     
   19.705643977828416     
   19.531915440667294     
   19.345891795582759     
   19.145952966491205     
   18.930173337712667     
   18.696246363258368     
   18.441386206767252     
   18.162198202605818     
   17.854506705744548     
   17.513124468483994     
   17.131541863243271     
   16.701507421570295     
   16.212465465406392     
   15.650819593236021     
   14.999024398429478     
   14.234629799662951     
   13.329746603838426     
   12.252203054161681     
   10.971001085778699     
   9.4691296409660506     
   7.7612358985424477     
   5.8999451286297289     
   3.9548110707034598     
   1.9798665243717288     
   0.0000000000000000     
