   4.5756782607247057     
   4.5755751522009156     
   4.5753780869574747     
   4.5750922435847272     
   4.5747214447381372     
   4.5742687581983565     
   4.5737367589745297     
   4.5731276710299484     
   4.5724434537796927     
   4.5716858592365019     
   4.5708564719554410     
   4.5699567381631852     
   4.5689879877145003     
   4.5679514510878816     
   4.5668482728318232     
   4.5656795223994440     
   4.5644462030155655     
   4.5631492590314453     
   4.5617895820966368     
   4.5603680163915579     
   4.5588853631041744     
   4.5573423842911192     
   4.5557398062322001     
   4.5540783223639538     
   4.5523585958604142     
   4.5505812619158768     
   4.5487469297741505     
   4.5468561845407054     
   4.5449095888077862     
   4.5429076841174876     
   4.5408509922837226     
   4.5387400165907250     
   4.5365752428830257     
   4.5343571405596466     
   4.5320861634834317     
   4.5297627508149034     
   4.5273873277787517     
   4.5249603063700397     
   4.5224820860062440     
   4.5199530541305242     
   4.5173735867709430     
   4.5147440490598072     
   4.5120647957167908     
   4.5093361714991298     
   4.5065585116217628     
   4.5037321421500298     
   4.5008573803672247     
   4.4979345351190823     
   4.4949639071370679     
   4.4919457893421297     
   4.4888804671304516     
   4.4857682186425478     
   4.4826093150169672     
   4.4794040206297092     
   4.4761525933203989     
   4.4728552846061289     
   4.4695123398838454     
   4.4661239986220371     
   4.4626904945424570     
   4.4592120557925146     
   4.4556889051089499     
   4.4521212599733424     
   4.4485093327599587     
   4.4448533308764082     
   4.4411534568975490     
   4.4374099086930281     
   4.4336228795488450     
   4.4297925582832764     
   4.4259191293574682     
   4.4220027729810125     
   4.4180436652127675     
   4.4140419780571900     
   4.4099978795564043     
   4.4059115338782497     
   4.4017831014004916     
   4.3976127387914126     
   4.3934005990869478     
   4.3891468317645455     
   4.3848515828139094     
   4.3805149948047681     
   4.3761372069518085     
   4.3717183551769230     
   4.3672585721688684     
   4.3627579874404754     
   4.3582167273835006     
   4.3536349153212326     
   4.3490126715589454     
   4.3443501134322959     
   4.3396473553537431     
   4.3349045088570781     
   4.3301216826401365     
   4.3252989826057622     
   4.3204365119011010     
   4.3155343709552838     
   4.3105926575155520     
   4.3056114666819019     
   4.3005908909402804     
   4.2955310201944066     
   4.2904319417962418     
   4.2852937405751872     
   4.2801164988660201     
   4.2749002965356357     
   4.2696452110086227     
   4.2643513172917062     
   4.2590186879971075     
   4.2536473933648438     
   4.2482375012839997     
   4.2427890773130104     
   4.2373021846989740     
   4.2317768843960275     
   4.2262132350828141     
   4.2206112931790596     
   4.2149711128612850     
   4.2092927460776828     
   4.2035762425621694     
   4.1978216498476426     
   4.1920290132784537     
   4.1861983760221184     
   4.1803297790802869     
   4.1744232612989816     
   4.1684788593781219     
   4.1624966078803523     
   4.1564765392391854     
   4.1504186837664729     
   4.1443230696592188     
   4.1381897230057421     
   4.1320186677912094     
   4.1258099259025389     
   4.1195635171326828     
   4.1132794591843158     
   4.1069577676729097     
   4.1005984561292346     
   4.0942015360012620     
   4.0877670166555067     
   4.0812949053777876     
   4.0747852073734379     
   4.0682379257669465     
   4.0616530616010564     
   4.0550306138353127     
   4.0483705793440663     
   4.0416729529139399     
   4.0349377272407594     
   4.0281648929259530     
   4.0213544384724171     
   4.0145063502798619     
   4.0076206126396166     
   4.0006972077289342     
   3.9937361156047468     
   3.9867373141969207     
   3.9797007793009764     
   3.9726264845702941     
   3.9655144015077934     
   3.9583644994570930     
   3.9511767455931479     
   3.9439511049123608     
   3.9366875402221675     
   3.9293860121300965     
   3.9220464790322955     
   3.9146688971015293     
   3.9072532202746384     
   3.8997994002394618     
   3.8923073864212179     
   3.8847771259683386     
   3.8772085637377534     
   3.8696016422796169     
   3.8619563018214840     
   3.8542724802519097     
   3.8465501131034916     
   3.8387891335353252     
   3.8309894723148834     
   3.8231510577993064     
   3.8152738159160968     
   3.8073576701432086     
   3.7994025414885315     
   3.7914083484687522     
   3.7833750070875927     
   3.7753024308134093     
   3.7671905305561504     
   3.7590392146436606     
   3.7508483887973179     
   3.7426179561070003     
   3.7343478170053648     
   3.7260378692414311     
   3.7176880078534591     
   3.7092981251411050     
   3.7008681106368453     
   3.6923978510766533     
   3.6838872303699235     
   3.6753361295686151     
   3.6667444268356104     
   3.6581119974122753     
   3.6494387135851971     
   3.6407244446520863     
   3.6319690568868341     
   3.6231724135036965     
   3.6143343746205905     
   3.6054547972214910     
   3.5965335351178993     
   3.5875704389093697     
   3.5785653559430686     
   3.5695181302723502     
   3.5604286026143206     
   3.5512966103063768     
   3.5421219872616825     
   3.5329045639235725     
   3.5236441672188485     
   3.5143406205099406     
   3.5049937435459158     
   3.4956033524122980     
   3.4861692594796723     
   3.4766912733510420     
   3.4671691988079121     
   3.4576028367550591     
   3.4479919841639588     
   3.4383364340148383     
   3.4286359752373103     
   3.4188903926495584     
   3.4090994668960324     
   3.3992629743836114     
   3.3893806872161956     
   3.3794523731276853     
   3.3694777954132955     
   3.3594567128591679     
   3.3493888796702280     
   3.3392740453962344     
   3.3291119548559767     
   3.3189023480595568     
   3.3086449601287082     
   3.2983395212150897     
   3.2879857564164916     
   3.2775833856908991     
   3.2671321237683353     
   3.2566316800604271     
   3.2460817585676205     
   3.2354820577839680     
   3.2248322705994132     
   3.2141320841994974     
   3.2033811799623990     
   3.1925792333532255     
   3.1817259138154594     
   3.1708208846594776     
   3.1598638029480322     
   3.1488543193786009     
   3.1377920781624988     
   3.1266767169006360     
   3.1155078664558142     
   3.1042851508214326     
   3.0930081869864852     
   3.0816765847967100     
   3.0702899468117635     
   3.0588478681582623     
   3.0473499363785597     
   3.0357957312750825     
   3.0241848247500811     
   3.0125167806406039     
   3.0007911545485340     
   2.9890074936654871     
   2.9771653365923809     
   2.9652642131534694     
   2.9533036442046199     
   2.9412831414356178     
   2.9292022071662558     
   2.9170603341359560     
   2.9048570052866709     
   2.8925916935387894     
   2.8802638615597536     
   2.8678729615250957     
   2.8554184348715763     
   2.8428997120420818     
   2.8303162122219527     
   2.8176673430663608     
   2.8049525004183491     
   2.7921710680171499     
   2.7793224171963327     
   2.7664059065713480     
   2.7534208817159960     
   2.7403666748273201     
   2.7272426043784153     
   2.7140479747585884     
   2.7007820759003089     
   2.6874441828923334     
   2.6740335555783710     
   2.6605494381406070     
   2.6469910586673873     
   2.6333576287043061     
   2.6196483427879147     
   2.6058623779612167     
   2.5919988932700808     
   2.5780570292396390     
   2.5640359073297043     
   2.5499346293681833     
   2.5357522769613841     
   2.5214879108801056     
   2.5071405704202747     
   2.4927092727368811     
   2.4781930121498577     
   2.4635907594204909     
   2.4489014609968773     
   2.4341240382268374     
   2.4192573865366302     
   2.4043003745737148     
   2.3892518433117016     
   2.3741106051155390     
   2.3588754427648779     
   2.3435451084334282     
   2.3281183226220183     
   2.3125937730429280     
   2.2969701134529443     
   2.2812459624324384     
   2.2654199021076238     
   2.2494904768129946     
   2.2334561916907911     
   2.2173155112241516     
   2.2010668577004537     
   2.1847086096011443     
   2.1682390999141727     
   2.1516566143649336     
   2.1349593895614198     
   2.1181456110490640     
   2.1012134112705159     
   2.0841608674253789     
   2.0669859992246669     
   2.0496867665345251     
   2.0322610669034642     
   2.0147067329671358     
   1.9970215297243856     
   1.9792031516780775     
   1.9612492198339031     
   1.9431572785501430     
   1.9249247922310861     
   1.9065491418565721     
   1.8880276213399041     
   1.8693574337061567     
   1.8505356870827483     
   1.8315593904939926     
   1.8124254494512571     
   1.7931306613303242     
   1.7736717105275919     
   1.7540451633868726     
   1.7342474628887992     
   1.7142749230952155     
   1.6941237233414637     
   1.6737899021702107     
   1.6532693510014216     
   1.6325578075343297     
   1.6116508488788273     
   1.5905438844156843     
   1.5692321483874352     
   1.5477106922248043     
   1.5259743766171983     
   1.5040178633402661     
   1.4818356068589302     
   1.4594218457307835     
   1.4367705938425548     
   1.4138756315216803     
   1.3907304965761644     
   1.3673284753291834     
   1.3436625937306723     
   1.3197256086468381     
   1.2955099994507338     
   1.2710079600632307     
   1.2462113916247033     
   1.2211118960142309     
   1.1957007704761167     
   1.1699690036640358     
   1.1439072734724329     
   1.1175059470942783     
   1.0907550838255580     
   1.0636444412317678     
   1.0361634854021720     
   1.0083014061460265     
  0.98004713813376254     
  0.95138938915805094     
  0.92231667688762098     
  0.89281737571373010     
  0.86287977554848794     
  0.83249215472902305     
  0.80164286951499275     
  0.77032046304241875     
  0.73851379701776265     
  0.70621220990673161     
  0.67340570589873316     
  0.64008517952111377     
  0.60624268145846616     
  0.57187173194383489     
  0.53696768911611459     
  0.50152818115303743     
  0.46555361313571469     
  0.42904776316768767     
  0.39201848864447425     
  0.35447857554044354     
  0.31644678670339088     
  0.27794920979394261     
  0.23902108635843342     
  0.19970941079751903     
  0.16007648619505752     
  0.12020298600704910     
   8.0182867189000501E-002
   4.0099492962460008E-002
   0.0000000000000000     
