   40.641180820188190     
   40.640352187292237     
   40.639218469213169     
   40.637850975792013     
   40.636286481781106     
   40.634548455414560     
   40.632653553055547     
   40.630614387861222     
   40.628440939630011     
   40.626141359278705     
   40.623722466104233     
   40.621190074008986     
   40.618549215635539     
   40.615804302152725     
   40.612959240663834     
   40.610017522679804     
   40.606982292228828     
   40.603856399260117     
   40.600642442189518     
   40.597342802271029     
   40.593959671709307     
   40.590495076906848     
   40.586950897877820     
   40.583328884605109     
   40.579630670932907     
   40.575857786452737     
   40.572011666740863     
   40.568093662229913     
   40.564105045940465     
   40.560047020254288     
   40.555920722876650     
   40.551727232108490     
   40.547467571527825     
   40.543142714162677     
   40.538753586224544     
   40.534301070460074     
   40.529786009169527     
   40.525209206933596     
   40.520571433083575     
   40.515873423945230     
   40.511115884882180     
   40.506299492161254     
   40.501424894659060     
   40.496492715426953     
   40.491503553128787     
   40.486457983364552     
   40.481356559891196     
   40.476199815750569     
   40.470988264313313     
   40.465722400246626     
   40.460402700412629     
   40.455029624703727     
   40.449603616820376     
   40.444125104996196     
   40.438594502674896     
   40.433012209142952     
   40.427378610121664     
   40.421694078321750     
   40.415958973963491     
   40.410173645265047     
   40.404338428901291     
   40.398453650435343     
   40.392519624724912     
   40.386536656305111     
   40.380505039749458     
   40.374425060010601     
   40.368296992742060     
   40.362121104602387     
   40.355897653542740     
   40.349626889079154     
   40.343309052550218     
   40.336944377361434     
   40.330533089216637     
   40.324075406337734     
   40.317571539673040     
   40.311021693095213     
   40.304426063589204     
   40.297784841430826     
   40.291098210356544     
   40.284366347724870     
   40.277589424669941     
   40.270767606247574     
   40.263901051574273     
   40.256989913959586     
   40.250034341032013     
   40.243034474859016     
   40.235990452061195     
   40.228902403921062     
   40.221770456486588     
   40.214594730669923     
   40.207375342341251     
   40.200112402418263     
   40.192806016951309     
   40.185456287204445     
   40.178063309732572     
   40.170627176454815     
   40.163147974724282     
   40.155625787394428     
   40.148060692882076     
   40.140452765227295     
   40.132802074150142     
   40.125108685104621     
   40.117372659329625     
   40.109594053897297     
   40.101772921758723     
   40.093909311787073     
   40.086003268818295     
   40.078054833689464     
   40.070064043274797     
   40.062030930519512     
   40.053955524471469     
   40.045837850310747     
   40.037677929377246     
   40.029475779196176     
   40.021231413501816     
   40.012944842259216     
   40.004616071684232     
   39.996245104261689     
   39.987831938761822     
   39.979376570255063     
   39.970878990125115     
   39.962339186080399     
   39.953757142163923     
   39.945132838761609     
   39.936466252609009     
   39.927757356796569     
   39.919006120773346     
   39.910212510349290     
   39.901376487696098     
   39.892498011346525     
   39.883577036192420     
   39.874613513481236     
   39.865607390811206     
   39.856558612125141     
   39.847467117702827     
   39.838332844152106     
   39.829155724398525     
   39.819935687673734     
   39.810672659502401     
   39.801366561687956     
   39.792017312296835     
   39.782624825641477     
   39.773189012261938     
   39.763709778906147     
   39.754187028508845     
   39.744620660169133     
   39.735010569126764     
   39.725356646736856     
   39.715658780443455     
   39.705916853751518     
   39.696130746197646     
   39.686300333319373     
   39.676425486622897     
   39.666506073549556     
   39.656541957440751     
   39.646532997501382     
   39.636479048761835     
   39.626379962038463     
   39.616235583892482     
   39.606045756587299     
   39.595810318044329     
   39.585529101797178     
   39.575201936944161     
   39.564828648099180     
   39.554409055340876     
   39.543942974160132     
   39.533430215405708     
   39.522870585228205     
   39.512263885022065     
   39.501609911365811     
   39.490908455960358     
   39.480159305565294     
   39.469362241933297     
   39.458517041742397     
   39.447623476526203     
   39.436681312601998     
   39.425690310996636     
   39.414650227370181     
   39.403560811937282     
   39.392421809386143     
   39.381232958795152     
   39.369993993546913     
   39.358704641239846     
   39.347364623597137     
   39.335973656372950     
   39.324531449255964     
   39.313037705769965     
   39.301492123171641     
   39.289894392345268     
   39.278244197694370     
   39.266541217030174     
   39.254785121456806     
   39.242975575253112     
   39.231112235750963     
   39.219194753210090     
   39.207222770689093     
   39.195195923912756     
   39.183113841135352     
   39.170976142999990     
   39.158782442393679     
   39.146532344298187     
   39.134225445636375     
   39.121861335113955     
   39.109439593056550     
   39.096959791241751     
   39.084421492726165     
   39.071824251667259     
   39.059167613139664     
   39.046451112945988     
   39.033674277421817     
   39.020836623234636     
   39.007937657176591     
   38.994976875950840     
   38.981953765951246     
   38.968867803035110     
   38.955718452288842     
   38.942505167786145     
   38.929227392338611     
   38.915884557238293     
   38.902476081992063     
   38.889001374047382     
   38.875459828509207     
   38.861850827847718     
   38.848173741596405     
   38.834427926040277     
   38.820612723893753     
   38.806727463967846     
   38.792771460826145     
   38.778744014429343     
   38.764644409767676     
   38.750471916480812     
   38.736225788464864     
   38.721905263465707     
   38.707509562658373     
   38.693037890211677     
   38.678489432837694     
   38.663863359325234     
   38.649158820056861     
   38.634374946508629     
   38.619510850731864     
   38.604565624816189     
   38.589538340333064     
   38.574428047758914     
   38.559233775877019     
   38.543954531157240     
   38.528589297112504     
   38.513137033631239     
   38.497596676284509     
   38.481967135606716     
   38.466247296348776     
   38.450436016702469     
   38.434532127494641     
   38.418534431349890     
   38.402441701820251     
   38.386252682480368     
   38.369966085986491     
   38.353580593097668     
   38.337094851657184     
   38.320507475532551     
   38.303817043511870     
   38.287022098154473     
   38.270121144593652     
   38.253112649289143     
   38.235995038726699     
   38.218766698062360     
   38.201425969708318     
   38.183971151857705     
   38.166400496944959     
   38.148712210038560     
   38.130904447162543     
   38.112975313543132     
   38.094922861776439     
   38.076745089913132     
   38.058439939455511     
   38.040005293262311     
   38.021438973356247     
   38.002738738628757     
   37.983902282436517     
   37.964927230083390     
   37.945811136181646     
   37.926551481885312     
   37.907145671988452     
   37.887591031880568     
   37.867884804350808     
   37.848024146231921     
   37.828006124874655     
   37.807827714442276     
   37.787485792014444     
   37.766977133488666     
   37.746298409267069     
   37.725446179714893     
   37.704416890376628     
   37.683206866934242     
   37.661812309891111     
   37.640229288963965     
   37.618453737163613     
   37.596481444544175     
   37.574308051598713     
   37.551929042277280     
   37.529339736602104     
   37.506535282851928     
   37.483510649285869     
   37.460260615374388     
   37.436779762502525     
   37.413062464107632     
   37.389102875210583     
   37.364894921296148     
   37.340432286494348     
   37.315708401010454     
   37.290716427746688     
   37.265449248053784     
   37.239899446544925     
   37.214059294898476     
   37.187920734569367     
   37.161475358321226     
   37.134714390483481     
   37.107628665828372     
   37.080208606952702     
   37.052444200037982     
   37.024324968850138     
   36.995839946826251     
   36.966977647079851     
   36.937726030139764     
   36.908072469217394     
   36.878003712776476     
   36.847505844154448     
   36.816564237957955     
   36.785163512924029     
   36.753287480904213     
   36.720919091590005     
   36.688040372553964     
   36.654632364131217     
   36.620675048609449     
   36.586147273131665     
   36.551026665642532     
   36.515289543126102     
   36.478910811287371     
   36.441863854720850     
   36.404120416484268     
   36.365650465850834     
   36.326422052847732     
   36.286401147995633     
   36.245551465441338     
   36.203834267416433     
   36.161208147653063     
   36.117628791035152     
   36.073048706349823     
   36.027416928518527     
   35.980678686114196     
   35.932775029293978     
   35.883642412473371     
   35.833212225110941     
   35.781410262829510     
   35.728156129728738     
   35.673362561092752     
   35.616934653700461     
   35.558768988522687     
   35.498752627634232     
   35.436761963547518     
   35.372661394715287     
   35.306301795431345     
   35.237518741492487     
   35.166130444393389     
   35.091935336012796     
   35.014709232053583     
   34.934201985037653     
   34.850133515238838     
   34.762189078944481     
   34.670013595646367     
   34.573204806097934     
   34.471304967330269     
   34.363790702607098     
   34.250060505210058     
   34.129419232278174     
   34.001058700208318     
   33.864033178912102     
   33.717228137159289     
   33.559319952027082     
   33.388723363691220     
   33.203522076732916     
   33.001375830002786     
   32.779394067257343     
   32.533961351428694     
   32.260491700950062     
   31.953076042544858     
   31.603965355864901     
   31.202795365798398     
   30.735395266207640     
   30.181912884097308     
   29.513800581682268     
   28.688908100039953     
   27.643574277808909     
   26.280752252027824     
   24.456402684645290     
   21.980364667168857     
   18.678721622949521     
   14.551025410298728     
   9.8615089224745631     
   4.9493239434637433     
   0.0000000000000000     
