   70.777947808117645     
   70.777026461040890     
   70.775776667905490     
   70.774274609420871     
   70.772559774403973     
   70.770657418328639     
   70.768585488119044     
   70.766357584975779     
   70.763984476388259     
   70.761474960174681     
   70.758836399126125     
   70.756075072037461     
   70.753196415036555     
   70.750205193715374     
   70.747105629661775     
   70.743901495841300     
   70.740596190046801     
   70.737192792504189     
   70.733694111775634     
   70.730102721850898     
   70.726420992489608     
   70.722651114316093     
   70.718795119779116     
   70.714854900813492     
   70.710832223842488     
   70.706728742614516     
   70.702546009260502     
   70.698285483876788     
   70.693948542877209     
   70.689536486310473     
   70.685050544301873     
   70.680491882749706     
   70.675861608383599     
   70.671160773273712     
   70.666390378865216     
   70.661551379600326     
   70.656644686180385     
   70.651671168512820     
   70.646631658380940     
   70.641526951869025     
   70.636357811570917     
   70.631124968606201     
   70.625829124464786     
   70.620470952698327     
   70.615051100474489     
   70.609570190007517     
   70.604028819877854     
   70.598427566251374     
   70.592766984007667     
   70.587047607786118     
   70.581269952956958     
   70.575434516524155     
   70.569541777965966     
   70.563592200018775     
   70.557586229408614     
   70.551524297534911     
   70.545406821110404     
   70.539234202760426     
   70.533006831584970     
   70.526725083686330     
   70.520389322664798     
   70.513999900084997     
   70.507557155914753     
   70.501061418938633     
   70.494513007147859     
   70.487912228108357     
   70.481259379308085     
   70.474554748485460     
   70.467798613939877     
   70.460991244825507     
   70.454132901429517     
   70.447223835435537     
   70.440264290173559     
   70.433254500856691     
   70.426194694806100     
   70.419085091664130     
   70.411925903597009     
   70.404717335487192     
   70.397459585116295     
   70.390152843338811     
   70.382797294247453     
   70.375393115330283     
   70.367940477620223     
   70.360439545837210     
   70.352890478523662     
   70.345293428173150     
   70.337648541353047     
   70.329955958821074     
   70.322215815636383     
   70.314428241265105     
   70.306593359680917     
   70.298711289460584     
   70.290782143874949     
   70.282806030975365     
   70.274783053675847     
   70.266713309831175     
   70.258596892311090     
   70.250433889070592     
   70.242224383216779     
   70.233968453072094     
   70.225666172234270     
   70.217317609633042     
   70.208922829583727     
   70.200481891837924     
   70.191994851631094     
   70.183461759727592     
   70.174882662462792     
   70.166257601782732     
   70.157586615281176     
   70.148869736234204     
   70.140106993632386     
   70.131298412210725     
   70.122444012476208     
   70.113543810733233     
   70.104597819106914     
   70.095606045564253     
   70.086568493933228     
   70.077485163919960     
   70.068356051123843     
   70.059181147050808     
   70.049960439124732     
   70.040693910696831     
   70.031381541053477     
   70.022023305422024     
   70.012619174974958     
   70.003169116832296     
   69.993673094062288     
   69.984131065680330     
   69.974542986646341     
   69.964908807860311     
   69.955228476156336     
   69.945501934294938     
   69.935729120953752     
   69.925909970716603     
   69.916044414060991     
   69.906132377343980     
   69.896173782786377     
   69.886168548455331     
   69.876116588245480     
   69.866017811858327     
   69.855872124780021     
   69.845679428257554     
   69.835439619273330     
   69.825152590518115     
   69.814818230362206     
   69.804436422825248     
   69.794007047544028     
   69.783529979738901     
   69.773005090178245     
   69.762432245141412     
   69.751811306379849     
   69.741142131076458     
   69.730424571803212     
   69.719658476476951     
   69.708843688313351     
   69.697980045779047     
   69.687067382541883     
   69.676105527419196     
   69.665094304324271     
   69.654033532210690     
   69.642923025014696     
   69.631762591595574     
   69.620552035673825     
   69.609291155767338     
   69.597979745125258     
   69.586617591659703     
   69.575204477875218     
   69.563740180795890     
   69.552224471889971     
   69.540657116992378     
   69.529037876224294     
   69.517366503910651     
   69.505642748494665     
   69.493866352449885     
   69.482037052189440     
   69.470154577972565     
   69.458218653808132     
   69.446228997355306     
   69.434185319821097     
   69.422087325854932     
   69.409934713439853     
   69.397727173780581     
   69.385464391188108     
   69.373146042960869     
   69.360771799262352     
   69.348341322994926     
   69.335854269670037     
   69.323310287274438     
   69.310709016132378     
   69.298050088763731     
   69.285333129737822     
   69.272557755522882     
   69.259723574331034     
   69.246830185958501     
   69.233877181621239     
   69.220864143785363     
   69.207790645992489     
   69.194656252680076     
   69.181460518995962     
   69.168202990607554     
   69.154883203504994     
   69.141500683798469     
   69.128054947509327     
   69.114545500354751     
   69.100971837525691     
   69.087333443458192     
   69.073629791597440     
   69.059860344154629     
   69.046024551856135     
   69.032121853684927     
   69.018151676613840     
   69.004113435330453     
   68.990006531953256     
   68.975830355738751     
   68.961584282779356     
   68.947267675691577     
   68.932879883294092     
   68.918420240275466     
   68.903888066851209     
   68.889282668409464     
   68.874603335145238     
   68.859849341682661     
   68.845019946684531     
   68.830114392449090     
   68.815131904493398     
   68.800071691122454     
   68.784932942984099     
   68.769714832608742     
   68.754416513933322     
   68.739037121809048     
   68.723575771492321     
   68.708031558117753     
   68.692403556153167     
   68.676690818835297     
   68.660892377585753     
   68.645007241406347     
   68.629034396252806     
   68.612972804386217     
   68.596821403700929     
   68.580579107028399     
   68.564244801415384     
   68.547817347375954     
   68.531295578115703     
   68.514678298727418     
   68.497964285356531     
   68.481152284335366     
   68.464241011284614     
   68.447229150180689     
   68.430115352387347     
   68.412898235649990     
   68.395576383051051     
   68.378148341924557     
   68.360612622728070     
   68.342967697869923     
   68.325212000489969     
   68.307343923191254     
   68.289361816720543     
   68.271263988595280     
   68.253048701674203     
   68.234714172669158     
   68.216258570595102     
   68.197680015155186     
   68.178976575057959     
   68.160146266263041     
   68.141187050151828     
   68.122096831619416     
   68.102873457083774     
   68.083514712407762     
   68.064018320729673     
   68.044381940197368     
   68.024603161601050     
   68.004679505899333     
   67.984608421632643     
   67.964387282218226     
   67.944013383120108     
   67.923483938887259     
   67.902796080052539     
   67.881946849884912     
   67.860933200986366     
   67.839751991725123     
   67.818399982495350     
   67.796873831793718     
   67.775170092101916     
   67.753285205563913     
   67.731215499445597     
   67.708957181363942     
   67.686506334271726     
   67.663858911182970     
   67.641010729623105     
   67.617957465786674     
   67.594694648384504     
   67.571217652160499     
   67.547521691056986     
   67.523601811005946     
   67.499452882321791     
   67.475069591669453     
   67.450446433579501     
   67.425577701479938     
   67.400457478211763     
   67.375079625993052     
   67.349437775793220     
   67.323525316076271     
   67.297335380868205     
   67.270860837100329     
   67.244094271176124     
   67.217027974704692     
   67.189653929339329     
   67.161963790654099     
   67.133948870985648     
   67.105600121160990     
   67.076908111025034     
   67.047863008673687     
   67.018454558289719     
   66.988672056469412     
   66.958504326917009     
   66.927939693372736     
   66.896965950626978     
   66.865570333459303     
   66.833739483324294     
   66.801459412589480     
   66.768715466109967     
   66.735492279902729     
   66.701773736659206     
   66.667542917806557     
   66.632782051797562     
   66.597472458274254     
   66.561594487711560     
   66.525127456102950     
   66.488049574200716     
   66.450337870767768     
   66.411968109233968     
   66.372914697078457     
   66.333150587177613     
   66.292647170265639     
   66.251374157548071     
   66.209299452388223     
   66.166389009846895     
   66.122606682697182     
   66.077914052352440     
   66.032270242934501     
   65.985631716464837     
   65.937952046878635     
   65.889181670233000     
   65.839267608098211     
   65.788153160672991     
   65.735777565642564     
   65.682075618182367     
   65.626977246786197     
   65.570407038741536     
   65.512283708058575     
   65.452519497451576     
   65.391019504528174     
   65.327680920611812     
   65.262392168541339     
   65.195031923276545     
   65.125467996086741     
   65.053556059379844     
   64.979138184676344     
   64.902041160629111     
   64.822074551061405     
   64.739028444381958     
   64.652670834966514     
   64.562744563551121     
   64.468963726543521     
   64.371009442326653     
   64.268524834625325     
   64.161109056826461     
   64.048310134030061     
   63.929616337756393     
   63.804445726320345     
   63.672133374386888     
   63.531915667403595     
   63.382910834938393     
   63.224094618703070     
   63.054269582483528     
   62.872026021545786     
   62.675691640725418     
   62.463266022741102     
   62.232334210668824     
   61.979951174025516     
   61.702485012602466     
   61.395400631593340     
   61.052955850084579     
   60.667765953449049     
   60.230166047123276     
   59.727254968085596     
   59.141424681019217     
   58.448036540967500     
   57.611648259413400     
   56.579733473128755     
   55.272051628186659     
   53.562742306810492     
   51.251931544638808     
   48.029977786656843     
   43.469412032817196     
   37.155934830977806     
   29.050517466674513     
   19.717042240269567     
   9.8985897307115920     
   0.0000000000000000     
