   15.616769394700910     
   15.616278272967669     
   15.615484337552378     
   15.614450225094501     
   15.613210699441760     
   15.611788693009222     
   15.610200795722951     
   15.608459727130480     
   15.606575638477562     
   15.604556873079758     
   15.602410444347038     
   15.600142353479919     
   15.597757809994066     
   15.595261390246259     
   15.592657154721634     
   15.589948736929388     
   15.587139412176370     
   15.584232151721730     
   15.581229666080871     
   15.578134440123559     
   15.574948761863306     
   15.571674746325096     
   15.568314355522968     
   15.564869415326442     
   15.561341629812166     
   15.557732593563104     
   15.554043802277670     
   15.550276661976097     
   15.546432497033564     
   15.542512557225505     
   15.538518023935758     
   15.534450015651080     
   15.530309592844029     
   15.526097762328821     
   15.521815481160965     
   15.517463660140187     
   15.513043166966824     
   15.508554829094454     
   15.503999436315141     
   15.499377743108500     
   15.494690470781482     
   15.489938309422079     
   15.485121919687096     
   15.480241934441496     
   15.475298960264672     
   15.470293578837047     
   15.465226348218790     
   15.460097804031081     
   15.454908460549092     
   15.449658811714842     
   15.444349332077202     
   15.438980477665456     
   15.433552686802249     
   15.428066380861038     
   15.422521964972676     
   15.416919828685325     
   15.411260346581443     
   15.405543878855180     
   15.399770771853317     
   15.393941358582483     
   15.388055959185150     
   15.382114881386716     
   15.376118420915773     
   15.370066861899407     
   15.363960477235315     
   15.357799528942289     
   15.351584268490543     
   15.345314937113175     
   15.338991766100044     
   15.332614977075123     
   15.326184782258396     
   15.319701384713266     
   15.313164978580280     
   15.306575749298078     
   15.299933873812250     
   15.293239520772810     
   15.286492850720920     
   15.279694016265504     
   15.272843162250238     
   15.265940425911467     
   15.258985937027518     
   15.251979818059880     
   15.244922184286587     
   15.237813143928269     
   15.230652798267192     
   15.223441241759614     
   15.216178562141797     
   15.208864840529927     
   15.201500151514246     
   15.194084563247628     
   15.186618137528860     
   15.179100929880818     
   15.171532989623762     
   15.163914359943952     
   15.156245077957763     
   15.148525174771432     
   15.140754675536677     
   15.132933599502227     
   15.125061960061522     
   15.117139764796606     
   15.109167015518391     
   15.101143708303427     
   15.093069833527212     
   15.084945375894208     
   15.076770314464630     
   15.068544622678083     
   15.060268268374148     
   15.051941213810005     
   15.043563415675090     
   15.035134825102958     
   15.026655387680332     
   15.018125043453443     
   15.009543726931634     
   15.000911367088388     
   14.992227887359755     
   14.983493205640185     
   14.974707234275925     
   14.965869880055855     
   14.956981044199916     
   14.948040622345104     
   14.939048504529055     
   14.930004575171253     
   14.920908713051881     
   14.911760791288295     
   14.902560677309175     
   14.893308232826362     
   14.884003313804335     
   14.874645770427399     
   14.865235447064565     
   14.855772182232061     
   14.846255808553577     
   14.836686152718155     
   14.827063035435771     
   14.817386271390536     
   14.807655669191583     
   14.797871031321561     
   14.788032154082748     
   14.778138827540765     
   14.768190835465855     
   14.758187955271751     
   14.748129957952020     
   14.738016608013956     
   14.727847663409920     
   14.717622875466120     
   14.707341988808821     
   14.697004741287913     
   14.686610863897798     
   14.676160080695610     
   14.665652108716650     
   14.655086657887047     
   14.644463430933582     
   14.633782123290615     
   14.623042423004062     
   14.612244010632407     
   14.601386559144622     
   14.590469733815018     
   14.579493192114890     
   14.568456583600931     
   14.557359549800339     
   14.546201724092583     
   14.534982731587663     
   14.523702189000874     
   14.512359704523972     
   14.500954877692633     
   14.489487299250177     
   14.477956551007367     
   14.466362205698312     
   14.454703826832304     
   14.442980968541498     
   14.431193175424331     
   14.419339982384624     
   14.407420914466144     
   14.395435486682647     
   14.383383203843191     
   14.371263560372602     
   14.359076040127006     
   14.346820116204247     
   14.334495250749121     
   14.322100894753174     
   14.309636487849030     
   14.297101458099018     
   14.284495221777981     
   14.271817183150077     
   14.259066734239401     
   14.246243254594267     
   14.233346111044975     
   14.220374657454808     
   14.207328234464150     
   14.194206169227471     
   14.181007775142934     
   14.167732351574497     
   14.154379183566173     
   14.140947541548298     
   14.127436681035507     
   14.113845842316175     
   14.100174250133080     
   14.086421113354982     
   14.072585624638844     
   14.058666960082402     
   14.044664278866783     
   14.030576722888826     
   14.016403416382794     
   14.002143465531146     
   13.987795958063954     
   13.973359962846676     
   13.958834529455826     
   13.944218687742181     
   13.929511447381079     
   13.914711797409414     
   13.899818705748839     
   13.884831118714716     
   13.869747960510354     
   13.854568132705976     
   13.839290513701956     
   13.823913958175687     
   13.808437296511604     
   13.792859334213718     
   13.777178851300015     
   13.761394601678154     
   13.745505312501717     
   13.729509683506343     
   13.713406386325037     
   13.697194063781843     
   13.680871329163166     
   13.664436765465830     
   13.647888924621080     
   13.631226326693607     
   13.614447459054652     
   13.597550775528232     
   13.580534695509456     
   13.563397603053883     
   13.546137845936780     
   13.528753734681175     
   13.511243541553423     
   13.493605499525103     
   13.475837801199850     
   13.457938597703793     
   13.439905997538133     
   13.421738065392354     
   13.403432820916477     
   13.384988237450754     
   13.366402240710984     
   13.347672707427742     
   13.328797463937565     
   13.309774284724112     
   13.290600890907257     
   13.271274948677917     
   13.251794067676308     
   13.232155799311302     
   13.212357635018304     
   13.192397004453081     
   13.172271273618749     
   13.151977742923021     
   13.131513645162698     
   13.110876143432195     
   13.090062328952774     
   13.069069218818925     
   13.047893753658213     
   13.026532795200735     
   13.004983123754032     
   12.983241435579210     
   12.961304340163711     
   12.939168357386002     
   12.916829914567140     
   12.894285343403935     
   12.871530876778191     
   12.848562645436100     
   12.825376674531652     
   12.801968880027575     
   12.778335064946880     
   12.754470915467781     
   12.730371996854398     
   12.706033749215086     
   12.681451483079931     
   12.656620374788373     
   12.631535461677464     
   12.606191637060691     
   12.580583644986717     
   12.554706074766809     
   12.528553355259046     
   12.502119748896696     
   12.475399345447421     
   12.448386055489214     
   12.421073603588001     
   12.393455521161169     
   12.365525139010074     
   12.337275579503769     
   12.308699748394931     
   12.279790326247960     
   12.250539759457872     
   12.220940250837311     
   12.190983749747620     
   12.160661941748351     
   12.129966237738010     
   12.098887762557077     
   12.067417343022507     
   12.035545495360937     
   12.003262412005711     
   11.970557947720511     
   11.937421605010062     
   11.903842518775660     
   11.869809440170586     
   11.835310719607412     
   11.800334288866063     
   11.764867642248054     
   11.728897816718646     
   11.692411370974732     
   11.655394363372112     
   11.617832328641216     
   11.579710253315570     
   11.541012549792114     
   11.501723028936910     
   11.461824871143895     
   11.421300595747947     
   11.380132028686813     
   11.338300268299072     
   11.295785649137754     
   11.252567703670771     
   11.208625121730686     
   11.163935707566873     
   11.118476334343175     
   11.072222895913693     
   11.025150255698039     
   10.977232192465658     
   10.928441342826435     
   10.878749140211667     
   10.828125750116033     
   10.776540001356961     
   10.723959313093332     
   10.670349617330453     
   10.615675276623357     
   10.559898996675221     
   10.502981733513126     
   10.444882594909162     
   10.385558735701883     
   10.324965246661803     
   10.263055036535587     
   10.199778706898009     
   10.135084419439556     
   10.068917755322330     
   10.001221566249461     
   9.9319358169157628     
   9.8609974185428069     
   9.7883400532533322     
   9.7138939891123641     
   9.6375858857609042     
   9.5593385906991752     
   9.4790709264484114     
   9.3966974690428717     
   9.3121283185896502     
   9.2252688629977317     
   9.1360195364381198     
   9.0442755746757459     
   8.9499267701384682     
   8.8528572304908799     
   8.7529451455998579     
   8.6500625691605393     
   8.5440752229497683     
   8.4348423337511154     
   8.3222165155222090     
   8.2060437124291674     
   8.0861632220372321     
   7.9624078223035770     
   7.8346040311405885     
   7.7025725332542292     
   7.5661288157130606     
   7.4250840611869311     
   7.2792463557925888     
   7.1284222765712695     
   6.9724189310677325     
   6.8110465271120990     
   6.6441215529663387     
   6.4714706439700569     
   6.2929351982917803     
   6.1083767770064723     
   5.9176832773583987     
   5.7207757974353681     
   5.5176160113437955     
   5.3082137452899358     
   5.0926342919702599     
   4.8710048385447386     
   4.6435192405118881     
   4.4104402918620931     
   4.1720986711140693     
   3.9288879285134612     
   3.6812552417357800     
   3.4296881791531479     
   3.1746982873055734     
   2.9168028344942880     
   2.6565063613388595     
   2.3942837226673652     
   2.1305660470023429     
   1.8657305697753821     
   1.6000947459609356     
   1.3339145496733016     
   1.0673865137922764     
  0.80065288530543521     
  0.53380925534563739     
  0.26691412147430543     
   0.0000000000000000     
