   18.184952140416254     
   18.184397044877031     
   18.183490259511654     
   18.182308734080433     
   18.180893372452914     
   18.179270782343703     
   18.177460084638547     
   18.175475883918359     
   18.173329807970628     
   18.171031398216744     
   18.168588665988768     
   18.166008460611334     
   18.163296724080482     
   18.160458673695558     
   18.157498936924767     
   18.154421653469026     
   18.151230554125870     
   18.147929022826617     
   18.144520146201458     
   18.141006753723683     
   18.137391450618242     
   18.133676645130343     
   18.129864571339496     
   18.125957308413270     
   18.121956796984914     
   18.117864853184734     
   18.113683180740448     
   18.109413381475299     
   18.105056964466680     
   18.100615354077242     
   18.096089897030790     
   18.091481868674133     
   18.086792478541334     
   18.082022875317090     
   18.077174151280026     
   18.072247346293796     
   18.067243451403343     
   18.062163412085020     
   18.057008131192120     
   18.051778471631394     
   18.046475258801213     
   18.041099282817829     
   18.035651300552708     
   18.030132037500891     
   18.024542189497865     
   18.018882424300216     
   18.013153383043509     
   18.007355681589260     
   18.001489911771454     
   17.995556642551911     
   17.989556421092761     
   17.983489773753359     
   17.977357207018230     
   17.971159208361904     
   17.964896247055947     
   17.958568774922885     
   17.952177227041318     
   17.945722022406088     
   17.939203564546954     
   17.932622242108955     
   17.925978429397322     
   17.919272486889533     
   17.912504761716882     
   17.905675588117735     
   17.898785287864428     
   17.891834170665632     
   17.884822534545812     
   17.877750666203308     
   17.870618841348442     
   17.863427325022897     
   17.856176371901576     
   17.848866226578004     
   17.841497123834280     
   17.834069288896508     
   17.826582937676548     
   17.819038277000892     
   17.811435504827379     
   17.803774810450449     
   17.796056374695535     
   17.788280370103212     
   17.780446961103621     
   17.772556304181684     
   17.764608548033578     
   17.756603833714905     
   17.748542294780965     
   17.740424057419517     
   17.732249240576390     
   17.724017956074256     
   17.715730308724893     
   17.707386396435219     
   17.698986310307376     
   17.690530134733113     
   17.682017947482699     
   17.673449819788598     
   17.664825816424116     
   17.656145995777205     
   17.647410409919608     
   17.638619104671537     
   17.629772119661997     
   17.620869488384969     
   17.611911238251540     
   17.602897390638137     
   17.593827960930987     
   17.584702958566911     
   17.575522387070563     
   17.566286244088218     
   17.556994521418211     
   17.547647205038089     
   17.538244275128587     
   17.528785706094492     
   17.519271466582463     
   17.509701519495884     
   17.500075822006799     
   17.490394325564999     
   17.480656975904303     
   17.470863713046079     
   17.461014471300075     
   17.451109179262559     
   17.441147759811848     
   17.431130130101216     
   17.421056201549263     
   17.410925879827705     
   17.400739064846690     
   17.390495650737584     
   17.380195525833290     
   17.369838572646103     
   17.359424667843111     
   17.348953682219150     
   17.338425480667333     
   17.327839922147135     
   17.317196859650057     
   17.306496140162849     
   17.295737604628307     
   17.284921087903626     
   17.274046418716306     
   17.263113419617600     
   17.252121906933489     
   17.241071690713166     
   17.229962574675039     
   17.218794356150170     
   17.207566826023214     
   17.196279768670760     
   17.184932961897090     
   17.173526176867306     
   17.162059178037811     
   17.150531723084100     
   17.138943562825826     
   17.127294441149104     
   17.115584094926017     
   17.103812253931284     
   17.091978640756032     
   17.080082970718635     
   17.068124951772560     
   17.056104284411198     
   17.044020661569576     
   17.031873768522928     
   17.019663282782062     
   17.007388873985445     
   16.995050203787951     
   16.982646925746199     
   16.970178685200413     
   16.957645119152723     
   16.945045856141835     
   16.932380516113991     
   16.919648710290119     
   16.906850041029106     
   16.893984101687099     
   16.881050476472709     
   16.868048740298075     
   16.854978458625634     
   16.841839187310516     
   16.828630472438451     
   16.815351850159068     
   16.802002846514480     
   16.788582977263005     
   16.775091747697925     
   16.761528652461138     
   16.747893175351557     
   16.734184789128118     
   16.720402955307268     
   16.706547123954742     
   16.692616733471503     
   16.678611210373660     
   16.664529969066201     
   16.650372411610363     
   16.636137927484441     
   16.621825893337874     
   16.607435672738376     
   16.592966615911923     
   16.578418059475375     
   16.563789326161533     
   16.549079724536362     
   16.534288548708172     
   16.519415078028498     
   16.504458576784423     
   16.489418293882068     
   16.474293462520997     
   16.459083299859206     
   16.443787006668444     
   16.428403766979525     
   16.412932747717306     
   16.397373098325023     
   16.381723950377602     
   16.365984417183615     
   16.350153593375477     
   16.334230554487519     
   16.318214356521491     
   16.302104035499124     
   16.285898607001275     
   16.269597065693205     
   16.253198384835500     
   16.236701515780197     
   16.220105387451511     
   16.203408905810701     
   16.186610953304484     
   16.169710388296412     
   16.152706044480627     
   16.135596730277339     
   16.118381228209380     
   16.101058294259158     
   16.083626657205290     
   16.066085017938157     
   16.048432048753622     
   16.030666392624092     
   16.012786662446093     
   15.994791440263450     
   15.976679276465186     
   15.958448688957146     
   15.940098162306375     
   15.921626146857180     
   15.903031057817795     
   15.884311274316502     
   15.865465138426014     
   15.846490954154879     
   15.827386986404584     
   15.808151459891015     
   15.788782558028831     
   15.769278421777267     
   15.749637148445785     
   15.729856790457971     
   15.709935354071924     
   15.689870798055376     
   15.669661032313639     
   15.649303916468423     
   15.628797258385445     
   15.608138812648683     
   15.587326278978983     
   15.566357300594641     
   15.545229462511472     
   15.523940289779716     
   15.502487245655049     
   15.480867729700774     
   15.459079075818186     
   15.437118550201873     
   15.414983349216623     
   15.392670597192382     
   15.370177344133545     
   15.347500563338681     
   15.324637148926552     
   15.301583913264103     
   15.278337584291839     
   15.254894802741786     
   15.231252119242962     
   15.207405991308992     
   15.183352780202243     
   15.159088747668504     
   15.134610052535944     
   15.109912747171704     
   15.084992773789111     
   15.059845960598109     
   15.034468017791090     
   15.008854533355832     
   14.983000968706797     
   14.956902654125530     
   14.930554784000334     
   14.903952411854858     
   14.877090445154577     
   14.849963639879512     
   14.822566594850819     
   14.794893745798143     
   14.766939359153815     
   14.738697525559115     
   14.710162153066921     
   14.681326960024078     
   14.652185467615753     
   14.622730992052963     
   14.592956636383205     
   14.562855281902882     
   14.532419579148792     
   14.501641938444500     
   14.470514519975797     
   14.439029223367752     
   14.407177676734033     
   14.374951225167184     
   14.342340918636449     
   14.309337499257431     
   14.275931387895419     
   14.242112670061594     
   14.207871081058450     
   14.173195990327697     
   14.138076384950640     
   14.102500852247381     
   14.066457561417407     
   14.029934244159911     
   13.992918174207714     
   13.955396145703777     
   13.917354450344027     
   13.878778853204528     
   13.839654567164860     
   13.799966225832854     
   13.759697854868653     
   13.718832841598147     
   13.677353902797348     
   13.635243050520046     
   13.592481555831000     
   13.549049910296079     
   13.504927785068903     
   13.460093987400667     
   13.414526414385877     
   13.368202003741491     
   13.321096681400439     
   13.273185305682530     
   13.224441607786131     
   13.174838128322794     
   13.124346149593759     
   13.072935623282136     
   13.020575093207134     
   12.967231612756876     
   12.912870656584037     
   12.857456026113239     
   12.800949748371075     
   12.743311967608133     
   12.684500829137592     
   12.624472354766453     
   12.563180309143121     
   12.500576056288688     
   12.436608405518751     
   12.371223445897805     
   12.304364368299304     
   12.235971274071316     
   12.165980969230823     
   12.094326743029407     
   12.020938129650297     
   11.945740651712585     
   11.868655544174626     
   11.789599457147515     
   11.708484136054487     
   11.625216077507281     
   11.539696159222192     
   11.451819242274292     
   11.361473743998696     
   11.268541179906492     
   11.172895673107817     
   11.074403429949049     
   10.972922180905435     
   10.868300586264056     
   10.760377606835620     
   10.648981840912505     
   10.533930830028728     
   10.415030337882413     
   10.292073609189327     
   10.164840618420309     
   10.033097322553193     
   9.8965949374122584     
   9.7550692642092240     
   9.6082401019441619     
   9.4558107928529278     
   9.2974679626516572     
   9.1328815355326132     
   8.9617051263168577     
   8.7835769393829803     
   8.5981213362161757     
   8.4049512703454017     
   8.2036718287108155     
   7.9938851590252842     
   7.7751970975645550     
   7.5472258309689391     
   7.3096129131972560     
   7.0620368915945599     
   6.8042296432571465     
   6.5359952482705612     
   6.2572307962040306     
   5.9679479217906115     
   5.6682931266257546     
   5.3585641779572297     
   5.0392193010386803     
   4.7108758084516564     
   4.3742955540644015     
   4.0303563132423603     
   3.6800106750061610     
   3.3242366646485690     
   2.9639862314196681     
   2.6001382261086219     
   2.2334613937662358     
   1.8645906937095587     
   1.4940177756101298     
   1.1220944633921577     
  0.74904703449123033     
  0.37499892741037733     
   0.0000000000000000     
