   3.3252797891070860     
   3.3252136886479540     
   3.3250859185468196     
   3.3248990927247517     
   3.3246551845838774     
   3.3243558053507245     
   3.3240023268360206     
   3.3235959484231543     
   3.3231377382814138     
   3.3226286607928257     
   3.3220695958525752     
   3.3214613530322095     
   3.3208046823184798     
   3.3201002824723891     
   3.3193488076777338     
   3.3185508729254716     
   3.3177070584416861     
   3.3168179133773945     
   3.3158839589187519     
   3.3149056909352534     
   3.3138835822547583     
   3.3128180846335464     
   3.3117096304744882     
   3.3105586343352322     
   3.3093654942598243     
   3.3081305929606959     
   3.3068542988729686     
   3.3055369670990813     
   3.3041789402586406     
   3.3027805492559241     
   3.3013421139754797     
   3.2998639439146200     
   3.2983463387603047     
   3.2967895889168122     
   3.2951939759896862     
   3.2935597732307000     
   3.2918872459479522     
   3.2901766518846474     
   3.2884282415697124     
   3.2866422586429600     
   3.2848189401572370     
   3.2829585168596518     
   3.2810612134538042     
   3.2791272488446594     
   3.2771568363675838     
   3.2751501840028552     
   3.2731074945768581     
   3.2710289659510310     
   3.2689147911995233     
   3.2667651587764488     
   3.2645802526735079     
   3.2623602525686990     
   3.2601053339667661     
   3.2578156683319741     
   3.2554914232137424     
   3.2531327623656257     
   3.2507398458581016     
   3.2483128301855611     
   3.2458518683678839     
   3.2433571100469489     
   3.2408287015783865     
   3.2382667861188721     
   3.2356715037092347     
   3.2330429913536207     
   3.2303813830949504     
   3.2276868100868756     
   3.2249594006624442     
   3.2221992803996478     
   3.2194065721840204     
   3.2165813962684600     
   3.2137238703304045     
   3.2108341095265192     
   3.2079122265449991     
   3.2049583316556278     
   3.2019725327576962     
   3.1989549354258831     
   3.1959056429542048     
   3.1928247563981125     
   3.1897123746148348     
   3.1865685943020412     
   3.1833935100349069     
   3.1801872143016392     
   3.1769497975375471     
   3.1736813481577055     
   3.1703819525882801     
   3.1670516952965651     
   3.1636906588197893     
   3.1602989237927379     
   3.1568765689742380     
   3.1534236712725487     
   3.1499403057697086     
   3.1464265457448608     
   3.1428824626966150     
   3.1393081263644635     
   3.1357036047492954     
   3.1320689641330359     
   3.1284042690974401     
   3.1247095825420770     
   3.1209849657015143     
   3.1172304781617517     
   3.1134461778759039     
   3.1096321211791751     
   3.1057883628031298     
   3.1019149558892982     
   3.0980119520021177     
   3.0940794011412414     
   3.0901173517532272     
   3.0861258507426208     
   3.0821049434824506     
   3.0780546738241523     
   3.0739750841069338     
   3.0698662151665905     
   3.0657281063437924     
   3.0615607954918431     
   3.0573643189839368     
   3.0531387117199036     
   3.0488840071324779     
   3.0446002371930763     
   3.0402874324171072     
   3.0359456218688172     
   3.0315748331656796     
   3.0271750924823349     
   3.0227464245540938     
   3.0182888526799978     
   3.0138023987254550     
   3.0092870831244509     
   3.0047429248813398     
   3.0001699415722221     
   2.9955681493459152     
   2.9909375629245134     
   2.9862781956035493     
   2.9815900592517521     
   2.9768731643104167     
   2.9721275197923749     
   2.9673531332805725     
   2.9625500109262650     
   2.9577181574468185     
   2.9528575761231290     
   2.9479682687966520     
   2.9430502358660533     
   2.9381034762834703     
   2.9331279875503915     
   2.9281237657131518     
   2.9230908053580440     
   2.9180290996060427     
   2.9129386401071438     
   2.9078194170343181     
   2.9026714190770719     
   2.8974946334346177     
   2.8922890458086563     
   2.8870546403957578     
   2.8817913998793494     
   2.8764993054212971     
   2.8711783366530907     
   2.8658284716666165     
   2.8604496870045200     
   2.8550419576501547     
   2.8496052570171106     
   2.8441395569383201     
   2.8386448276547349     
   2.8331210378035689     
   2.8275681544061055     
   2.8219861428550526     
   2.8163749669014577     
   2.8107345886411568     
   2.8050649685007660     
   2.7993660652232024     
   2.7936378358527230     
   2.7878802357194843     
   2.7820932184236087     
   2.7762767358187448     
   2.7704307379951283     
   2.7645551732621159     
   2.7586499881301942     
   2.7527151272924577     
   2.7467505336055331     
   2.7407561480699516     
   2.7347319098099532     
   2.7286777560527073     
   2.7225936221069564     
   2.7164794413410442     
   2.7103351451603381     
   2.7041606629840245     
   2.6979559222212646     
   2.6917208482466939     
   2.6854553643752603     
   2.6791593918363787     
   2.6728328497473894     
   2.6664756550863036     
   2.6600877226638224     
   2.6536689650946141     
   2.6472192927678302     
   2.6407386138168389     
   2.6342268340881678     
   2.6276838571096257     
   2.6211095840575975     
   2.6145039137234765     
   2.6078667424792288     
   2.6011979642420582     
   2.5944974704381560     
   2.5877651499655072     
   2.5810008891557366     
   2.5742045717349678     
   2.5673760787836666     
   2.5605152886954521     
   2.5536220771348392     
   2.5466963169938945     
   2.5397378783477724     
   2.5327466284091047     
   2.5257224314812086     
   2.5186651489100971     
   2.5115746390352416     
   2.5044507571390664     
   2.4972933553951395     
   2.4901022828150228     
   2.4828773851937487     
   2.4756185050538844     
   2.4683254815881490     
   2.4609981506005378     
   2.4536363444459259     
   2.4462398919680957     
   2.4388086184361564     
   2.4313423454793068     
   2.4238408910198981     
   2.4163040692047444     
   2.4087316903346432     
   2.4011235607920494     
   2.3934794829668489     
   2.3857992551801921     
   2.3780826716063164     
   2.3703295221923115     
   2.3625395925757742     
   2.3547126640002820     
   2.3468485132286330     
   2.3389469124537854     
   2.3310076292074351     
   2.3230304262661612     
   2.3150150615550720     
   2.3069612880488792     
   2.2988688536703368     
   2.2907375011859505     
   2.2825669680989003     
   2.2743569865390829     
   2.2661072831502027     
   2.2578175789738122     
   2.2494875893302329     
   2.2411170236962521     
   2.2327055855795113     
   2.2242529723894924     
   2.2157588753049948     
   2.2072229791380136     
   2.1986449621939093     
   2.1900244961277680     
   2.1813612457968339     
   2.1726548691089094     
   2.1639050168666052     
   2.1551113326073215     
   2.1462734524388316     
   2.1373910048703575     
   2.1284636106389896     
   2.1194908825313350     
   2.1104724252002440     
   2.1014078349764840     
   2.0922966996752197     
   2.0831385983971389     
   2.0739331013240876     
   2.0646797695090542     
   2.0553781546603407     
   2.0460277989197646     
   2.0366282346347244     
   2.0271789841239527     
   2.0176795594367918     
   2.0081294621058086     
   1.9985281828925678     
   1.9888752015263838     
   1.9791699864358536     
   1.9694119944729882     
   1.9596006706297389     
   1.9497354477467290     
   1.9398157462139778     
   1.9298409736634221     
   1.9198105246530246     
   1.9097237803422586     
   1.8995801081587609     
   1.8893788614559361     
   1.8791193791613030     
   1.8688009854153638     
   1.8584229892007864     
   1.8479846839616836     
   1.8374853472127761     
   1.8269242401382293     
   1.8163006071799594     
   1.8056136756152037     
   1.7948626551231543     
   1.7840467373404734     
   1.7731650954054952     
   1.7622168834909535     
   1.7512012363250644     
   1.7401172687008186     
   1.7289640749733528     
   1.7177407285452815     
   1.7064462813399022     
   1.6950797632621957     
   1.6836401816475881     
   1.6721265206984572     
   1.6605377409084072     
   1.6488727784743766     
   1.6371305446966877     
   1.6253099253671894     
   1.6134097801457139     
   1.6014289419251164     
   1.5893662161852489     
   1.5772203803362894     
   1.5649901830519373     
   1.5526743435930823     
   1.5402715511226630     
   1.5277804640125496     
   1.5151997091434155     
   1.5025278811987146     
   1.4897635419540352     
   1.4769052195632899     
   1.4639514078433964     
   1.4509005655593175     
   1.4377511157115828     
   1.4245014448286681     
   1.4111499022669156     
   1.3976947995209961     
   1.3841344095482691     
   1.3704669661108027     
   1.3566906631392255     
   1.3428036541230908     
   1.3288040515329247     
   1.3146899262797236     
   1.3004593072182917     
   1.2861101807014996     
   1.2716404901933065     
   1.2570481359492163     
   1.2423309747737508     
   1.2274868198655180     
   1.2125134407615439     
   1.1974085633937239     
   1.1821698702715544     
   1.1667950008067209     
   1.1512815517966666     
   1.1356270780859523     
   1.1198290934260491     
   1.1038850715562063     
   1.0877924475301963     
   1.0715486193160950     
   1.0551509496987967     
   1.0385967685177293     
   1.0218833752752059     
   1.0050080421540728     
  0.98796801748677565     
  0.97076052972170446     
  0.95338279193667375     
  0.93583200695370716     
  0.91810537311389229     
  0.90020009077599406     
  0.88211336960777087     
  0.86384243674454009     
  0.84538454589549328     
  0.82673698748462177     
  0.80789709991985292     
  0.78886228209119491     
  0.76963000720637298     
  0.75019783808067375     
  0.73056344400661111     
  0.71072461933873377     
  0.69067930393962529     
  0.67042560564523779     
  0.64996182492161836     
  0.62928648190155745     
  0.60839834600971898     
  0.58729646840992611     
  0.56598021754067585     
  0.54444931804784347     
  0.52270389348161106     
  0.50074451320474977     
  0.47857224407143928     
  0.45618870759426366     
  0.43359614354253267     
  0.41079748123676157     
  0.38779642026120925     
  0.36459752295719172     
  0.34120632193102923     
  0.31762944691700407     
  0.29387477652322330     
  0.26995162102734926     
  0.24587094059726755     
  0.22164559424844299     
  0.19729058781325887     
  0.17282322605223754     
  0.14826296260137314     
  0.12363063429346764     
   9.8946865378346224E-002
   7.4229942010768879E-002
   4.9494067584961644E-002
   2.4748833753708264E-002
   0.0000000000000000     
