   18.667629871127183     
   18.666839922281984     
   18.665668976152393     
   18.664204061841797     
   18.662490741420825     
   18.660558281229218     
   18.658427530601728     
   18.656114316591424     
   18.653631183745791     
   18.650988391166749     
   18.648194530758438     
   18.645256933800450     
   18.642181950815932     
   18.638975151396572     
   18.635641471217355     
   18.632185322938344     
   18.628610681658373     
   18.624921151971037     
   18.621120021423476     
   18.617210303730538     
   18.613194774138776     
   18.609075998684158     
   18.604856358636006     
   18.600538071100122     
   18.596123206524059     
   18.591613703678849     
   18.587011382566654     
   18.582317955609501     
   18.577535037402694     
   18.572664153261250     
   18.567706746744918     
   18.562664186313480     
   18.557537771237392     
   18.552328736867548     
   18.547038259350842     
   18.541667459864087     
   18.536217408427824     
   18.530689127351948     
   18.525083594357671     
   18.519401745413738     
   18.513644477319602     
   18.507812650063816     
   18.501907088982087     
   18.495928586736294     
   18.489877905132978     
   18.483755776797697     
   18.477562906719434     
   18.471299973677713     
   18.464967631563557     
   18.458566510604108     
   18.452097218499727     
   18.445560341481357     
   18.438956445295108     
   18.432286076120320     
   18.425549761426669     
   18.418748010775385     
   18.411881316569065     
   18.404950154754218     
   18.397954985480130     
   18.390896253717539     
   18.383774389840028     
   18.376589810170952     
   18.369342917498418     
   18.362034101560557     
   18.354663739503216     
   18.347232196311978     
   18.339739825220214     
   18.332186968094863     
   18.324573955801302     
   18.316901108548727     
   18.309168736217313     
   18.301377138668204     
   18.293526606037499     
   18.285617419015139     
   18.277649849109650     
   18.269624158899546     
   18.261540602272184     
   18.253399424650770     
   18.245200863210229     
   18.236945147082501     
   18.228632497551896     
   18.220263128241029     
   18.211837245287786     
   18.203355047513885     
   18.194816726585373     
   18.186222467165532     
   18.177572447060545     
   18.168866837358291     
   18.160105802560562     
   18.151289500709094     
   18.142418083505628     
   18.133491696426322     
   18.124510478830732     
   18.115474564065657     
   18.106384079563998     
   18.097239146938954     
   18.088039882073641     
   18.078786395206393     
   18.069478791011885     
   18.060117168678303     
   18.050701621980622     
   18.041232239350251     
   18.031709103941086     
   18.022132293692174     
   18.012501881387063     
   18.002817934710002     
   17.993080516299056     
   17.983289683796247     
   17.973445489894875     
   17.963547982384007     
   17.953597204190341     
   17.943593193417435     
   17.933535983382395     
   17.923425602650180     
   17.913262075065433     
   17.903045419782057     
   17.892775651290520     
   17.882452779442950     
   17.872076809476088     
   17.861647742032158     
   17.851165573177681     
   17.840630294420283     
   17.830041892723543     
   17.819400350519931     
   17.808705645721840     
   17.797957751730806     
   17.787156637444859     
   17.776302267264118     
   17.765394601094616     
   17.754433594350388     
   17.743419197953852     
   17.732351358334480     
   17.721230017425825     
   17.710055112660854     
   17.698826576965669     
   17.687544338751604     
   17.676208321905694     
   17.664818445779542     
   17.653374625176600     
   17.641876770337880     
   17.630324786926042     
   17.618718576007961     
   17.607058034035667     
   17.595343052825768     
   17.583573519537250     
   17.571749316647765     
   17.559870321928308     
   17.547936408416312     
   17.535947444387180     
   17.523903293324242     
   17.511803813887077     
   17.499648859878270     
   17.487438280208529     
   17.475171918860173     
   17.462849614849020     
   17.450471202184570     
   17.438036509828560     
   17.425545361651800     
   17.412997576389326     
   17.400392967593834     
   17.387731343587348     
   17.375012507411153     
   17.362236256773912     
   17.349402383997969     
   17.336510675963837     
   17.323560914052784     
   17.310552874087552     
   17.297486326271098     
   17.284361035123439     
   17.271176759416463     
   17.257933252106710     
   17.244630260266092     
   17.231267525010523     
   17.217844781426344     
   17.204361758494642     
   17.190818179013267     
   17.177213759516611     
   17.163548210193039     
   17.149821234799937     
   17.136032530576372     
   17.122181788153235     
   17.108268691460822     
   17.094292917633894     
   17.080254136914011     
   17.066152012549182     
   17.051986200690724     
   17.037756350287268     
   17.023462102975838     
   17.009103092969941     
   16.994678946944575     
   16.980189283918104     
   16.965633715130895     
   16.951011843920650     
   16.936323265594300     
   16.921567567296449     
   16.906744327874208     
   16.891853117738332     
   16.876893498720591     
   16.861865023927223     
   16.846767237588402     
   16.831599674903572     
   16.816361861882562     
   16.801053315182326     
   16.785673541939186     
   16.770222039596497     
   16.754698295727508     
   16.739101787853365     
   16.723431983256013     
   16.707688338785953     
   16.691870300664597     
   16.675977304281105     
   16.660008773983524     
   16.643964122864045     
   16.627842752538179     
   16.611644052917669     
   16.595367401976944     
   16.579012165512911     
   16.562577696897808     
   16.546063336824947     
   16.529468413047102     
   16.512792240107309     
   16.496034119061733     
   16.479193337194452     
   16.462269167723786     
   16.445260869499958     
   16.428167686693683     
   16.410988848475476     
   16.393723568685271     
   16.376371045492029     
   16.358930461042966     
   16.341400981102066     
   16.323781754677416     
   16.306071913637012     
   16.288270572312577     
   16.270376827090931     
   16.252389755992482     
   16.234308418236292     
   16.216131853791303     
   16.197859082913030     
   16.179489105665297     
   16.161020901426369     
   16.142453428378861     
   16.123785622982805     
   16.105016399431118     
   16.086144649086890     
   16.067169239901606     
   16.048089015813606     
   16.028902796125951     
   16.009609374862812     
   15.990207520103425     
   15.970695973292807     
   15.951073448528037     
   15.931338631819219     
   15.911490180323881     
   15.891526721553747     
   15.871446852552591     
   15.851249139043892     
   15.830932114546901     
   15.810494279459762     
   15.789934100108058     
   15.769250007757245     
   15.748440397587302     
   15.727503627627751     
   15.706438017651170     
   15.685241848023283     
   15.663913358507422     
   15.642450747021169     
   15.620852168342841     
   15.599115732765295     
   15.577239504694390     
   15.555221501189360     
   15.533059690442039     
   15.510751990191896     
   15.488296266073407     
   15.465690329892322     
   15.442931937826978     
   15.420018788550697     
   15.396948521270970     
   15.373718713680898     
   15.350326879818073     
   15.326770467825767     
   15.303046857610902     
   15.279153358393012     
   15.255087206137969     
   15.230845560869753     
   15.206425503853282     
   15.181824034640606     
   15.157038067972467     
   15.132064430526460     
   15.106899857502594     
   15.081540989036260     
   15.055984366428032     
   15.030226428178819     
   15.004263505818193     
   14.978091819512709     
   14.951707473440148     
   14.925106450914489     
   14.898284609245321     
   14.871237674314170     
   14.843961234848775     
   14.816450736375028     
   14.788701474824567     
   14.760708589774373     
   14.732467057292730     
   14.703971682363942     
   14.675217090861864     
   14.646197721039895     
   14.616907814502387     
   14.587341406619421     
   14.557492316343753     
   14.527354135385115     
   14.496920216693264     
   14.466183662196777     
   14.435137309740012     
   14.403773719155474     
   14.372085157403008     
   14.340063582701147     
   14.307700627568840     
   14.274987580688226     
   14.241915367490535     
   14.208474529357868     
   14.174655201323118     
   14.140447088138650     
   14.105839438571552     
   14.070821017768763     
   14.035380077519424     
   13.999504324223828     
   13.963180884358316     
   13.926396267202973     
   13.889136324573798     
   13.851386207272677     
   13.813130317936622     
   13.774352259931778     
   13.735034781897072     
   13.695159717496551     
   13.654707919887327     
   13.613659190350962     
   13.571992200468973     
   13.529684407146503     
   13.486711959700681     
   13.443049598130200     
   13.398670541567730     
   13.353546365784979     
   13.307646868468105     
   13.260939920805932     
   13.213391303730258     
   13.164964526911989     
   13.115620628343045     
   13.065317952014277     
   13.014011900826242     
   12.961654661431485     
   12.908194897191882     
   12.853577404826808     
   12.797742729608810     
   12.740626733109879     
   12.682160106484590     
   12.622267821061184     
   12.560868506553978     
   12.497873745455351     
   12.433187270044206     
   12.366704045873396     
   12.298309222461182     
   12.227876928071808     
   12.155268880748636     
   12.080332781930641     
   12.002900451742230     
   11.922785656011307     
   11.839781563736988     
   11.753657759432263     
   11.664156716630341     
   11.570989615696163     
   11.473831359358833     
   11.372314600959939     
   11.266022550422427     
   11.154480257452963     
   11.037143985086020     
   10.913388171863739     
   10.782489327279366     
   10.643605997977023     
   10.495753661072218     
   10.337773016996856     
   10.168289627102313     
   9.9856621149600571     
   9.7879151493266718     
   9.5726520542198070     
   9.3369400376293967     
   9.0771586115146619     
   8.7887988609957279     
   8.4661983935301119     
   8.1021961460622638     
   7.6876989845046291     
   7.2111855303720214     
   6.6582779336995142     
   6.0118038916198602     
   5.2534873576381909     
   4.3697403110939375     
   3.3642793957869146     
   2.2706520113385698     
   1.1387446526636584     
   0.0000000000000000     
