   19.698398242555122     
   19.697575872613850     
   19.696377580193317     
   19.694890173778617     
   19.693158801036969     
   19.691212372365239     
   19.689071445340140     
   19.686751605998669     
   19.684265196605466     
   19.681622303785986     
   19.678831370297821     
   19.675899596865090     
   19.672833218520342     
   19.669637701757310     
   19.666317889484510     
   19.662878110311407     
   19.659322262716827     
   19.655653881068879     
   19.651876188238457     
   19.647992138116305     
   19.644004450396501     
   19.639915639346405     
   19.635728037837392     
   19.631443817595436     
   19.627065006403434     
   19.622593502821093     
   19.618031088864843     
   19.613379440997527     
   19.608640139706928     
   19.603814677897915     
   19.598904468280640     
   19.593910849904098     
   19.588835093958043     
   19.583678408945318     
   19.578441945309702     
   19.573126799590796     
   19.567734018166224     
   19.562264600632385     
   19.556719502867303     
   19.551099639812996     
   19.545405888009416     
   19.539639087907705     
   19.533800045986840     
   19.527889536694516     
   19.521908304230529     
   19.515857064188658     
   19.509736505071093     
   19.503547289687699     
   19.497290056451163     
   19.490965420577627     
   19.484573975201425     
   19.478116292411606     
   19.471592924217088     
   19.465004403446489     
   19.458351244588265     
   19.451633944575942     
   19.444852983522974     
   19.438008825411210     
   19.431101918736555     
   19.424132697115219     
   19.417101579853327     
   19.410008972482853     
   19.402855267266105     
   19.395640843671170     
   19.388366068820243     
   19.381031297912831     
   19.373636874625451     
   19.366183131489453     
   19.358670390248374     
   19.351098962196197     
   19.343469148497679     
   19.335781240491915     
   19.328035519980176     
   19.320232259498940     
   19.312371722579080     
   19.304454163991927     
   19.296479829983088     
   19.288448958494619     
   19.280361779376253     
   19.272218514586303     
   19.264019378382802     
   19.255764577505403     
   19.247454311348481     
   19.239088772126017     
   19.230668145028538     
   19.222192608372644     
   19.213662333743429     
   19.205077486130140     
   19.196438224055434     
   19.187744699698527     
   19.178997059012506     
   19.170195441836071     
   19.161339982000008     
   19.152430807428573     
   19.143468040236034     
   19.134451796818549     
   19.125382187941675     
   19.116259318823527     
   19.107083289213911     
   19.097854193469576     
   19.088572120625599     
   19.079237154463247     
   19.069849373574289     
   19.060408851422000     
   19.050915656398900     
   19.041369851881406     
   19.031771496281426     
   19.022120643095104     
   19.012417340948708     
   19.002661633641800     
   18.992853560187804     
   18.982993154851965     
   18.973080447186870     
   18.963115462065531     
   18.953098219712142     
   18.943028735730554     
   18.932907021130521     
   18.922733082351797     
   18.912506921286109     
   18.902228535297084     
   18.891897917238133     
   18.881515055468405     
   18.871079933866771     
   18.860592531843945     
   18.850052824352741     
   18.839460781896481     
   18.828816370535652     
   18.818119551892778     
   18.807370283155553     
   18.796568517078253     
   18.785714201981488     
   18.774807281750267     
   18.763847695830393     
   18.752835379223256     
   18.741770262478969     
   18.730652271687958     
   18.719481328470899     
   18.708257349967088     
   18.696980248821244     
   18.685649933168779     
   18.674266306619419     
   18.662829268239342     
   18.651338712531736     
   18.639794529415799     
   18.628196604204202     
   18.616544817578962     
   18.604839045565818     
   18.593079159506971     
   18.581265026032316     
   18.569396507029072     
   18.557473459609852     
   18.545495736079090     
   18.533463183897961     
   18.521375645647577     
   18.509232958990648     
   18.497034956631460     
   18.484781466274196     
   18.472472310579601     
   18.460107307119941     
   18.447686268332276     
   18.435209001469953     
   18.422675308552392     
   18.410084986313088     
   18.397437826145786     
   18.384733614048852     
   18.371972130567773     
   18.359153150735771     
   18.346276444012531     
   18.333341774220933     
   18.320348899481825     
   18.307297572146798     
   18.294187538728860     
   18.281018539831067     
   18.267790310072989     
   18.254502578015014     
   18.241155066080427     
   18.227747490475227     
   18.214279561105634     
   18.200750981493250     
   18.187161448687768     
   18.173510653177260     
   18.159798278795922     
   18.146024002629243     
   18.132187494916554     
   18.118288418950858     
   18.104326430975906     
   18.090301180080441     
   18.076212308089545     
   18.062059449453017     
   18.047842231130705     
   18.033560272474737     
   18.019213185108494     
   18.004800572802367     
   17.990322031346093     
   17.975777148417666     
   17.961165503448676     
   17.946486667486003     
   17.931740203049781     
   17.916925663987485     
   17.902042595324076     
   17.887090533108093     
   17.872069004253529     
   17.856977526377431     
   17.841815607633077     
   17.826582746538580     
   17.811278431800833     
   17.795902142134601     
   17.780453346076666     
   17.764931501794852     
   17.749336056891778     
   17.733666448203188     
   17.717922101590680     
   17.702102431728665     
   17.686206841885404     
   17.670234723697860     
   17.654185456940283     
   17.638058409286241     
   17.621852936063920     
   17.605568380004470     
   17.589204070983193     
   17.572759325753296     
   17.556233447672028     
   17.539625726418880     
   17.522935437705623     
   17.506161842977932     
   17.489304189108257     
   17.472361708079681     
   17.455333616660450     
   17.438219116068865     
   17.421017391628173     
   17.403727612411121     
   17.386348930873858     
   17.368880482478701     
   17.351321385305496     
   17.333670739651076     
   17.315927627616386     
   17.298091112680936     
   17.280160239263960     
   17.262134032271913     
   17.244011496631757     
   17.225791616809484     
   17.207473356313397     
   17.189055657181459     
   17.170537439452215     
   17.151917600618592     
   17.133195015063933     
   17.114368533479585     
   17.095436982263291     
   17.076399162897680     
   17.057253851307987     
   17.037999797198268     
   17.018635723365161     
   16.999160324988328     
   16.979572268896590     
   16.959870192808836     
   16.940052704548535     
   16.920118381230832     
   16.900065768421072     
   16.879893379263510     
   16.859599693578936     
   16.839183156929895     
   16.818642179652073     
   16.797975135850375     
   16.777180362358145     
   16.756256157657887     
   16.735200780761716     
   16.714012450049811     
   16.692689342064853     
   16.671229590260484     
   16.649631283701634     
   16.627892465714485     
   16.606011132483637     
   16.583985231594049     
   16.561812660515034     
   16.539491265023496     
   16.517018837563509     
   16.494393115539008     
   16.471611779536307     
   16.448672451472909     
   16.425572692668876     
   16.402310001836707     
   16.378881812985671     
   16.355285493235932     
   16.331518340537823     
   16.307577581291191     
   16.283460367859401     
   16.259163775972244     
   16.234684802011714     
   16.210020360174081     
   16.185167279501268     
   16.160122300774223     
   16.134882073260240     
   16.109443151305815     
   16.083801990765931     
   16.057954945260093     
   16.031898262244635     
   16.005628078890176     
   15.979140417752246     
   15.952431182222181     
   15.925496151744445     
   15.898330976785497     
   15.870931173538171     
   15.843292118344261     
   15.815409041816677     
   15.787277022641062     
   15.758890981035051     
   15.730245671841733     
   15.701335677231723     
   15.672155398986352     
   15.642699050331920     
   15.612960647292551     
   15.582933999526293     
   15.552612700606000     
   15.521990117703046     
   15.491059380628318     
   15.459813370180530     
   15.428244705747465     
   15.396345732100535     
   15.364108505317386     
   15.331524777761114     
   15.298585982037478     
   15.265283213843926     
   15.231607213615478     
   15.197548346862911     
   15.163096583087970     
   15.128241473148229     
   15.092972124930794     
   15.057277177178980     
   15.021144771299081     
   14.984562520955327     
   14.947517479239718     
   14.909996103179152     
   14.871984215315026     
   14.833466962059502     
   14.794428768497696     
   14.754853289265215     
   14.714723355085301     
   14.674020914498314     
   14.632726970257551     
   14.590821509798067     
   14.548283429108251     
   14.505090449245293     
   14.461219024634001     
   14.416644242170863     
   14.371339710019543     
   14.325277434826614     
   14.278427685903514     
   14.230758844707738     
   14.182237237707540     
   14.132826950423127     
   14.082489620094968     
   14.031184204026689     
   13.978866720173322     
   13.925489955980407     
   13.871003140806851     
   13.815351576461126     
   13.758476219417586     
   13.700313207121132     
   13.640793319388546     
   13.579841364216636     
   13.517375475237484     
   13.453306305527317     
   13.387536099358163     
   13.319957619627390     
   13.250452903909315     
   13.178891816085111     
   13.105130352979053     
   13.029008655906381     
   12.950348664914756     
   12.868951337961805     
   12.784593337210303     
   12.697023058527881     
   12.605955846063287     
   12.511068188528279     
   12.411990633450596     
   12.308299074356654     
   12.199503955214970     
   12.085036784324370     
   11.964233138175539     
   11.836311037767590     
   11.700343154675016     
   11.555220689149817     
   11.399605859762122     
   11.231868597987706     
   11.050001000597229     
   10.851499945367683     
   10.633203333699313     
   10.391057523814355     
   10.119780675219911     
   9.8123655597669242     
   9.4593303177747998     
   9.0475683080426581     
   8.5585605623950052     
   7.9656117395620356     
   7.2298121329750318     
   6.2954862907352052     
   5.0919189316941065     
   3.5707576682928610     
   1.8141644698286883     
   0.0000000000000000     
