   71.072381136669094     
   71.071476132458841     
   71.070248652491031     
   71.068773481662973     
   71.067089387797083     
   71.065221165591268     
   71.063186434459567     
   71.060998547212733     
   71.058668074490228     
   71.056203653059143     
   71.053612510726893     
   71.050900810987187     
   71.048073889961742     
   71.045136425403442     
   71.042092560929689     
   71.038945999671867     
   71.035700076391393     
   71.032357814039685     
   71.028921968828314     
   71.025395066647107     
   71.021779432856036     
   71.018077216924496     
   71.014290413010926     
   71.010420877304028     
   71.006470342752934     
   71.002440431671062     
   70.998332666592930     
   70.994148479683133     
   70.989889220937044     
   70.985556165365281     
   70.981150519318689     
   70.976673426081319     
   70.972125970836899     
   70.967509185096390     
   70.962824050659094     
   70.958071503168952     
   70.953252435317395     
   70.948367699736835     
   70.943418111621924     
   70.938404451110642     
   70.933327465452606     
   70.928187870988651     
   70.922986354961949     
   70.917723577178663     
   70.912400171533747     
   70.907016747415653     
   70.901573891001789     
   70.896072166455610     
   70.890512117034277     
   70.884894266115623     
   70.879219118151511     
   70.873487159554202     
   70.867698859521596     
   70.861854670806622     
   70.855955030435425     
   70.850000360378530     
   70.843991068179051     
   70.837927547540872     
   70.831810178880488     
   70.825639329844790     
   70.819415355797759     
   70.813138600278037     
   70.806809395429809     
   70.800428062408514     
   70.793994911763690     
   70.787510243800014     
   70.780974348918249     
   70.774387507937490     
   70.767749992399843     
   70.761062064858763     
   70.754323979151962     
   70.747535980659961     
   70.740698306551167     
   70.733811186014222     
   70.726874840478516     
   70.719889483823366     
   70.712855322576686     
   70.705772556103781     
   70.698641376786512     
   70.691461970193842     
   70.684234515243816     
   70.676959184357543     
   70.669636143605800     
   70.662265552848396     
   70.654847565866831     
   70.647382330490430     
   70.639869988716399     
   70.632310676824062     
   70.624704525483594     
   70.617051659859371     
   70.609352199708368     
   70.601606259473755     
   70.593813948373764     
   70.585975370486366     
   70.578090624829557     
   70.570159805437726     
   70.562183001434093     
   70.554160297099429     
   70.546091771937313     
   70.537977500735849     
   70.529817553626188     
   70.521611996137722     
   70.513360889250436     
   70.505064289444121     
   70.496722248744845     
   70.488334814768578     
   70.479902030762332     
   70.471423935642449     
   70.462900564030591     
   70.454331946287240     
   70.445718108542877     
   70.437059072726782     
   70.428354856593685     
   70.419605473748192     
   70.410810933667122     
   70.401971241719806     
   70.393086399186217     
   70.384156403273352     
   70.375181247129461     
   70.366160919856526     
   70.357095406520770     
   70.347984688161418     
   70.338828741797599     
   70.329627540433492     
   70.320381053061794     
   70.311089244665297     
   70.301752076216914     
   70.292369504677993     
   70.282941482994914     
   70.273467960094024     
   70.263948880875006     
   70.254384186202572     
   70.244773812896540     
   70.235117693720241     
   70.225415757367458     
   70.215667928447644     
   70.205874127469599     
   70.196034270823404     
   70.186148270761066     
   70.176216035375276     
   70.166237468576583     
   70.156212470069136     
   70.146140935324581     
   70.136022755554535     
   70.125857817681265     
   70.115646004306825     
   70.105387193680428     
   70.095081259664198     
   70.084728071697228     
   70.074327494757952     
   70.063879389324640     
   70.053383611334368     
   70.042840012139990     
   70.032248438465430     
   70.021608732359155     
   70.010920731145731     
   70.000184267375460     
   69.989399168772266     
   69.978565258179430     
   69.967682353503520     
   69.956750267656162     
   69.945768808493767     
   69.934737778755348     
   69.923656975997943     
   69.912526192529938     
   69.901345215342261     
   69.890113826037179     
   69.878831800754838     
   69.867498910097325     
   69.856114919050398     
   69.844679586902743     
   69.833192667162464     
   69.821653907471301     
   69.810063049515819     
   69.798419828936090     
   69.786723975231467     
   69.774975211663460     
   69.763173255155664     
   69.751317816190621     
   69.739408598703605     
   69.727445299973198     
   69.715427610508428     
   69.703355213932696     
   69.691227786864147     
   69.679044998792307     
   69.666806511951293     
   69.654511981189060     
   69.642161053832680     
   69.629753369549803     
   69.617288560205736     
   69.604766249716334     
   69.592186053896569     
   69.579547580304535     
   69.566850428080613     
   69.554094187781985     
   69.541278441212100     
   69.528402761245005     
   69.515466711644365     
   69.502469846876991     
   69.489411711920766     
   69.476291842066686     
   69.463109762714879     
   69.449864989164496     
   69.436557026396954     
   69.423185368852685     
   69.409749500200945     
   69.396248893102495     
   69.382683008964975     
   69.369051297690604     
   69.355353197416036     
   69.341588134243977     
   69.327755521966495     
   69.313854761779453     
   69.299885241987937     
   69.285846337702282     
   69.271737410524466     
   69.257557808224263     
   69.243306864405028     
   69.228983898158731     
   69.214588213709547     
   69.200119100046024     
   69.185575830540969     
   69.170957662558962     
   69.156263837050602     
   69.141493578133478     
   69.126646092658916     
   69.111720569764259     
   69.096716180409842     
   69.081632076900377     
   69.066467392389754     
   69.051221240369046     
   69.035892714136622     
   69.020480886249871     
   69.004984807957854     
   68.989403508613833     
   68.973735995067202     
   68.957981251033686     
   68.942138236443029     
   68.926205886763228     
   68.910183112300302     
   68.894068797472528     
   68.877861800058213     
   68.861560950415566     
   68.845165050673828     
   68.828672873894078     
   68.812083163198650     
   68.795394630867591     
   68.778605957400771     
   68.761715790544145     
   68.744722744278462     
   68.727625397768833     
   68.710422294273300     
   68.693111940008464     
   68.675692802970318     
   68.658163311708094     
   68.640521854049013     
   68.622766775771495     
   68.604896379224513     
   68.586908921890299     
   68.568802614887971     
   68.550575621414893     
   68.532226055122919     
   68.513751978426200     
   68.495151400737171     
   68.476422276627218     
   68.457562503907951     
   68.438569921629366     
   68.419442307990394     
   68.400177378157323     
   68.380772781985470     
   68.361226101638678     
   68.341534849101635     
   68.321696463578917     
   68.301708308774806     
   68.281567670047536     
   68.261271751430712     
   68.240817672514993     
   68.220202465181956     
   68.199423070181879     
   68.178476333546726     
   68.157359002828755     
   68.136067723154738     
   68.114599033085028     
   68.092949360266090     
   68.071115016864184     
   68.049092194767084     
   68.026876960539880     
   68.004465250119921     
   67.981852863234593     
   67.959035457525147     
   67.936008542357726     
   67.912767472302079     
   67.889307440256616     
   67.865623470196823     
   67.841710409522861     
   67.817562920979555     
   67.793175474120545     
   67.768542336285861     
   67.743657563060083     
   67.718514988175158     
   67.693108212819538     
   67.667430594312009     
   67.641475234095225     
   67.615234965000269     
   67.588702337729202     
   67.561869606498817     
   67.534728713782997     
   67.507271274086577     
   67.479488556677083     
   67.451371467194704     
   67.422910528053308     
   67.394095857537934     
   67.364917147494879     
   67.335363639501622     
   67.305424099392738     
   67.275086790006299     
   67.244339442002371     
   67.213169222590665     
   67.181562701988469     
   67.149505817411821     
   67.116983834383191     
   67.083981305116836     
   67.050482023717706     
   67.016468977902306     
   66.981924296918663     
   66.946829195307402     
   66.911163912106900     
   66.874907645060588     
   66.838038479335040     
   66.800533310200663     
   66.762367759062826     
   66.723516082158753     
   66.683951071153061     
   66.643643944770929     
   66.602564230500917     
   66.560679635276841     
   66.517955903908387     
   66.474356663868505     
   66.429843254861851     
   66.384374541383323     
   66.337906706230783     
   66.290393022648971     
   66.241783602450283     
   66.192025117070827     
   66.141060488068675     
   66.088828543041870     
   66.035263632322341     
   65.980295201069012     
   65.923847310517601     
   65.865838101117546     
   65.806179189064096     
   65.744774986273399     
   65.681521932098406     
   65.616307622976379     
   65.549009823653307     
   65.479495340541106     
   65.407618733997140     
   65.333220841704318     
   65.256127079654249     
   65.176145480216448     
   65.093064418047277     
   65.006649963676793     
   64.916642790880019     
   64.822754546558031     
   64.724663569708710     
   64.622009817653790     
   64.514388820967099     
   64.401344440717949     
   64.282360138828537     
   64.156848389126580     
   64.024137745397240     
   63.883456932462408     
   63.733915121216732     
   63.574477265457581     
   63.403932982860496     
   63.220856902768745     
   63.023557600372747     
   62.810011067239721     
   62.577772937339724     
   62.323861082167106     
   62.044596193430174     
   61.735381724274319     
   61.390394583304641     
   61.002141686959874     
   60.560810261192103     
   60.053293239441786     
   59.461689696582646     
   58.760935145105627     
   57.914955158668640     
   56.870269744560957     
   55.545194185792042     
   53.811737379811390     
   51.467189752782275     
   48.199293184972923     
   43.581746640891772     
   37.211325108916959     
   29.067387676787042     
   19.719361417543428     
   9.8986174710977561     
   0.0000000000000000     
