   15.909147092516051     
   15.908610840203092     
   15.907718677860665     
   15.906537462573846     
   15.905105898905934     
   15.903450167137210     
   15.901589535047057     
   15.899538964746167     
   15.897310516688373     
   15.894914183736512     
   15.892358422748543     
   15.889650511875185     
   15.886796800934972     
   15.883802892863319     
   15.880673778906823     
   15.877413941725171     
   15.874027435592346     
   15.870517949858879     
   15.866888859921909     
   15.863143268701528     
   15.859284040785568     
   15.855313830831403     
   15.851235107411430     
   15.847050173202007     
   15.842761182207358     
   15.838370154556356     
   15.833878989295290     
   15.829289475512910     
   15.824603302067377     
   15.819822066133304     
   15.814947280746832     
   15.809980381494821     
   15.804922732469102     
   15.799775631586355     
   15.794540315357921     
   15.789217963180439     
   15.783809701207462     
   15.778316605853057     
   15.772739706971109     
   15.767079990747821     
   15.761338402339687     
   15.755515848284967     
   15.749613198712840     
   15.743631289371569     
   15.737570923494060     
   15.731432873517106     
   15.725217882668650     
   15.718926666435662     
   15.712559913923801     
   15.706118289118780     
   15.699602432058263     
   15.693012959922152     
   15.686350468048317     
   15.679615530880067     
   15.672808702850984     
   15.665930519212285     
   15.658981496807241     
   15.651962134796829     
   15.644872915340327     
   15.637714304234361     
   15.630486751513356     
   15.623190692014296     
   15.615826545908330     
   15.608394719201533     
   15.600895604206997     
   15.593329579990160     
   15.585697012789238     
   15.577998256412297     
   15.570233652612558     
   15.562403531443296     
   15.554508211593605     
   15.546548000706197     
   15.538523195678362     
   15.530434082947041     
   15.522280938759007     
   15.514064029426946     
   15.505783611572278     
   15.497439932355459     
   15.489033229694416     
   15.480563732471797     
   15.472031660731604     
   15.463437225865782     
   15.454780630791230     
   15.446062070117799     
   15.437281730307637     
   15.428439789826346     
   15.419536419286343     
   15.410571781582782     
   15.401546032022358     
   15.392459318445347     
   15.383311781341169     
   15.374103553957719     
   15.364834762404795     
   15.355505525751825     
   15.346115956120109     
   15.336666158769832     
   15.327156232182034     
   15.317586268135720     
   15.307956351780293     
   15.298266561703485     
   15.288516969994937     
   15.278707642305561     
   15.268838637902856     
   15.258910009722275     
   15.248921804414790     
   15.238874062390746     
   15.228766817860123     
   15.218600098869317     
   15.208373927334508     
   15.198088319071722     
   15.187743283823670     
   15.177338825283417     
   15.166874941115001     
   15.156351622971000     
   15.145768856507170     
   15.135126621394180     
   15.124424891326504     
   15.113663634028519     
   15.102842811257846     
   15.091962378805993     
   15.081022286496339     
   15.070022478179441     
   15.058962891725784     
   15.047843459015922     
   15.036664105928068     
   15.025424752323172     
   15.014125312027460     
   15.002765692812504     
   14.991345796372778     
   14.979865518300761     
   14.968324748059565     
   14.956723368953107     
   14.945061258093816     
   14.933338286367887     
   14.921554318398096     
   14.909709212504099     
   14.897802820660310     
   14.885834988451272     
   14.873805555024553     
   14.861714353041133     
   14.849561208623250     
   14.837345941299732     
   14.825068363948773     
   14.812728282738099     
   14.800325497062547     
   14.787859799479014     
   14.775330975638729     
   14.762738804216841     
   14.750083056839287     
   14.737363498006852     
   14.724579885016498     
   14.711731967879782     
   14.698819489238421     
   14.685842184276922     
   14.672799780632225     
   14.659691998300316     
   14.646518549539762     
   14.633279138772107     
   14.619973462479045     
   14.606601209096381     
   14.593162058904625     
   14.579655683916222     
   14.566081747759325     
   14.552439905558010     
   14.538729803808923     
   14.524951080254214     
   14.511103363750712     
   14.497186274135261     
   14.483199422086104     
   14.469142408980227     
   14.455014826746613     
   14.440816257715209     
   14.426546274461634     
   14.412204439647397     
   14.397790305855599     
   14.383303415421958     
   14.368743300261054     
   14.354109481687686     
   14.339401470233177     
   14.324618765456510     
   14.309760855750174     
   14.294827218140560     
   14.279817318082740     
   14.264730609249520     
   14.249566533314566     
   14.234324519729451     
   14.219003985494464     
   14.203604334922989     
   14.188124959399261     
   14.172565237129318     
   14.156924532884977     
   14.141202197740553     
   14.125397568802200     
   14.109509968929569     
   14.093538706449614     
   14.077483074862268     
   14.061342352537761     
   14.045115802405320     
   14.028802671632983     
   14.012402191298223     
   13.995913576049155     
   13.979336023755964     
   13.962668715152288     
   13.945910813466202     
   13.929061464040492     
   13.912119793941864     
   13.895084911558710     
   13.877955906187102     
   13.860731847604562     
   13.843411785631254     
   13.825994749678150     
   13.808479748281746     
   13.790865768624855     
   13.773151776043035     
   13.755336713516131     
   13.737419501144410     
   13.719399035608820     
   13.701274189614717     
   13.683043811318583     
   13.664706723737076     
   13.646261724137791     
   13.627707583411098     
   13.609043045422379     
   13.590266826343923     
   13.571377613965799     
   13.552374066984891     
   13.533254814271306     
   13.514018454111334     
   13.494663553426076     
   13.475188646964849     
   13.455592236472398     
   13.435872789828935     
   13.416028740161982     
   13.396058484928933     
   13.375960384969206     
   13.355732763524841     
   13.335373905228243     
   13.314882055055884     
   13.294255417246548     
   13.273492154182756     
   13.252590385233891     
   13.231548185559493     
   13.210363584871134     
   13.189034566151157     
   13.167559064326589     
   13.145934964896297     
   13.124160102509553     
   13.102232259493951     
   13.080149164330546     
   13.057908490074013     
   13.035507852715543     
   13.012944809485965     
   12.990216857096609     
   12.967321429915220     
   12.944255898074044     
   12.921017565507233     
   12.897603667914414     
   12.874011370647178     
   12.850237766515050     
   12.826279873507406     
   12.802134632427466     
   12.777798904434485     
   12.753269468489917     
   12.728543018703133     
   12.703616161572132     
   12.678485413114304     
   12.653147195882168     
   12.627597835858637     
   12.601833559226170     
   12.575850489003749     
   12.549644641545388     
   12.523211922893479     
   12.496548124979972     
   12.469648921667881     
   12.442509864625322     
   12.415126379023802     
   12.387493759051939     
   12.359607163235408     
   12.331461609553317     
   12.303051970340656     
   12.274372966965840     
   12.245419164271830     
   12.216184964768495     
   12.186664602563239     
   12.156852137016150     
   12.126741446105070     
   12.096326219485103     
   12.065599951226185     
   12.034555932211280     
   12.003187242176798     
   11.971486741375536     
   11.939447061841387     
   11.907060598233679     
   11.874319498237591     
   11.841215652495677     
   11.807740684043907     
   11.773885937223898     
   11.739642466041245     
   11.705001021937880     
   11.669952040944301     
   11.634485630175252     
   11.598591553630124     
   11.562259217256662     
   11.525477653233883     
   11.488235503427148     
   11.450521001965132     
   11.412321956885091     
   11.373625730789110     
   11.334419220450190     
   11.294688835302747     
   11.254420474747667     
   11.213599504197207     
   11.172210729779813     
   11.130238371619415     
   11.087666035597776     
   11.044476683502056     
   11.000652601452904     
   10.956175366501055     
   10.911025811272504     
   10.865183986533934     
   10.818629121540981     
   10.771339582022430     
   10.723292825642897     
   10.674465354775879     
   10.624832666407118     
   10.574369198975912     
   10.523048275948874     
   10.470842045906632     
   10.417721418909322     
   10.363655998891293     
   10.308614011819323     
   10.252562229331831     
   10.195465887559267     
   10.137288600808130     
   10.077992269772968     
   10.017536983922893     
   9.9558809176913456     
   9.8929802200810943     
   9.8287888972808499     
   9.7632586878764478     
   9.6963389302290963     
   9.6279764215867853     
   9.5581152684943991     
   9.4866967280748646     
   9.4136590397705024     
   9.3389372471633276     
   9.2624630095392817     
   9.1841644029288254     
   9.1039657104507050     
   9.0217872019143659     
   8.9375449028082610     
   8.8511503530274886     
   8.7625103559883275     
   8.6715267191567200     
   8.5780959875035308     
   8.4821091720174735     
   8.3834514761891690     
   8.2820020243659407     
   8.1776335971146210     
   8.0702123802769563     
   7.9595977363292905     
   7.8456420090486798     
   7.7281903754402892     
   7.6070807625105861     
   7.4821438509073284     
   7.3532031928334138     
   7.2200754781250280     
   7.0825709901046690     
   6.9404943018830618     
   6.7936452742221665     
   6.6418204277750865     
   6.4848147751329099     
   6.3224242108784905     
   6.1544485693920121     
   5.9806954681568731     
   5.8009850551239026     
   5.6151557668510632     
   5.4230711719462121     
   5.2246279116689953     
   5.0197646443154076     
   4.8084717400805497     
   4.5908012505834952     
   4.3668763961996904     
   4.1368995019735992     
   3.9011570316702211     
   3.6600202231703873     
   3.4139399490617972     
   3.1634349305832528     
   2.9090733483006890     
   2.6514490840570493     
   2.3911549864617481     
   2.1287562896187118     
   1.8647673504531030     
   1.5996341867514876     
   1.3337241598469551     
   1.0673229554337833     
  0.80063811720211442     
  0.53380794154786371     
  0.26691452176901870     
   0.0000000000000000     
