   49.353026273021811     
   49.352183707530088     
   49.351037017801275     
   49.349656970361188     
   49.348080168321118     
   49.346330000295929     
   49.344423078154769     
   49.342371987230585     
   49.340186688549615     
   49.337875319647985     
   49.335444689878123     
   49.332900605504271     
   49.330248093143780     
   49.327491559106271     
   49.324634906502311     
   49.321681623509235     
   49.318634851332853     
   49.315497437503481     
   49.312271978341258     
   49.308960853266811     
   49.305566252866775     
   49.302090202104253     
   49.298534579703677     
   49.294901134484526     
   49.291191499235062     
   49.287407202582948     
   49.283549679220016     
   49.279620278763282     
   49.275620273477756     
   49.271550865042165     
   49.267413190505039     
   49.263208327551439     
   49.258937299179692     
   49.254601077870440     
   49.250200589316613     
   49.245736715772047     
   49.241210299067404     
   49.236622143334564     
   49.231973017474886     
   49.227263657401217     
   49.222494768079727     
   49.217667025393752     
   49.212781077849208     
   49.207837548138308     
   49.202837034576348     
   49.197780112424411     
   49.192667335109398     
   49.187499235351140     
   49.182276326205695     
   49.176999102032397     
   49.171668039391733     
   49.166283597880174     
   49.160846220907381     
   49.155356336420965     
   49.149814357582969     
   49.144220683402210     
   49.138575699325898     
   49.132879777794052     
   49.127133278759274     
   49.121336550174753     
   49.115489928452881     
   49.109593738896585     
   49.103648296105384     
   49.097653904358026     
   49.091610857973286     
   49.085519441650476     
   49.079379930791021     
   49.073192591802503     
   49.066957682386004     
   49.060675451808265     
   49.054346141159286     
   49.047969983596403     
   49.041547204575743     
   49.035078022071694     
   49.028562646785254     
   49.022001282341741     
   49.015394125478679     
   49.008741366224285     
   49.002043188067155     
   48.995299768117562     
   48.988511277260891     
   48.981677880303643     
   48.974799736112381     
   48.967876997745911     
   48.960909812581242     
   48.953898322433396     
   48.946842663669571     
   48.939742967317784     
   48.932599359170410     
   48.925411959882744     
   48.918180885066860     
   48.910906245380950     
   48.903588146614474     
   48.896226689769051     
   48.888821971135584     
   48.881374082367572     
   48.873883110550778     
   48.866349138269534     
   48.858772243669719     
   48.851152500518495     
   48.843489978261104     
   48.835784742074594     
   48.828036852918821     
   48.820246367584765     
   48.812413338740029     
   48.804537814972001     
   48.796619840828463     
   48.788659456855875     
   48.780656699635344     
   48.772611601816344     
   48.764524192148365     
   48.756394495510378     
   48.748222532938378     
   48.740008321650812     
   48.731751875072227     
   48.723453202854976     
   48.715112310899116     
   48.706729201370514     
   48.698303872717261     
   48.689836319684261     
   48.681326533326349     
   48.672774501019624     
   48.664180206471272     
   48.655543629727710     
   48.646864747181354     
   48.638143531575714     
   48.629379952009039     
   48.620573973936558     
   48.611725559171177     
   48.602834665882796     
   48.593901248596183     
   48.584925258187425     
   48.575906641879016     
   48.566845343233553     
   48.557741302146034     
   48.548594454834827     
   48.539404733831255     
   48.530172067967854     
   48.520896382365294     
   48.511577598417858     
   48.502215633777674     
   48.492810402337611     
   48.483361814212728     
   48.473869775720509     
   48.464334189359548     
   48.454754953787138     
   48.445131963795291     
   48.435465110285449     
   48.425754280241861     
   48.415999356703445     
   48.406200218734419     
   48.396356741393390     
   48.386468795701049     
   48.376536248606413     
   48.366558962951643     
   48.356536797435339     
   48.346469606574374     
   48.336357240664228     
   48.326199545737659     
   48.315996363521982     
   48.305747531394658     
   48.295452882337315     
   48.285112244888090     
   48.274725443092329     
   48.264292296451572     
   48.253812619870835     
   48.243286223604137     
   48.232712913198135     
   48.222092489434054     
   48.211424748267646     
   48.200709480767287     
   48.189946473050121     
   48.179135506216127     
   48.168276356280273     
   48.157368794102453     
   48.146412585315304     
   48.135407490249925     
   48.124353263859234     
   48.113249655639081     
   48.102096409546959     
   48.090893263918318     
   48.079639951380365     
   48.068336198763348     
   48.056981727009209     
   48.045576251077492     
   48.034119479848549     
   48.022611116023825     
   48.011050856023303     
   47.999438389879863     
   47.987773401130568     
   47.976055566704751     
   47.964284556808856     
   47.952460034807849     
   47.940581657103138     
   47.928649073006980     
   47.916661924613095     
   47.904619846663500     
   47.892522466411428     
   47.880369403480110     
   47.868160269717478     
   47.855894669046450     
   47.843572197310777     
   47.831192442116283     
   47.818754982667350     
   47.806259389598466     
   47.793705224800668     
   47.781092041242758     
   47.768419382787052     
   47.755686783999515     
   47.742893769954108     
   47.730039856031027     
   47.717124547708792     
   47.704147340349834     
   47.691107718979445     
   47.678005158057736     
   47.664839121244519     
   47.651609061156634     
   47.638314419117705     
   47.624954624899807     
   47.611529096456884     
   47.598037239649614     
   47.584478447961267     
   47.570852102204420     
   47.557157570218031     
   47.543394206554488     
   47.529561352156371     
   47.515658334022426     
   47.501684464862386     
   47.487639042740156     
   47.473521350704949     
   47.459330656409811     
   47.445066211717162     
   47.430727252290680     
   47.416312997173144     
   47.401822648349444     
   47.387255390294371     
   47.372610389504395     
   47.357886794012863     
   47.343083732887898     
   47.328200315712152     
   47.313235632043892     
   47.298188750858344     
   47.283058719968679     
   47.267844565425555     
   47.252545290894474     
   47.237159877009830     
   47.221687280704664     
   47.206126434515092     
   47.190476245858207     
   47.174735596282304     
   47.158903340688113     
   47.142978306519822     
   47.126959292924312     
   47.110845069877435     
   47.094634377275440     
   47.078325923990114     
   47.061918386885971     
   47.045410409797483     
   47.028800602464649     
   47.012087539424712     
   46.995269758857980     
   46.978345761385498     
   46.961314008816132     
   46.944172922840671     
   46.926920883670171     
   46.909556228615664     
   46.892077250606519     
   46.874482196643982     
   46.856769266186824     
   46.838936609465307     
   46.820982325719960     
   46.802904461360974     
   46.784701008044124     
   46.766369900658610     
   46.747909015222199     
   46.729316166678466     
   46.710589106590817     
   46.691725520727573     
   46.672723026531955     
   46.653579170470458     
   46.634291425252925     
   46.614857186916538     
   46.595273771766244     
   46.575538413163024     
   46.555648258151052     
   46.535600363914206     
   46.515391694051686     
   46.495019114661815     
   46.474479390222186     
   46.453769179253804     
   46.432885029755518     
   46.411823374394636     
   46.390580525437855     
   46.369152669406283     
   46.347535861436462     
   46.325726019328243     
   46.303718917258919     
   46.281510179141264     
   46.259095271601659     
   46.236469496552395     
   46.213627983330255     
   46.190565680371293     
   46.167277346389319     
   46.143757541022744     
   46.120000614911866     
   46.096000699165160     
   46.071751694169855     
   46.047247257698181     
   46.022480792256481     
   45.997445431619823     
   45.972134026489520     
   45.946539129205604     
   45.920652977439872     
   45.894467476788591     
   45.867974182176184     
   45.841164277973078     
   45.814028556721546     
   45.786557396353359     
   45.758740735771390     
   45.730568048655051     
   45.702028315335149     
   45.673109992568165     
   45.643800981022480     
   45.614088590269553     
   45.583959501050998     
   45.553399724568258     
   45.522394558513611     
   45.490928539530593     
   45.458985391756748     
   45.426547971062142     
   45.393598204552767     
   45.360117024856926     
   45.326084298655999     
   45.291478748855134     
   45.256277869715845     
   45.220457834187272     
   45.183993392576149     
   45.146857761584506     
   45.109022502616462     
   45.070457388108636     
   45.031130254469218     
   44.991006840014755     
   44.950050606066100     
   44.908222539101068     
   44.865480931552810     
   44.821781138482592     
   44.777075306933845     
   44.731312074277014     
   44.684436231269189     
   44.636388344859149     
   44.587104334945259     
   44.536514998312263     
   44.484545471800935     
   44.431114625355249     
   44.376134373895688     
   44.319508894913113     
   44.261133736181989     
   44.200894794944567     
   44.138667146180090     
   44.074313692965454     
   44.007683606224894     
   43.938610514053089     
   43.866910391883131     
   43.792379093534912     
   43.714789448924336     
   43.633887836006842     
   43.549390111108323     
   43.460976751442814     
   43.368287023961628     
   43.270911942433628     
   43.168385705199881     
   43.060175212820631     
   42.945667138416077     
   42.824151850194461     
   42.694803245270194     
   42.556653216221683     
   42.408558991131905     
   42.249160893478120     
   42.076827049406837     
   41.889580049602060     
   41.684998262579953     
   41.460080915567950     
   41.211060390889365     
   40.933136006420085     
   40.620088318194625     
   40.263707059114942     
   39.852920530878713     
   39.372433076404882     
   38.800528517212577     
   38.105421700661068     
   37.239036168213872     
   36.126239453013234     
   34.646586050926437     
   32.606831465234848     
   29.716918536266444     
   25.636591613050442     
   20.216424085844082     
   13.785370762778470     
   6.9287834861649538     
   0.0000000000000000     
