   46.821184135363680     
   46.820291500084096     
   46.819068390557838     
   46.817592137325242     
   46.815902591024852     
   46.814025174651924     
   46.811977928635699     
   46.809774512600022     
   46.807425733424630     
   46.804940416989588     
   46.802325946931894     
   46.799588618051047     
   46.796733879095271     
   46.793766505831037     
   46.790690728203636     
   46.787510326154276     
   46.784228703379846     
   46.780848945164678     
   46.777373864452159     
   46.773806039063828     
   46.770147842139949     
   46.766401467311269     
   46.762568949719686     
   46.758652183728607     
   46.754652937964835     
   46.750572868187575     
   46.746413528372287     
   46.742176380315755     
   46.737862802006696     
   46.733474094958645     
   46.729011490664924     
   46.724476156306366     
   46.719869199819257     
   46.715191674412957     
   46.710444582611579     
   46.705628879882248     
   46.700745477902835     
   46.695795247513630     
   46.690779021391421     
   46.685697596478370     
   46.680551736193934     
   46.675342172453959     
   46.670069607518009     
   46.664734715683181     
   46.659338144840369     
   46.653880517906877     
   46.648362434147785     
   46.642784470396677     
   46.637147182185501     
   46.631451104791772     
   46.625696754210942     
   46.619884628060284     
   46.614015206420596     
   46.608088952620797     
   46.602106313970353     
   46.596067722443870     
   46.589973595321609     
   46.583824335789515     
   46.577620333501905     
   46.571361965109624     
   46.565049594756360     
   46.558683574545412     
   46.552264244979092     
   46.545791935372684     
   46.539266964244767     
   46.532689639685586     
   46.526060259704877     
   46.519379112560571     
   46.512646477069637     
   46.505862622902242     
   46.499027810860170     
   46.492142293140695     
   46.485206313586637     
   46.478220107923505     
   46.471183903984496     
   46.464097921924044     
   46.456962374420620     
   46.449777466869392     
   46.442543397565302     
   46.435260357876999     
   46.427928532412416     
   46.420548099176045     
   46.413119229718625     
   46.405642089279581     
   46.398116836922533     
   46.390543625664215     
   46.382922602597276     
   46.375253909007007     
   46.367537680482549     
   46.359774047022647     
   46.351963133136344     
   46.344105057938691     
   46.336199935241879     
   46.328247873641800     
   46.320248976600411     
   46.312203342523965     
   46.304111064837294     
   46.295972232054346     
   46.287786927845104     
   46.279555231099010     
   46.271277215985016     
   46.262952952008504     
   46.254582504064963     
   46.246165932490825     
   46.237703293111267     
   46.229194637285275     
   46.220640011948014     
   46.212039459650605     
   46.203393018597268     
   46.194700722680139     
   46.185962601511555     
   46.177178680454119     
   46.168348980648481     
   46.159473519038869     
   46.150552308396584     
   46.141585357341249     
   46.132572670360155     
   46.123514247825526     
   46.114410086009862     
   46.105260177099353     
   46.096064509205370     
   46.086823066374201     
   46.077535828594876     
   46.068202771805261     
   46.058823867896351     
   46.049399084714899     
   46.039928386064197     
   46.030411731703317     
   46.020849077344558     
   46.011240374649269     
   46.001585571222044     
   45.991884610603229     
   45.982137432259854     
   45.972343971574922     
   45.962504159835056     
   45.952617924216653     
   45.942685187770230     
   45.932705869403392     
   45.922679883862052     
   45.912607141710076     
   45.902487549307331     
   45.892321008786155     
   45.882107418026152     
   45.871846670627349     
   45.861538655881759     
   45.851183258743326     
   45.840780359796085     
   45.830329835220809     
   45.819831556759830     
   45.809285391680199     
   45.798691202735164     
   45.788048848123807     
   45.777358181449010     
   45.766619051673558     
   45.755831303074444     
   45.744994775195323     
   45.734109302797130     
   45.723174715806699     
   45.712190839263599     
   45.701157493264844     
   45.690074492907677     
   45.678941648230278     
   45.667758764150463     
   45.656525640402137     
   45.645242071469681     
   45.633907846520088     
   45.622522749332823     
   45.611086558227441     
   45.599599045988732     
   45.588059979789556     
   45.576469121111145     
   45.564826225660923     
   45.553131043287685     
   45.541383317894166     
   45.529582787346818     
   45.517729183382912     
   45.505822231514678     
   45.493861650930562     
   45.481847154393421     
   45.469778448135699     
   45.457655231751325     
   45.445477198084461     
   45.433244033114768     
   45.420955415839309     
   45.408611018150886     
   45.396210504712684     
   45.383753532829211     
   45.371239752313350     
   45.358668805349396     
   45.346040326352039     
   45.333353941821080     
   45.320609270191838     
   45.307805921680995     
   45.294943498127914     
   45.282021592831143     
   45.269039790379892     
   45.255997666480610     
   45.242894787778198     
   45.229730711671870     
   45.216504986125408     
   45.203217149471620     
   45.189866730210881     
   45.176453246803540     
   45.162976207455891     
   45.149435109899620     
   45.135829441164418     
   45.122158677343641     
   45.108422283352603     
   45.094619712679375     
   45.080750407127866     
   45.066813796552751     
   45.052809298586105     
   45.038736318355397     
   45.024594248192528     
   45.010382467333613     
   44.996100341609115     
   44.981747223124181     
   44.967322449928425     
   44.952825345675201     
   44.938255219269706     
   44.923611364505597     
   44.908893059689653     
   44.894099567254067     
   44.879230133355854     
   44.864283987462940     
   44.849260341926374     
   44.834158391538075     
   44.818977313073752     
   44.803716264820132     
   44.788374386086090     
   44.772950796696989     
   44.757444596471494     
   44.741854864680235     
   44.726180659485550     
   44.710421017361547     
   44.694574952493682     
   44.678641456156932     
   44.662619496071862     
   44.646508015737446     
   44.630305933739798     
   44.614012143035723     
   44.597625510210150     
   44.581144874706084     
   44.564569048026165     
   44.547896812904391     
   44.531126922446759     
   44.514258099239619     
   44.497289034423943     
   44.480218386734435     
   44.463044781501502     
   44.445766809614717     
   44.428383026445772     
   44.410891950729230     
   44.393292063399088     
   44.375581806379060     
   44.357759581324366     
   44.339823748312924     
   44.321772624483351     
   44.303604482617224     
   44.285317549663070     
   44.266910005199172     
   44.248379979832116     
   44.229725553528034     
   44.210944753873086     
   44.192035554259760     
   44.172995871995070     
   44.153823566326992     
   44.134516436384487     
   44.115072219027105     
   44.095488586599160     
   44.075763144583590     
   44.055893429150203     
   44.035876904592577     
   44.015710960647752     
   43.995392909692264     
   43.974919983807816     
   43.954289331709354     
   43.933498015527938     
   43.912543007440192     
   43.891421186135823     
   43.870129333113731     
   43.848664128797019     
   43.827022148456294     
   43.805199857930148     
   43.783193609130649     
   43.760999635321163     
   43.738614046152698     
   43.716032822444227     
   43.693251810691088     
   43.670266717284861     
   43.647073102426425     
   43.623666373713135     
   43.600041779379033     
   43.576194401166028     
   43.552119146801822     
   43.527810742059096     
   43.503263722367819     
   43.478472423950976     
   43.453430974451493     
   43.428133283015342     
   43.402573029793508     
   43.376743654822086     
   43.350638346236579     
   43.324250027773083     
   43.297571345504693     
   43.270594653757477     
   43.243312000145508     
   43.215715109659193     
   43.187795367735447     
   43.159543802232122     
   43.130951064221982     
   43.102007407513966     
   43.072702666801177     
   43.043026234325666     
   43.012967034939756     
   42.982513499432514     
   42.951653535977158     
   42.920374499541389     
   42.888663159086953     
   42.856505662367887     
   42.823887498116989     
   42.790793455389327     
   42.757207579807236     
   42.723113126424586     
   42.688492508897987     
   42.653327244619227     
   42.617597895424943     
   42.581284003457426     
   42.544364021702016     
   42.506815238672687     
   42.468613696656007     
   42.429734102853885     
   42.390149732687057     
   42.349832324431340     
   42.308751964256274     
   42.266876960619300     
   42.224173706834705     
   42.180606530483601     
   42.136137528154755     
   42.090726383803705     
   42.044330168782913     
   41.996903121324991     
   41.948396402946301     
   41.898757828872668     
   41.847931569161730     
   41.795857816697804     
   41.742472417649239     
   41.687706459289572     
   41.631485809270636     
   41.573730599473151     
   41.514354646416706     
   41.453264798847627     
   41.390360201492250     
   41.325531462003816     
   41.258659705769347     
   41.189615500383120     
   41.118257628116325     
   41.044431680465941     
   40.967968443654911     
   40.888682037530010     
   40.806367762339484     
   40.720799597947803     
   40.631727287606232     
   40.538872922717090     
   40.441926925135263     
   40.340543298145647     
   40.234333984585163     
   40.122862128256870     
   40.005633979532838     
   39.882089113318287     
   39.751588530990304     
   39.613400088533808     
   39.466680518012510     
   39.310453070130421     
   39.143579474734700     
   38.964724453328088     
   38.772310362396659     
   38.564458606347777     
   38.338913091623574     
   38.092938975933023     
   37.823186943917491     
   37.525508641721970     
   37.194701796648587     
   36.824152402884785     
   36.405323646622143     
   35.927012862016113     
   35.374252319626294     
   34.726658087120491     
   33.955925429132272     
   33.022040338366430     
   31.867727457460148     
   30.411116494602993     
   28.538949814708364     
   26.109826965995165     
   22.989618512157197     
   19.136702346238238     
   14.681794886383308     
   9.8786499024902028     
   4.9495530771017364     
   0.0000000000000000     
