   17.289426558767243     
   17.288787514911412     
   17.287830225767696     
   17.286627122499812     
   17.285216220431227     
   17.283621963058032     
   17.281861773419354     
   17.279948882079804     
   17.277893777986922     
   17.275705040527594     
   17.273389855713386     
   17.270954355758057     
   17.268403852893798     
   17.265743006352277     
   17.262975945237567     
   17.260106361230065     
   17.257137580027045     
   17.254072617408362     
   17.250914223937528     
   17.247664921099343     
   17.244327030874867     
   17.240902700211208     
   17.237393921466325     
   17.233802549642270     
   17.230130317027829     
   17.226378845730817     
   17.222549658475707     
   17.218644187963658     
   17.214663785031988     
   17.210609725804137     
   17.206483217985205     
   17.202285406429986     
   17.198017378088057     
   17.193680166412804     
   17.189274755306730     
   17.184802082663904     
   17.180263043560853     
   17.175658493139512     
   17.170989249219293     
   17.166256094670114     
   17.161459779573736     
   17.156601023196977     
   17.151680515797299     
   17.146698920278585     
   17.141656873712641     
   17.136554988740023     
   17.131393854862146     
   17.126174039635245     
   17.120896089775488     
   17.115560532183483     
   17.110167874895513     
   17.104718607968046     
   17.099213204301332     
   17.093652120407345     
   17.088035797126679     
   17.082364660298669     
   17.076639121388482     
   17.070859578074611     
   17.065026414799878     
   17.059140003288704     
   17.053200703033223     
   17.047208861750509     
   17.041164815813048     
   17.035068890654355     
   17.028921401151486     
   17.022722651986012     
   17.016472937984997     
   17.010172544443215     
   17.003821747427928     
   16.997420814067318     
   16.990970002823595     
   16.984469563751784     
   16.977919738745076     
   16.971320761767497     
   16.964672859074721     
   16.957976249423712     
   16.951231144271830     
   16.944437747965981     
   16.937596257922451     
   16.930706864797823     
   16.923769752651577     
   16.916785099100746     
   16.909753075467087     
   16.902673846917104     
   16.895547572595365     
   16.888374405751396     
   16.881154493860464     
   16.873887978738605     
   16.866574996652115     
   16.859215678421794     
   16.851810149522152     
   16.844358530175853     
   16.836860935443610     
   16.829317475309661     
   16.821728254763105     
   16.814093373875210     
   16.806412927872888     
   16.798687007208514     
   16.790915697626168     
   16.783099080224499     
   16.775237231516339     
   16.767330223485150     
   16.759378123638424     
   16.751380995058224     
   16.743338896448826     
   16.735251882181696     
   16.727120002337784     
   16.718943302747327     
   16.710721825027122     
   16.702455606615423     
   16.694144680804541     
   16.685789076771137     
   16.677388819604349     
   16.668943930331782     
   16.660454425943378     
   16.651920319413296     
   16.643341619719795     
   16.634718331863152     
   16.626050456881693     
   16.617337991865991     
   16.608580929971215     
   16.599779260427670     
   16.590932968549627     
   16.582042035742379     
   16.573106439507622     
   16.564126153447141     
   16.555101147264825     
   16.546031386767091     
   16.536916833861643     
   16.527757446554645     
   16.518553178946309     
   16.509303981224896     
   16.500009799659146     
   16.490670576589189     
   16.481286250415849     
   16.471856755588448     
   16.462382022591054     
   16.452861977927181     
   16.443296544102967     
   16.433685639608825     
   16.424029178899495     
   16.414327072372647     
   16.404579226345838     
   16.394785543031993     
   16.384945920513257     
   16.375060252713315     
   16.365128429368120     
   16.355150335995013     
   16.345125853860235     
   16.335054859944812     
   16.324937226908798     
   16.314772823053861     
   16.304561512284181     
   16.294303154065624     
   16.283997603383231     
   16.273644710696928     
   16.263244321895460     
   16.252796278248525     
   16.242300416357065     
   16.231756568101702     
   16.221164560589269     
   16.210524216097426     
   16.199835352017260     
   16.189097780793926     
   16.178311309865222     
   16.167475741598086     
   16.156590873222928     
   16.145656496765834     
   16.134672398978491     
   16.123638361265893     
   16.112554159611676     
   16.101419564501082     
   16.090234340841494     
   16.078998247880477     
   16.067711039121253     
   16.056372462235547     
   16.044982258973771     
   16.033540165072413     
   16.022045910158646     
   16.010499217651983     
   15.998899804662994     
   15.987247381888935     
   15.975541653506244     
   15.963782317059804     
   15.951969063348869     
   15.940101576309608     
   15.928179532894079     
   15.916202602945651     
   15.904170449070648     
   15.892082726506205     
   15.879939082984139     
   15.867739158590794     
   15.855482585622658     
   15.843168988437714     
   15.830797983302292     
   15.818369178233372     
   15.805882172836142     
   15.793336558136678     
   15.780731916409588     
   15.768067821000479     
   15.755343836143037     
   15.742559516770568     
   15.729714408321854     
   15.716808046541061     
   15.703839957271576     
   15.690809656243518     
   15.677716648854744     
   15.664560429945093     
   15.651340483563683     
   15.638056282729002     
   15.624707289181497     
   15.611292953128507     
   15.597812712981174     
   15.584265995083085     
   15.570652213430355     
   15.556970769382865     
   15.543221051366256     
   15.529402434564496     
   15.515514280602487     
   15.501555937218525     
   15.487526737926133     
   15.473426001664883     
   15.459253032439838     
   15.445007118949180     
   15.430687534199532     
   15.416293535108561     
   15.401824362094358     
   15.387279238651054     
   15.372657370910211     
   15.357957947187389     
   15.343180137513285     
   15.328323093148907     
   15.313385946084082     
   15.298367808518673     
   15.283267772325807     
   15.268084908496371     
   15.252818266564056     
   15.237466874010078     
   15.222029735646853     
   15.206505832979618     
   15.190894123545206     
   15.175193540226962     
   15.159402990544764     
   15.143521355919143     
   15.127547490908391     
   15.111480222417461     
   15.095318348877473     
   15.079060639394514     
   15.062705832866408     
   15.046252637066051     
   15.029699727689788     
   15.013045747369295     
   14.996289304645332     
   14.979428972901585     
   14.962463289256847     
   14.945390753413562     
   14.928209826460733     
   14.910918929629066     
   14.893516442996114     
   14.876000704139029     
   14.858370006732448     
   14.840622599088883     
   14.822756682638806     
   14.804770410347528     
   14.786661885065742     
   14.768429157810459     
   14.750070225972875     
   14.731583031449514     
   14.712965458692720     
   14.694215332676459     
   14.675330416773011     
   14.656308410535997     
   14.637146947384819     
   14.617843592185347     
   14.598395838721347     
   14.578801107050817     
   14.559056740741042     
   14.539160003975763     
   14.519108078527479     
   14.498898060587418     
   14.478526957445277     
   14.457991684010286     
   14.437289059164600     
   14.416415801939481     
   14.395368527504028     
   14.374143742955599     
   14.352737842900266     
   14.331147104810903     
   14.309367684149672     
   14.287395609240683     
   14.265226775877659     
   14.242856941650382     
   14.220281719972505     
   14.197496573792078     
   14.174496808964788     
   14.151277567268446     
   14.127833819035684     
   14.104160355380072     
   14.080251779989004     
   14.056102500454740     
   14.031706719112689     
   14.007058423353714     
   13.982151375374556     
   13.956979101327718     
   13.931534879828963     
   13.905811729777316     
   13.879802397438629     
   13.853499342739887     
   13.826894724716908     
   13.799980386053340     
   13.772747836643491     
   13.745188236105786     
   13.717292375167240     
   13.689050655832325     
   13.660453070241887     
   13.631489178119294     
   13.602148082691620     
   13.572418404963308     
   13.542288256208344     
   13.511745208534332     
   13.480776263357839     
   13.449367817614890     
   13.417505627513160     
   13.385174769613377     
   13.352359599005991     
   13.319043704325539     
   13.285209859318435     
   13.250839970650473     
   13.215915021607037     
   13.180415011301944     
   13.144318888969179     
   13.107604482864884     
   13.070248423254364     
   13.032226058899445     
   12.993511366394459     
   12.954076851623448     
   12.913893442525250     
   12.872930372255874     
   12.831155051726887     
   12.788532930372719     
   12.745027343856140     
   12.700599347257199     
   12.655207532103178     
   12.608807825381799     
   12.561353268432619     
   12.512793773326701     
   12.463075854016003     
   12.412142329154165     
   12.359931993050028     
   12.306379250704143     
   12.251413712283647     
   12.194959741696920     
   12.136935953118101     
   12.077254648360674     
   12.015821186882247     
   11.952533278887200     
   11.887280190440846     
   11.819941847671025     
   11.750387824952712     
   11.678476199378490     
   11.604052250726898     
   11.526946982447475     
   11.446975434758595     
   11.363934755646605     
   11.277601989173286     
   11.187731532813505     
   11.094052206278448     
   10.996263863098893     
   10.894033462752208     
   10.786990504855757     
   10.674721707396923     
   10.556764787563660     
   10.432601175925603     
   10.301647462052182     
   10.163245332013272     
   10.016649716153818     
   9.8610148210127502     
   9.6953776768372784     
   9.5186388012302316     
   9.3295395782156429     
   9.1266360142228375     
   8.9082687197042372     
   8.6725293874936540     
   8.4172248909868408     
   8.1398417439424513     
   7.8375166189778609     
   7.5070238343104245     
   7.1447995489453069     
   6.7470364796297293     
   6.3099029650433094     
   5.8299618141560225     
   5.3048677511207307     
   4.7343546389310420     
   4.1213000821719845     
   3.4722701594228353     
   2.7967547050925998     
   2.1049550893593301     
   1.4052586558825586     
  0.70286816528644147     
   0.0000000000000000     
