   24.950871590638275     
   24.950109148116418     
   24.949038986265215     
   24.947733825020293     
   24.946230919884151     
   24.944553970501872     
   24.942719765646668     
   24.940741002711000     
   24.938627719099021     
   24.936388107256452     
   24.934029017652694     
   24.931556288350116     
   24.928974971211467     
   24.926289493032261     
   24.923503773857636     
   24.920621316088873     
   24.917645273046393     
   24.914578502705979     
   24.911423610493014     
   24.908182983843226     
   24.904858820461701     
   24.901453151684823     
   24.897967861985347     
   24.894404705402668     
   24.890765319494943     
   24.887051237273763     
   24.883263897481832     
   24.879404653498121     
   24.875474781097569     
   24.871475485248048     
   24.867407906092879     
   24.863273124240273     
   24.859072165459498     
   24.854806004866685     
   24.850475570669413     
   24.846081747528032     
   24.841625379582663     
   24.837107273187460     
   24.832528199387404     
   24.827888896167988     
   24.823190070503802     
   24.818432400228499     
   24.813616535745577     
   24.808743101596999     
   24.803812697904320     
   24.798825901695366     
   24.793783268127786     
   24.788685331619487     
   24.783532606894820     
   24.778325589954363     
   24.773064758975224     
   24.767750575148124     
   24.762383483456745     
   24.756963913404363     
   24.751492279692080     
   24.745968982852801     
   24.740394409844445     
   24.734768934605622     
   24.729092918576839     
   24.723366711189691     
   24.717590650326635     
   24.711765062753340     
   24.705890264525834     
   24.699966561374023     
   24.693994249063422     
   24.687973613736521     
   24.681904932235156     
   24.675788472405273     
   24.669624493385083     
   24.663413245877827     
   24.657154972410051     
   24.650849907576351     
   24.644498278271403     
   24.638100303910036     
   24.631656196636101     
   24.625166161520781     
   24.618630396750977     
   24.612049093808281     
   24.605422437639149     
   24.598750606816683     
   24.592033773694563     
   24.585272104553486     
   24.578465759740521     
   24.571614893801783     
   24.564719655608744     
   24.557780188478539     
   24.550796630288453     
   24.543769113585054     
   24.536697765688086     
   24.529582708789420     
   24.522424060047321     
   24.515221931676187     
   24.507976431032006     
   24.500687660693735     
   24.493355718540748     
   24.485980697826495     
   24.478562687248608     
   24.471101771015555     
   24.463598028909963     
   24.456051536348781     
   24.448462364440410     
   24.440830580038853     
   24.433156245795086     
   24.425439420205667     
   24.417680157658737     
   24.409878508477512     
   24.402034518961280     
   24.394148231424051     
   24.386219684230955     
   24.378248911832348     
   24.370235944795859     
   24.362180809836268     
   24.354083529843404     
   24.345944123908069     
   24.337762607346054     
   24.329538991720266     
   24.321273284861054     
   24.312965490884757     
   24.304615610210540     
   24.296223639575501     
   24.287789572048155     
   24.279313397040248     
   24.270795100317038     
   24.262234664005966     
   24.253632066603835     
   24.244987282982429     
   24.236300284392680     
   24.227571038467371     
   24.218799509222375     
   24.209985657056471     
   24.201129438749753     
   24.192230807460657     
   24.183289712721574     
   24.174306100433107     
   24.165279912856981     
   24.156211088607552     
   24.147099562642026     
   24.137945266249304     
   24.128748127037500     
   24.119508068920116     
   24.110225012100901     
   24.100898873057368     
   24.091529564522968     
   24.082116995467967     
   24.072661071078915     
   24.063161692736852     
   24.053618757994141     
   24.044032160549907     
   24.034401790224148     
   24.024727532930456     
   24.015009270647383     
   24.005246881388391     
   23.995440239170353     
   23.985589213980703     
   23.975693671743095     
   23.965753474281620     
   23.955768479283567     
   23.945738540260649     
   23.935663506508742     
   23.925543223066054     
   23.915377530669797     
   23.905166265711209     
   23.894909260188978     
   23.884606341661030     
   23.874257333194631     
   23.863862053314850     
   23.853420315951190     
   23.842931930382534     
   23.832396701180201     
   23.821814428149267     
   23.811184906267922     
   23.800507925624935     
   23.789783271355155     
   23.779010723573013     
   23.768190057303929     
   23.757321042413647     
   23.746403443535442     
   23.735437019995043     
   23.724421525733383     
   23.713356709226947     
   23.702242313405794     
   23.691078075569120     
   23.679863727298333     
   23.668598994367535     
   23.657283596651357     
   23.645917248030099     
   23.634499656292050     
   23.623030523032998     
   23.611509543552707     
   23.599936406748409     
   23.588310795005164     
   23.576632384083002     
   23.564900843000725     
   23.553115833916348     
   23.541277012003974     
   23.529384025327062     
   23.517436514707960     
   23.505434113593601     
   23.493376447917196     
   23.481263135955814     
   23.469093788183763     
   23.456868007121599     
   23.444585387180599     
   23.432245514502593     
   23.419847966794961     
   23.407392313160660     
   23.394878113923138     
   23.382304920445865     
   23.369672274946428     
   23.356979710304905     
   23.344226749866351     
   23.331412907237183     
   23.318537686075306     
   23.305600579873648     
   23.292601071736950     
   23.279538634151614     
   23.266412728748147     
   23.253222806056272     
   23.239968305252056     
   23.226648653897051     
   23.213263267669053     
   23.199811550084114     
   23.186292892209533     
   23.172706672367514     
   23.159052255829049     
   23.145328994497703     
   23.131536226582934     
   23.117673276262487     
   23.103739453333457     
   23.089734052851611     
   23.075656354758404     
   23.061505623495332     
   23.047281107604988     
   23.032982039318348     
   23.018607634127765     
   23.004157090344965     
   22.989629588643538     
   22.975024291585250     
   22.960340343129467     
   22.945576868124991     
   22.930732971783613     
   22.915807739134557     
   22.900800234459005     
   22.885709500703793     
   22.870534558873526     
   22.855274407399982     
   22.839928021487914     
   22.824494352436169     
   22.808972326933080     
   22.793360846324859     
   22.777658785855863     
   22.761864993879460     
   22.745978291038060     
   22.729997469410982     
   22.713921291628605     
   22.697748489951231     
   22.681477765311033     
   22.665107786315286     
   22.648637188209058     
   22.632064571795436     
   22.615388502311131     
   22.598607508255427     
   22.581720080170030     
   22.564724669367507     
   22.547619686605696     
   22.530403500705329     
   22.513074437108056     
   22.495630776371822     
   22.478070752600360     
   22.460392551803331     
   22.442594310183605     
   22.424674112347770     
   22.406629989435789     
   22.388459917165537     
   22.370161813787572     
   22.351733537945325     
   22.333172886435488     
   22.314477591863071     
   22.295645320185336     
   22.276673668138308     
   22.257560160539249     
   22.238302247457977     
   22.218897301249555     
   22.199342613440201     
   22.179635391457907     
   22.159772755198539     
   22.139751733417629     
   22.119569259937403     
   22.099222169657740     
   22.078707194359168     
   22.058020958284942     
   22.037159973488492     
   22.016120634931404     
   21.994899215316099     
   21.973491859636184     
   21.951894579426124     
   21.930103246690631     
   21.908113587492473     
   21.885921175176005     
   21.863521423201774     
   21.840909577565721     
   21.818080708774286     
   21.795029703344653     
   21.771751254796591     
   21.748239854099818     
   21.724489779537709     
   21.700495085944993     
   21.676249593273390     
   21.651746874435283     
   21.626980242371125     
   21.601942736281643     
   21.576627106960530     
   21.551025801157699     
   21.525130944896738     
   21.498934325663168     
   21.472427373372536     
   21.445601140018585     
   21.418446277892357     
   21.390953016252666     
   21.363111136316402     
   21.334909944424457     
   21.306338243224346     
   21.277384300694578     
   21.248035816817744     
   21.218279887689238     
   21.188102966825877     
   21.157490823413369     
   21.126428497203314     
   21.094900249738334     
   21.062889511547937     
   21.030378824917079     
   20.997349781783576     
   20.963782956268240     
   20.929657831282853     
   20.894952718593792     
   20.859644671642798     
   20.823709390339221     
   20.787121116938245     
   20.749852522005572     
   20.711874579337632     
   20.673156428555643     
   20.633665223917575     
   20.593365967690833     
   20.552221326194992     
   20.510191426352943     
   20.467233630272684     
   20.423302285013058     
   20.378348444254222     
   20.332319558085729     
   20.285159126526327     
   20.236806311681761     
   20.187195502607537     
   20.136255825944357     
   20.083910594201193     
   20.030076682130716     
   19.974663819921481     
   19.917573789852977     
   19.858699510538955     
   19.797923989813931     
   19.735119123560644     
   19.670144313157270     
   19.602844868517174     
   19.533050156608560     
   19.460571446495663     
   19.385199390838228     
   19.306701069761871     
   19.224816505191960     
   19.139254530952886     
   19.049687874587988     
   18.955747268795285     
   18.857014360642371     
   18.753013121225933     
   18.643199371463002     
   18.526947923190441     
   18.403536677256007     
   18.272126805365243     
   18.131737846264684     
   17.981216134500507     
   17.819194399964822     
   17.644039552030929     
   17.453784478445211     
   17.246037973936154     
   17.017864409107155     
   16.765621077736029     
   16.484735785417662     
   16.169399483299170     
   15.812137978065744     
   15.403213227082770     
   14.929792442073802     
   14.374828488431065     
   13.715670565948486     
   12.922717389273895     
   11.959274132427270     
   10.785619588956655     
   9.3722522113993119     
   7.7229995783739342     
   5.8900106422823084     
   3.9535590267308627     
   1.9798454944118145     
   0.0000000000000000     
