   28.474484645776233     
   28.473668326960201     
   28.472518843321822     
   28.471114946619302     
   28.469496980877377     
   28.467690608606723     
   28.465714008017443     
   28.463580926724958     
   28.461302231967963     
   28.458886793252741     
   28.456342027038044     
   28.453674253615212     
   28.450888942052675     
   28.447990884669903     
   28.444984325147370     
   28.441873055006198     
   28.438660487842785     
   28.435349717509155     
   28.431943564445501     
   28.428444613098009     
   28.424855242513402     
   28.421177651631481     
   28.417413880401739     
   28.413565827570984     
   28.409635265787763     
   28.405623854522794     
   28.401533151195260     
   28.397364620813249     
   28.393119644374043     
   28.388799526222119     
   28.384405500525443     
   28.379938737001378     
   28.375400346000387     
   28.370791383037140     
   28.366112852844019     
   28.361365713009626     
   28.356550877255490     
   28.351669218395703     
   28.346721571017952     
   28.341708733918612     
   28.336631472320185     
   28.331490519895304     
   28.326286580618461     
   28.321020330463799     
   28.315692418964947     
   28.310303470650844     
   28.304854086370014     
   28.299344844513985     
   28.293776302149521     
   28.288148996068106     
   28.282463443760257     
   28.276720144321338     
   28.270919579294919     
   28.265062213459000     
   28.259148495559867     
   28.253178858998062     
   28.247153722470141     
   28.241073490569885     
   28.234938554352066     
   28.228749291861661     
   28.222506068631102     
   28.216209238147993     
   28.209859142295286     
   28.203456111766101     
   28.197000466454824     
   28.190492515826161     
   28.183932559263670     
   28.177320886399116     
   28.170657777423951     
   28.163943503384026     
   28.157178326458663     
   28.150362500225015     
   28.143496269908688     
   28.136579872621358     
   28.129613537586295     
   28.122597486352390     
   28.115531932997431     
   28.108417084321204     
   28.101253140028977     
   28.094040292905948     
   28.086778728983159     
   28.079468627695221     
   28.072110162030437     
   28.064703498673587     
   28.057248798141853     
   28.049746214914137     
   28.042195897554233     
   28.034597988827933     
   28.026952625814623     
   28.019259940013391     
   28.011520057444113     
   28.003733098743517     
   27.995899179256686     
   27.988018409123992     
   27.980090893363823     
   27.972116731951182     
   27.964096019892338     
   27.956028847295723     
   27.947915299439217     
   27.939755456833975     
   27.931549395284822     
   27.923297185947533     
   27.914998895382933     
   27.906654585608063     
   27.898264314144377     
   27.889828134063229     
   27.881346094028622     
   27.872818238337324     
   27.864244606956486     
   27.855625235558797     
   27.846960155555209     
   27.838249394125437     
   27.829492974246111     
   27.820690914716778     
   27.811843230183765     
   27.802949931161930     
   27.794011024054434     
   27.785026511170432     
   27.775996390740897     
   27.766920656932466     
   27.757799299859474     
   27.748632305594086     
   27.739419656174672     
   27.730161329612375     
   27.720857299895936     
   27.711507536994777     
   27.702112006860396     
   27.692670671426075     
   27.683183488604900     
   27.673650412286129     
   27.664071392329991     
   27.654446374560738     
   27.644775300758187     
   27.635058108647595     
   27.625294731887962     
   27.615485100058745     
   27.605629138644947     
   27.595726769020644     
   27.585777908430934     
   27.575782469972257     
   27.565740362571159     
   27.555651490961445     
   27.545515755659714     
   27.535333052939308     
   27.525103274802625     
   27.514826308951818     
   27.504502038757806     
   27.494130343227706     
   27.483711096970502     
   27.473244170161113     
   27.462729428502684     
   27.452166733187209     
   27.441555940854357     
   27.430896903548550     
   27.420189468674256     
   27.409433478949438     
   27.398628772357167     
   27.387775182095346     
   27.376872536524566     
   27.365920659113947     
   27.354919368385048     
   27.343868477853768     
   27.332767795970188     
   27.321617126056275     
   27.310416266241536     
   27.299165009396425     
   27.287863143063547     
   27.276510449386588     
   27.265106705036931     
   27.253651681137871     
   27.242145143186434     
   27.230586850972671     
   27.218976558496408     
   27.207314013881430     
   27.195598959286912     
   27.183831130816188     
   27.172010258422645     
   27.160136065812765     
   27.148208270346174     
   27.136226582932689     
   27.124190707926228     
   27.112100343015474     
   27.099955179111284     
   27.087754900230703     
   27.075499183377460     
   27.063187698418918     
   27.050820107959318     
   27.038396067209192     
   27.025915223850937     
   27.013377217900292     
   27.000781681563687     
   26.988128239091370     
   26.975416506626040     
   26.962646092047017     
   26.949816594809715     
   26.936927605780223     
   26.923978707064993     
   26.910969471835340     
   26.897899464146644     
   26.884768238752091     
   26.871575340910731     
   26.858320306189729     
   26.845002660260558     
   26.831621918688956     
   26.818177586718463     
   26.804669159047268     
   26.791096119598187     
   26.777457941281533     
   26.763754085750566     
   26.749984003149375     
   26.736147131852835     
   26.722242898198420     
   26.708270716209523     
   26.694229987310074     
   26.680120100030020     
   26.665940429701475     
   26.651690338145112     
   26.637369173346411     
   26.622976269121523     
   26.608510944772220     
   26.593972504729617     
   26.579360238186236     
   26.564673418715902     
   26.549911303881142     
   26.535073134827456     
   26.520158135864097     
   26.505165514030722     
   26.490094458649462     
   26.474944140861801     
   26.459713713149608     
   26.444402308839823     
   26.429009041592025     
   26.413533004868274     
   26.397973271384490     
   26.382328892542596     
   26.366598897842653     
   26.350782294274211     
   26.334878065685938     
   26.318885172132685     
   26.302802549199015     
   26.286629107298207     
   26.270363730945686     
   26.254005278005828     
   26.237552578910929     
   26.221004435851206     
   26.204359621934497     
   26.187616880314387     
   26.170774923285375     
   26.153832431343517     
   26.136788052211141     
   26.119640399823915     
   26.102388053278588     
   26.085029555739645     
   26.067563413302910     
   26.049988093814171     
   26.032302025640718     
   26.014503596393528     
   25.996591151597869     
   25.978562993309701     
   25.960417378675476     
   25.942152518432401     
   25.923766575346434     
   25.905257662584816     
   25.886623842020001     
   25.867863122461515     
   25.848973457812122     
   25.829952745144560     
   25.810798822694608     
   25.791509467766407     
   25.772082394545318     
   25.752515251813566     
   25.732805620563607     
   25.712951011503616     
   25.692948862449569     
   25.672796535597580     
   25.652491314670151     
   25.632030401929317     
   25.611410915049394     
   25.590629883841469     
   25.569684246821303     
   25.548570847611792     
   25.527286431170495     
   25.505827639832127     
   25.484191009155317     
   25.462372963562039     
   25.440369811757474     
   25.418177741917205     
   25.395792816627662     
   25.373210967564788     
   25.350427989894882     
   25.327439536380275     
   25.304241111171503     
   25.280828063265975     
   25.257195579612006     
   25.233338677835174     
   25.209252198562559     
   25.184930797318334     
   25.160368935962193     
   25.135560873640063     
   25.110500657213858     
   25.085182111134724     
   25.059598826721174     
   25.033744150800473     
   25.007611173668277     
   24.981192716317793     
   24.954481316885609     
   24.927469216257041     
   24.900148342768837     
   24.872510295941829     
   24.844546329170207     
   24.816247331287649     
   24.787603806923528     
   24.758605855554300     
   24.729243149147045     
   24.699504908282080     
   24.669379876631371     
   24.638856293657700     
   24.607921865386608     
   24.576563733088818     
   24.544768439694931     
   24.512521893746406     
   24.479809330667219     
   24.446615271118493     
   24.412923476173791     
   24.378716899025459     
   24.343977632901318     
   24.308686854836807     
   24.272824764908567     
   24.236370520492024     
   24.199302165056263     
   24.161596550953853     
   24.123229255600620     
   24.084174490369087     
   24.044405001438715     
   24.003891961754057     
   23.962604853137609     
   23.920511337484655     
   23.877577115830949     
   23.833765773927677     
   23.789038612778480     
   23.743354462386595     
   23.696669476721514     
   23.648936907638873     
   23.600106855167418     
   23.550125991205267     
   23.498937253234853     
   23.446479504159992     
   23.392687153776034     
   23.337489736687829     
   23.280811440669762     
   23.222570578492466     
   23.162678995090697     
   23.101041400578836     
   23.037554617986700     
   22.972106732631406     
   22.904576127687019     
   22.834830387672081     
   22.762725048130473     
   22.688102165588081     
   22.610788676741738     
   22.530594509541395     
   22.447310401058584     
   22.360705367401398     
   22.270523758930231     
   22.176481818983451     
   22.078263645363918     
   21.975516429808131     
   21.867844820018703     
   21.754804209521208     
   21.635892709818428     
   21.510541493266786     
   21.378103108600712     
   21.237837256927559     
   21.088893364383821     
   20.930289084628765     
   20.760883590508399     
   20.579344142149864     
   20.384103909755726     
   20.173308328937757     
   19.944746298324887     
   19.695761188797398     
   19.423134783154232     
   19.122934737932020     
   18.790312797220011     
   18.419236768309492     
   18.002134667541362     
   17.529426407686397     
   16.988922778271451     
   16.365098801961679     
   15.638336384495309     
   14.784459502305122     
   13.775383471067389     
   12.582516238467440     
   11.185034509164920     
   9.5828619181499306     
   7.8066651227406245     
   5.9118764768010452     
   3.9563221614118955     
   1.9798833712686665     
   0.0000000000000000     
