   3.4832958276029244     
   3.4832285379826993     
   3.4830978071167626     
   3.4829059427438058     
   3.4826547052122079     
   3.4823455435830355     
   3.4819797001214443     
   3.4815582674940870     
   3.4810822240604007     
   3.4805524574223505     
   3.4799697810392289     
   3.4793349464500096     
   3.4786486525623590     
   3.4779115528994344     
   3.4771242613762472     
   3.4762873569874606     
   3.4754013876702659     
   3.4744668735295834     
   3.4734843095617580     
   3.4724541679779009     
   3.4713769002033739     
   3.4702529386122194     
   3.4690826980423677     
   3.4678665771278285     
   3.4666049594767818     
   3.4652982147189118     
   3.4639466994410077     
   3.4625507580264676     
   3.4611107234116574     
   3.4596269177699446     
   3.4580996531324937     
   3.4565292319534984     
   3.4549159476263971     
   3.4532600849566535     
   3.4515619205959140     
   3.4498217234416755     
   3.4480397550060844     
   3.4462162697569809     
   3.4443515154339406     
   3.4424457333417195     
   3.4404991586232190     
   3.4385120205138482     
   3.4364845425789436     
   3.4344169429357176     
   3.4323094344610605     
   3.4301622249863741     
   3.4279755174804882     
   3.4257495102216078     
   3.4234843969591533     
   3.4211803670662642     
   3.4188376056836565     
   3.4164562938554743     
   3.4140366086577143     
   3.4115787233197361     
   3.4090828073393462     
   3.4065490265918825     
   3.4039775434337090     
   3.4013685168004777     
   3.3987221023004950     
   3.3960384523035052     
   3.3933177160251731     
   3.3905600396075219     
   3.3877655661955797     
   3.3849344360104476     
   3.3820667864189993     
   3.3791627520004055     
   3.3762224646096626     
   3.3732460534382835     
   3.3702336450723118     
   3.3671853635477942     
   3.3641013304038561     
   3.3609816647334889     
   3.3578264832321763     
   3.3546359002444679     
   3.3514100278085905     
   3.3481489756992087     
   3.3448528514684019     
   3.3415217604849605     
   3.3381558059720762     
   3.3347550890434805     
   3.3313197087381323     
   3.3278497620534857     
   3.3243453439774262     
   3.3208065475189184     
   3.3172334637374199     
   3.3136261817711197     
   3.3099847888640368     
   3.3063093703920403     
   3.3026000098878194     
   3.2988567890648519     
   3.2950797878404061     
   3.2912690843576162     
   3.2874247550066573     
   3.2835468744450638     
   3.2796355156172106     
   3.2756907497729948     
   3.2717126464857431     
   3.2677012736693625     
   3.2636566975947767     
   3.2595789829056523     
   3.2554681926334532     
   3.2513243882118306     
   3.2471476294903860     
   3.2429379747478024     
   3.2386954807043855     
   3.2344202025340154     
   3.2301121938755366     
   3.2257715068435924     
   3.2213981920389245     
   3.2169922985581501     
   3.2125538740030279     
   3.2080829644892295     
   3.2035796146546245     
   3.1990438676670934     
   3.1944757652318749     
   3.1898753475984658     
   3.1852426535670713     
   3.1805777204946288     
   3.1758805843004017     
   3.1711512794711574     
   3.1663898390659382     
   3.1615962947204310     
   3.1567706766509374     
   3.1519130136579627     
   3.1470233331294160     
   3.1421016610434407     
   3.1371480219708703     
   3.1321624390773168     
   3.1271449341249058     
   3.1220955274736473     
   3.1170142380824588     
   3.1119010835098373     
   3.1067560799141885     
   3.1015792420538153     
   3.0963705832865607     
   3.0911301155691273     
   3.0858578494560489     
   3.0805537940983441     
   3.0752179572418292     
   3.0698503452251122     
   3.0644509629772565     
   3.0590198140151181     
   3.0535569004403618     
   3.0480622229361547     
   3.0425357807635312     
   3.0369775717574425     
   3.0313875923224805     
   3.0257658374282781     
   3.0201123006045902     
   3.0144269739360428     
   3.0087098480565695     
   3.0029609121435130     
   2.9971801539114056     
   2.9913675596054166     
   2.9855231139944753     
   2.9796468003640584     
   2.9737386005086446     
   2.9677984947238341     
   2.9618264617981289     
   2.9558224790043703     
   2.9497865220908337     
   2.9437185652719746     
   2.9376185812188238     
   2.9314865410490292     
   2.9253224143165348     
   2.9191261690009016     
   2.9128977714962607     
   2.9066371865998897     
   2.9003443775004185     
   2.8940193057656498     
   2.8876619313299927     
   2.8812722124815031     
   2.8748501058485267     
   2.8683955663859373     
   2.8619085473609602     
   2.8553890003385822     
   2.8488368751665316     
   2.8422521199598290     
   2.8356346810848971     
   2.8289845031432201     
   2.8223015289545490     
   2.8155856995396404     
   2.8088369541025222     
   2.8020552300122756     
   2.7952404627843253     
   2.7883925860612195     
   2.7815115315929098     
   2.7745972292164915     
   2.7676496068354206     
   2.7606685903981769     
   2.7536541038763702     
   2.7466060692422745     
   2.7395244064457756     
   2.7324090333907241     
   2.7252598659106737     
   2.7180768177439960     
   2.7108598005083500     
   2.7036087236744986     
   2.6963234945394516     
   2.6890040181989194     
   2.6816501975190583     
   2.6742619331074944     
   2.6668391232836060     
   2.6593816640480417     
   2.6518894490514606     
   2.6443623695624696     
   2.6368003144347369     
   2.6292031700732661     
   2.6215708203997994     
   2.6139031468173339     
   2.6062000281737205     
   2.5984613407243309     
   2.5906869580937477     
   2.5828767512364785     
   2.5750305883966389     
   2.5671483350665922     
   2.5592298539445166     
   2.5512750048908543     
   2.5432836448836307     
   2.5352556279725986     
   2.5271908052321712     
   2.5190890247131259     
   2.5109501313930194     
   2.5027739671252922     
   2.4945603705870196     
   2.4863091772252699     
   2.4780202192020284     
   2.4696933253376381     
   2.4613283210527213     
   2.4529250283085311     
   2.4444832655456885     
   2.4360028476212534     
   2.4274835857440733     
   2.4189252874083724     
   2.4103277563255077     
   2.4016907923538509     
   2.3930141914267269     
   2.3842977454783583     
   2.3755412423677398     
   2.3667444658003962     
   2.3579071952479391     
   2.3490292058653632     
   2.3401102684060096     
   2.3311501491341189     
   2.3221486097349002     
   2.3131054072220358     
   2.3040202938425400     
   2.2948930169788810     
   2.2857233190482922     
   2.2765109373991663     
   2.2672556042044509     
   2.2579570463519389     
   2.2486149853313608     
   2.2392291371181683     
   2.2297992120539090     
   2.2203249147230744     
   2.2108059438263123     
   2.2012419920498791     
   2.1916327459312162     
   2.1819778857205168     
   2.1722770852381572     
   2.1625300117278554     
   2.1527363257054204     
   2.1428956808029378     
   2.1330077236082596     
   2.1230720934996277     
   2.1130884224752826     
   2.1030563349778899     
   2.0929754477136164     
   2.0828453694656783     
   2.0726657009021880     
   2.0624360343781087     
   2.0521559537311269     
   2.0418250340712460     
   2.0314428415639005     
   2.0210089332063790     
   2.0105228565973428     
   1.9999841496992168     
   1.9893923405932306     
   1.9787469472268708     
   1.9680474771535077     
   1.9572934272639495     
   1.9464842835096727     
   1.9356195206174682     
   1.9246986017952403     
   1.9137209784286853     
   1.9026860897685740     
   1.8915933626083574     
   1.8804422109517995     
   1.8692320356703531     
   1.8579622241499707     
   1.8466321499270535     
   1.8352411723132245     
   1.8237886360086168     
   1.8122738707033617     
   1.8006961906669576     
   1.7890548943251992     
   1.7773492638243504     
   1.7655785645822364     
   1.7537420448259387     
   1.7418389351157775     
   1.7298684478552691     
   1.7178297767867512     
   1.7057220964723823     
   1.6935445617602272     
   1.6812963072351548     
   1.6689764466542882     
   1.6565840723667706     
   1.6441182547176298     
   1.6315780414355499     
   1.6189624570043939     
   1.6062705020183503     
   1.5935011525206284     
   1.5806533593256613     
   1.5677260473248444     
   1.5547181147758926     
   1.5416284325759710     
   1.5284558435188333     
   1.5151991615363016     
   1.5018571709245156     
   1.4884286255555041     
   1.4749122480747545     
   1.4613067290856139     
   1.4476107263215179     
   1.4338228638072241     
   1.4199417310104494     
   1.4059658819855276     
   1.3918938345109810     
   1.3777240692231827     
   1.3634550287486180     
   1.3490851168376083     
   1.3346126975027788     
   1.3200360941659941     
   1.3053535888179923     
   1.2905634211955062     
   1.2756637879812835     
   1.2606528420331076     
   1.2455286916486901     
   1.2302893998741549     
   1.2149329838647822     
   1.1994574143077297     
   1.1838606149176012     
   1.1681404620170306     
   1.1522947842158666     
   1.1363213622041199     
   1.1202179286755733     
   1.1039821684008890     
   1.0876117184711613     
   1.0711041687352156     
   1.0544570624565379     
   1.0376678972185660     
   1.0207341261102159     
   1.0036531592269577     
  0.98642236552655727     
  0.96903907508274945     
  0.95150058178468144     
  0.93380414653495636     
  0.91594700100458204     
  0.89792635200910031     
  0.87973938657669637     
  0.86138327778619550     
  0.84285519146059429     
  0.82415229381018140     
  0.80527176012844581     
  0.78621078465388261     
  0.76696659172156378     
  0.74753644834000066     
  0.72791767834149523     
  0.70810767826794241     
  0.68810393516908286     
  0.66790404650670343     
  0.64750574237655201     
  0.62690691028018830     
  0.60610562270228874     
  0.58510016777598606     
  0.56388908335107624     
  0.54247119481948658     
  0.52084565710247199     
  0.49901200126945261     
  0.47697018634660299     
  0.45472065699552866     
  0.43226440791586218     
  0.40960305607678821     
  0.38673892225169459     
  0.36367512387819501     
  0.34041568208199480     
  0.31696564691006396     
  0.29333124655718007     
  0.26952006870897832     
  0.24554128472802544     
  0.22140592848784879     
  0.19712723503859397     
  0.17272101254048608     
  0.14820592546054390     
  0.12360336182398983     
   9.8936322376832420E-002
   7.4226973209927175E-002
   4.9493620222792224E-002
   2.4748869761573405E-002
   0.0000000000000000     
