   22.048013198402440     
   22.047227813365119     
   22.046063574084773     
   22.044613412299505     
   22.042922993106519     
   22.041021127571000     
   22.038928170277671     
   22.036659498432638     
   22.034227261337101     
   22.031641372003342     
   22.028910117662143     
   22.026040559269394     
   22.023038805522599     
   22.019910207975723     
   22.016659504283645     
   22.013290926076174     
   22.009808281963355     
   22.006215022595153     
   22.002514292478256     
   21.998708971828229     
   21.994801710794391     
   21.990794957757398     
   21.986690982958031     
   21.982491898403566     
   21.978199674773656     
   21.973816155883430     
   21.969343071139871     
   21.964782046335870     
   21.960134613056788     
   21.955402216920731     
   21.950586224832122     
   21.945687931395380     
   21.940708564609757     
   21.935649290945626     
   21.930511219885943     
   21.925295408003148     
   21.920002862630803     
   21.914634545180256     
   21.909191374145177     
   21.903674227830670     
   21.898083946838508     
   21.892421336335726     
   21.886687168130187     
   21.880882182573629     
   21.875007090310120     
   21.869062573885632     
   21.863049289232482     
   21.856967867040819     
   21.850818914027855     
   21.844603014114380     
   21.838320729516976     
   21.831972601763468     
   21.825559152638327     
   21.819080885064025     
   21.812538283923729     
   21.805931816830174     
   21.799261934845084     
   21.792529073153055     
   21.785733651693477     
   21.778876075753686     
   21.771956736526292     
   21.764976011633319     
   21.757934265619586     
   21.750831850417509     
   21.743669105785365     
   21.736446359720823     
   21.729163928851435     
   21.721822118803651     
   21.714421224551749     
   21.706961530747979     
   21.699443312035140     
   21.691866833342694     
   21.684232350167395     
   21.676540108839436     
   21.668790346774937     
   21.660983292715596     
   21.653119166956245     
   21.645198181561010     
   21.637220540568716     
   21.629186440188118     
   21.621096068983537     
   21.612949608051402     
   21.604747231188185     
   21.596489105050175     
   21.588175389305512     
   21.579806236778865     
   21.571381793589140     
   21.562902199280533     
   21.554367586947254     
   21.545778083352253     
   21.537133809040174     
   21.528434878444841     
   21.519681399991516     
   21.510873476194142     
   21.502011203747809     
   21.493094673616636     
   21.484123971117270     
   21.475099175998164     
   21.466020362514826     
   21.456887599501187     
   21.447700950437230     
   21.438460473513054     
   21.429166221689446     
   21.419818242755163     
   21.410416579380978     
   21.400961269170633     
   21.391452344708792     
   21.381889833606113     
   21.372273758541489     
   21.362604137301599     
   21.352880982817819     
   21.343104303200565     
   21.333274101771174     
   21.323390377091350     
   21.313453122990282     
   21.303462328589458     
   21.293417978325255     
   21.283320051969362     
   21.273168524647055     
   21.262963366853420     
   21.252704544467516     
   21.242392018764566     
   21.232025746426174     
   21.221605679548649     
   21.211131765649412     
   21.200603947671581     
   21.190022163986704     
   21.179386348395717     
   21.168696430128112     
   21.157952333839354     
   21.147153979606575     
   21.136301282922553     
   21.125394154687982     
   21.114432501202085     
   21.103416224151534     
   21.092345220597718     
   21.081219382962381     
   21.070038599011589     
   21.058802751838098     
   21.047511719842063     
   21.036165376710141     
   21.024763591392961     
   21.013306228080978     
   21.001793146178702     
   20.990224200277286     
   20.978599240125511     
   20.966918110599106     
   20.955180651668453     
   20.943386698364616     
   20.931536080743733     
   20.919628623849718     
   20.907664147675302     
   20.895642467121359     
   20.883563391954532     
   20.871426726763122     
   20.859232270911249     
   20.846979818491242     
   20.834669158274231     
   20.822300073658965     
   20.809872342618775     
   20.797385737646692     
   20.784840025698692     
   20.772234968135027     
   20.759570320659638     
   20.746845833257566     
   20.734061250130413     
   20.721216309629735     
   20.708310744188381     
   20.695344280249742     
   20.682316638194830     
   20.669227532267204     
   20.656076670495654     
   20.642863754614631     
   20.629588479982342     
   20.616250535496508     
   20.602849603507707     
   20.589385359730240     
   20.575857473150496     
   20.562265605932744     
   20.548609413322289     
   20.534888543545947     
   20.521102637709767     
   20.507251329693929     
   20.493334246044771     
   20.479351005863840     
   20.465301220693949     
   20.451184494402092     
   20.437000423059217     
   20.422748594816710     
   20.408428589779540     
   20.394039979875984     
   20.379582328723803     
   20.365055191492822     
   20.350458114763772     
   20.335790636383340     
   20.321052285315272     
   20.306242581487453     
   20.291361035634850     
   20.276407149138173     
   20.261380413858163     
   20.246280311965364     
   20.231106315765253     
   20.215857887518585     
   20.200534479256817     
   20.185135532592465     
   20.169660478524232     
   20.154108737236754     
   20.138479717894800     
   20.122772818431756     
   20.106987425332200     
   20.091122913408409     
   20.075178645570567     
   20.059153972590519     
   20.043048232858816     
   20.026860752134880     
   20.010590843290011     
   19.994237806043060     
   19.977800926688463     
   19.961279477816429     
   19.944672718024997     
   19.927979891623661     
   19.911200228328340     
   19.894332942947315     
   19.877377235057882     
   19.860332288673344     
   19.843197271900063     
   19.825971336584132     
   19.808653617947385     
   19.791243234212295     
   19.773739286215388     
   19.756140857008731     
   19.738447011449061     
   19.720656795774111     
   19.702769237165608     
   19.684783343298495     
   19.666698101875795     
   19.648512480148611     
   19.630225424420647     
   19.611835859536683     
   19.593342688354326     
   19.574744791198423     
   19.556041025297411     
   19.537230224200865     
   19.518311197177521     
   19.499282728592931     
   19.480143577265931     
   19.460892475803039     
   19.441528129909841     
   19.422049217678406     
   19.402454388849701     
   19.382742264049931     
   19.362911433999663     
   19.342960458694563     
   19.322887866556478     
   19.302692153553533     
   19.282371782287889     
   19.261925181049659     
   19.241350742835461     
   19.220646824329982     
   19.199811744848809     
   19.178843785240755     
   19.157741186747728     
   19.136502149820160     
   19.115124832885822     
   19.093607351069789     
   19.071947774863176     
   19.050144128738093     
   19.028194389706165     
   19.006096485817775     
   18.983848294599035     
   18.961447641423309     
   18.938892297813890     
   18.916179979674304     
   18.893308345442378     
   18.870274994164088     
   18.847077463482893     
   18.823713227539983     
   18.800179694780606     
   18.776474205661330     
   18.752594030252734     
   18.728536365731706     
   18.704298333757102     
   18.679876977722131     
   18.655269259876381     
   18.630472058309941     
   18.605482163791521     
   18.580296276451946     
   18.554911002303829     
   18.529322849587516     
   18.503528224932762     
   18.477523429324826     
   18.451304653862877     
   18.424867975297666     
   18.398209351334589     
   18.371324615687112     
   18.344209472864499     
   18.316859492676571     
   18.289270104436856     
   18.261436590844148     
   18.233354081520915     
   18.205017546185285     
   18.176421787431575     
   18.147561433092296     
   18.118430928152382     
   18.089024526184087     
   18.059336280268340     
   18.029360033365553     
   17.999089408095799     
   17.968517795884850     
   17.937638345428901     
   17.906443950426706     
   17.874927236523376     
   17.843080547405219     
   17.810895929979523     
   17.778365118567319     
   17.745479518030482     
   17.712230185747398     
   17.678607812343298     
   17.644602701072579     
   17.610204745740553     
   17.575403407041211     
   17.540187687175425     
   17.504546102600646     
   17.468466654748088     
   17.431936798526724     
   17.394943408414772     
   17.357472741918439     
   17.319510400154439     
   17.281041285286495     
   17.242049554516690     
   17.202518570299443     
   17.162430846408540     
   17.121767989445633     
   17.080510635330995     
   17.038638380263428     
   16.996129705575090     
   16.952961895837461     
   16.909110949495513     
   16.864551481216747     
   16.819256615038444     
   16.773197867278025     
   16.726345018035389     
   16.678665969959518     
   16.630126592771024     
   16.580690551823331     
   16.530319118743041     
   16.478970961908480     
   16.426601914197374     
   16.373164715051235     
   16.318608723454865     
   16.262879597901428     
   16.205918938791264     
   16.147663887976812     
   16.088046679293058     
   16.026994132874005     
   15.964427084814599     
   15.900259742249929     
   15.834398952133421     
   15.766743369833332     
   15.697182511043994     
   15.625595667313322     
   15.551850661579131     
   15.475802415302182     
   15.397291292849561     
   15.316141181415929     
   15.232157255578302     
   15.145123364046922     
   15.054798961620651     
   14.960915490878142     
   14.863172094530180     
   14.761230509001276     
   14.654708950498280     
   14.543174753551195     
   14.426135454628636     
   14.303027924173071     
   14.173205031188861     
   14.035919163923833     
   13.890301711916431     
   13.735337315291071     
   13.569831272671950     
   13.392367919776078     
   13.201256973661810     
   12.994463675242127     
   12.769516897032462     
   12.523386984780387     
   12.252321647691581     
   11.951623280645554     
   11.615344246041085     
   11.235867739130075     
   10.803332330507766     
   10.304854979081988     
   9.7235343786362378     
   9.0373499676492255     
   8.2185311494579683     
   7.2352856334230058     
   6.0605391262127091     
   4.6933017045336314     
   3.1808515847068768     
   1.5993428229816644     
   0.0000000000000000     
