   20.723805656944354     
   20.723072725939883     
   20.721963938074548     
   20.720570435858026     
   20.718937385693224     
   20.717093372214602     
   20.715058624414841     
   20.712848441358602     
   20.710474919922362     
   20.707947936019295     
   20.705275749563921     
   20.702465400775544     
   20.699522982226391     
   20.696453832686462     
   20.693262679515456     
   20.689953745945257     
   20.686530833663234     
   20.682997387563617     
   20.679356547334315     
   20.675611189134422     
   20.671763959684281     
   20.667817304457596     
   20.663773491226575     
   20.659634629901255     
   20.655402689381052     
   20.651079511973457     
   20.646666825813767     
   20.642166255628688     
   20.637579332117394     
   20.632907500170326     
   20.628152126104521     
   20.623314504061764     
   20.618395861690093     
   20.613397365208613     
   20.608320123939006     
   20.603165194373819     
   20.597933583840550     
   20.592626253811712     
   20.587244122903567     
   20.581788069600119     
   20.576258934733829     
   20.570657523750196     
   20.564984608779728     
   20.559240930537829     
   20.553427200070395     
   20.547544100360835     
   20.541592287812232     
   20.535572393616757     
   20.529485025023057     
   20.523330766511076     
   20.517110180882774     
   20.510823810276197     
   20.504472177109633     
   20.498055784961846     
   20.491575119393730     
   20.485030648716261     
   20.478422824709060     
   20.471752083293506     
   20.465018845163939     
   20.458223516380180     
   20.451366488924261     
   20.444448141224022     
   20.437468838646005     
   20.430428933959803     
   20.423328767775899     
   20.416168668958832     
   20.408948955017340     
   20.401669932473048     
   20.394331897209110     
   20.386935134800090     
   20.379479920824295     
   20.371966521159646     
   20.364395192264126     
   20.356766181441728     
   20.349079727094761     
   20.341336058963350     
   20.333535398352844     
   20.325677958349839     
   20.317763944027462     
   20.309793552640482     
   20.301766973810849     
   20.293684389704133     
   20.285545975197358     
   20.277351898038706     
   20.269102318999462     
   20.260797392018624     
   20.252437264340532     
   20.244022076645855     
   20.235551963176260     
   20.227027051853057     
   20.218447464390103     
   20.209813316401231     
   20.201124717502438     
   20.192381771409067     
   20.183584576028220     
   20.174733223546571     
   20.165827800513799     
   20.156868387921801     
   20.147855061279870     
   20.138787890685986     
   20.129666940894371     
   20.120492271379458     
   20.111263936396398     
   20.101981985038218     
   20.092646461289782     
   20.083257404078633     
   20.073814847322829     
   20.064318819975885     
   20.054769346068884     
   20.045166444749885     
   20.035510130320670     
   20.025800412270936     
   20.016037295309975     
   20.006220779395946     
   19.996350859762778     
   19.986427526944766     
   19.976450766798926     
   19.966420560525165     
   19.956336884684283     
   19.946199711213904     
   19.936009007442340     
   19.925764736100440     
   19.915466855331466     
   19.905115318699032     
   19.894710075193128     
   19.884251069234260     
   19.873738240675745     
   19.863171524804187     
   19.852550852338123     
   19.841876149424916     
   19.831147337635862     
   19.820364333959560     
   19.809527050793537     
   19.798635395934177     
   19.787689272564901     
   19.776688579242695     
   19.765633209882900     
   19.754523053742350     
   19.743357995400807     
   19.732137914740715     
   19.720862686925297     
   19.709532182374943     
   19.698146266741929     
   19.686704800883454     
   19.675207640832969     
   19.663654637769827     
   19.652045637987204     
   19.640380482858323     
   19.628659008800927     
   19.616881047240028     
   19.605046424568886     
   19.593154962108215     
   19.581206476063606     
   19.569200777481125     
   19.557137672201094     
   19.545016960810006     
   19.532838438590563     
   19.520601895469817     
   19.508307115965362     
   19.495953879129587     
   19.483541958491919     
   19.471071121999053     
   19.458541131953101     
   19.445951744947685     
   19.433302711801858     
   19.420593777491867     
   19.407824681080708     
   19.394995155645407     
   19.382104928202011     
   19.369153719628205     
   19.356141244583554     
   19.343067211427261     
   19.329931322133429     
   19.316733272203759     
   19.303472750577605     
   19.290149439539356     
   19.276763014623054     
   19.263313144514193     
   19.249799490948622     
   19.236221708608493     
   19.222579445015160     
   19.208872340418967     
   19.195100027685811     
   19.181262132180454     
   19.167358271646425     
   19.153388056082470     
   19.139351087615427     
   19.125246960369456     
   19.111075260331461     
   19.096835565212672     
   19.082527444306219     
   19.068150458340597     
   19.053704159328898     
   19.039188090413713     
   19.024601785707507     
   19.009944770128396     
   18.995216559231160     
   18.980416659033324     
   18.965544565836183     
   18.950599766040582     
   18.935581735957335     
   18.920489941612033     
   18.905323838544128     
   18.890082871600082     
   18.874766474720367     
   18.859374070720147     
   18.843905071063393     
   18.828358875630251     
   18.812734872477400     
   18.797032437591170     
   18.781250934633189     
   18.765389714678264     
   18.749448115944272     
   18.733425463513722     
   18.717321069046751     
   18.701134230485209     
   18.684864231747532     
   18.668510342414056     
   18.652071817402437     
   18.635547896632819     
   18.618937804682343     
   18.602240750428635     
   18.585455926681842     
   18.568582509804791     
   18.551619659320814     
   18.534566517508779     
   18.517422208984836     
   18.500185840270355     
   18.482856499345516     
   18.465433255188014     
   18.447915157296269     
   18.430301235196527     
   18.412590497933234     
   18.394781933541978     
   18.376874508504319     
   18.358867167183757     
   18.340758831242070     
   18.322548399035224     
   18.304234744987983     
   18.285816718946350     
   18.267293145506905     
   18.248662823322057     
   18.229924524380184     
   18.211076993259596     
   18.192118946355173     
   18.173049071076520     
   18.153866025016359     
   18.134568435087889     
   18.115154896629694     
   18.095623972476798     
   18.075974191996313     
   18.056204050086105     
   18.036312006134771     
   18.016296482941193     
   17.996155865591753     
   17.975888500293291     
   17.955492693159719     
   17.934966708950107     
   17.914308769755930     
   17.893517053635094     
   17.872589693190122     
   17.851524774087842     
   17.830320333517715     
   17.808974358585775     
   17.787484784641016     
   17.765849493530848     
   17.744066311782067     
   17.722133008703576     
   17.700047294406872     
   17.677806817740063     
   17.655409164130972     
   17.632851853334579     
   17.610132337079754     
   17.587247996610014     
   17.564196140112585     
   17.540974000029827     
   17.517578730246598     
   17.494007403146828     
   17.470257006532080     
   17.446324440394452     
   17.422206513535670     
   17.397899940023681     
   17.373401335477546     
   17.348707213170730     
   17.323813979942347     
   17.298717931905092     
   17.273415249937955     
   17.247901994950904     
   17.222174102907903     
   17.196227379593651     
   17.170057495108434     
   17.143659978074346     
   17.117030209534988     
   17.090163416529407     
   17.063054665319708     
   17.035698854250189     
   17.008090706214301     
   16.980224760703852     
   16.952095365413062     
   16.923696667367892     
   16.895022603548838     
   16.866066890972910     
   16.836823016197805     
   16.807284224208356     
   16.777443506642140     
   16.747293589307613     
   16.716826918944356     
   16.686035649170808     
   16.654911625560310     
   16.623446369781263     
   16.591631062731729     
   16.559456526592729     
   16.526913205717950     
   16.493991146270194     
   16.460679974506931     
   16.426968873608466     
   16.392846558932437     
   16.358301251567635     
   16.323320650048149     
   16.287891900075653     
   16.252001562083031     
   16.215635576456251     
   16.178779226213372     
   16.141417096919422     
   16.103533033593539     
   16.065110094339747     
   16.026130500404850     
   15.986575582335677     
   15.946425721872931     
   15.905660289179629     
   15.864257574958017     
   15.822194716959173     
   15.779447620333551     
   15.735990871207537     
   15.691797642799596     
   15.646839593308663     
   15.601086754715517     
   15.554507411533459     
   15.507067968425606     
   15.458732805470396     
   15.409464119701633     
   15.359221751371603     
   15.307962993181631     
   15.255642380489608     
   15.202211460233235     
   15.147618535994884     
   15.091808386271634     
   15.034721952593392     
   14.976295993642559     
   14.916462700957613     
   14.855149271135163     
   14.792277428661743     
   14.727762892585666     
   14.661514779153238     
   14.593434931249334     
   14.523417163959081     
   14.451346413755186     
   14.377097776652741     
   14.300535418084145     
   14.221511334136688     
   14.139863940047171     
   14.055416457315133     
   13.967975065295457     
   13.877326776432058     
   13.783236986106425     
   13.685446638031408     
   13.583668933756705     
   13.477585499578050     
   13.366841905206728     
   13.251042405005501     
   13.129743743217997     
   13.002447827873397     
   12.868593031997424     
   12.727543822982740     
   12.578578348492050     
   12.420873516533380     
   12.253486994325716     
   12.075335411123525     
   11.885167881003223     
   11.681533762470954     
   11.462743350002544     
   11.226819972761241     
   10.971441818486657     
   10.693871841026134     
   10.390874633001292     
   10.058620731918463     
   9.6925826355945848     
   9.2874350703190434     
   8.8369889284069334     
   8.3342207981074559     
   7.7715177194263880     
   7.1413440764566030     
   6.4376203795680400     
   5.6580226085899570     
   4.8067957617793926     
   3.8963231614147382     
   2.9449459119234316     
   1.9710368764848614     
  0.98743671015683998     
   0.0000000000000000     
