   1.7873917026153585     
   1.7873639385509688     
   1.7873089863591203     
   1.7872272292181741     
   1.7871189729802164     
   1.7869844781009403     
   1.7868239742399656     
   1.7866376684061136     
   1.7864257500527074     
   1.7861883945154400     
   1.7859257654608194     
   1.7856380167023833     
   1.7853252935914792     
   1.7849877341098246     
   1.7846254697460247     
   1.7842386262112315     
   1.7838273240322529     
   1.7833916790494486     
   1.7829318028393886     
   1.7824478030771662     
   1.7819397838496898     
   1.7814078459286742     
   1.7808520870101692     
   1.7802726019260355     
   1.7796694828317103     
   1.7790428193737808     
   1.7783926988402319     
   1.7777192062957459     
   1.7770224247040196     
   1.7763024350387484     
   1.7755593163846675     
   1.7747931460298298     
   1.7740039995501251     
   1.7731919508869003     
   1.7723570724184283     
   1.7714994350258637     
   1.7706191081542495     
   1.7697161598690601     
   1.7687906569087108     
   1.7678426647334102     
   1.7668722475706862     
   1.7658794684578851     
   1.7648643892819038     
   1.7638270708163855     
   1.7627675727565919     
   1.7616859537521374     
   1.7605822714377541     
   1.7594565824622357     
   1.7583089425157041     
   1.7571394063553121     
   1.7559480278295065     
   1.7547348599009405     
   1.7534999546681393     
   1.7522433633859964     
   1.7509651364851819     
   1.7496653235905280     
   1.7483439735384649     
   1.7470011343935588     
   1.7456368534642088     
   1.7442511773175584     
   1.7428441517936570     
   1.7414158220189262     
   1.7399662324189626     
   1.7384954267307158     
   1.7370034480140777     
   1.7354903386629106     
   1.7339561404155479     
   1.7324008943647924     
   1.7308246409674346     
   1.7292274200533211     
   1.7276092708339887     
   1.7259702319108914     
   1.7243103412832315     
   1.7226296363554208     
   1.7209281539441823     
   1.7192059302853113     
   1.7174630010401124     
   1.7156994013015217     
   1.7139151655999294     
   1.7121103279087184     
   1.7102849216495233     
   1.7084389796972268     
   1.7065725343847016     
   1.7046856175073051     
   1.7027782603271413     
   1.7008504935770914     
   1.6989023474646290     
   1.6969338516754193     
   1.6949450353767168     
   1.6929359272205629     
   1.6909065553467941     
   1.6888569473858628     
   1.6867871304614777     
   1.6846971311930732     
   1.6825869756981058     
   1.6804566895941881     
   1.6783062980010637     
   1.6761358255424235     
   1.6739452963475747     
   1.6717347340529598     
   1.6695041618035327     
   1.6672536022539948     
   1.6649830775698933     
   1.6626926094285874     
   1.6603822190200825     
   1.6580519270477374     
   1.6557017537288452     
   1.6533317187950933     
   1.6509418414929025     
   1.6485321405836462     
   1.6461026343437595     
   1.6436533405647273     
   1.6411842765529676     
   1.6386954591295988     
   1.6361869046301047     
   1.6336586289038892     
   1.6311106473137282     
   1.6285429747351161     
   1.6259556255555137     
   1.6233486136734920     
   1.6207219524977803     
   1.6180756549462116     
   1.6154097334445765     
   1.6127241999253759     
   1.6100190658264824     
   1.6072943420897066     
   1.6045500391592693     
   1.6017861669801834     
   1.5990027349965414     
   1.5961997521497153     
   1.5933772268764645     
   1.5905351671069536     
   1.5876735802626845     
   1.5847924732543355     
   1.5818918524795165     
   1.5789717238204339     
   1.5760320926414713     
   1.5730729637866809     
   1.5700943415771915     
   1.5670962298085283     
   1.5640786317478474     
   1.5610415501310866     
   1.5579849871600286     
   1.5549089444992830     
   1.5518134232731791     
   1.5486984240625781     
   1.5455639469015987     
   1.5424099912742590     
   1.5392365561110355     
   1.5360436397853354     
   1.5328312401098865     
   1.5295993543330437     
   1.5263479791350101     
   1.5230771106239753     
   1.5197867443321693     
   1.5164768752118321     
   1.5131474976310992     
   1.5097986053698043     
   1.5064301916151956     
   1.5030422489575710     
   1.4996347693858261     
   1.4962077442829183     
   1.4927611644212491     
   1.4892950199579587     
   1.4858093004301371     
   1.4823039947499517     
   1.4787790911996868     
   1.4752345774267028     
   1.4716704404383059     
   1.4680866665965353     
   1.4644832416128639     
   1.4608601505428152     
   1.4572173777804922     
   1.4535549070530238     
   1.4498727214149223     
   1.4461708032423590     
   1.4424491342273498     
   1.4387076953718585     
   1.4349464669818126     
   1.4311654286610347     
   1.4273645593050843     
   1.4235438370950200     
   1.4197032394910696     
   1.4158427432262191     
   1.4119623242997141     
   1.4080619579704750     
   1.4041416187504290     
   1.4002012803977546     
   1.3962409159100426     
   1.3922604975173725     
   1.3882599966753026     
   1.3842393840577789     
   1.3801986295499573     
   1.3761377022409444     
   1.3720565704164547     
   1.3679552015513854     
   1.3638335623023086     
   1.3596916184998844     
   1.3555293351411910     
   1.3513466763819766     
   1.3471436055288322     
   1.3429200850312852     
   1.3386760764738170     
   1.3344115405678048     
   1.3301264371433859     
   1.3258207251412530     
   1.3214943626043714     
   1.3171473066696300     
   1.3127795135594198     
   1.3083909385731469     
   1.3039815360786753     
   1.2995512595037113     
   1.2951000613271206     
   1.2906278930701869     
   1.2861347052878143     
   1.2816204475596704     
   1.2770850684812804     
   1.2725285156550696     
   1.2679507356813560     
   1.2633516741493027     
   1.2587312756278275     
   1.2540894836564738     
   1.2494262407362489     
   1.2447414883204329     
   1.2400351668053595     
   1.2353072155211782     
   1.2305575727225957     
   1.2257861755796082     
   1.2209929601682254     
   1.2161778614611924     
   1.2113408133187165     
   1.2064817484792039     
   1.2016005985500109     
   1.1966972939982203     
   1.1917717641414474     
   1.1868239371386813     
   1.1818537399811730     
   1.1768610984833769     
   1.1718459372739531     
   1.1668081797868419     
   1.1617477482524170     
   1.1566645636887301     
   1.1515585458928561     
   1.1464296134323515     
   1.1412776836368328     
   1.1361026725896943     
   1.1309044951199734     
   1.1256830647943747     
   1.1204382939094748     
   1.1151700934841131     
   1.1098783732519921     
   1.1045630416544967     
   1.0992240058337570     
   1.0938611716259630     
   1.0884744435549598     
   1.0830637248261350     
   1.0776289173206242     
   1.0721699215898519     
   1.0666866368504340     
   1.0611789609794615     
   1.0556467905101954     
   1.0500900206281927     
   1.0445085451678962     
   1.0389022566097115     
   1.0332710460776044     
   1.0276148033372485     
   1.0219334167947547     
   1.0162267734960180     
   1.0104947591267168     
   1.0047372580130018     
  0.99895415312291214     
  0.99314532606856165     
  0.98731065710913790     
  0.98145002515475499     
  0.97556330777121170     
  0.96965038118570024     
  0.96371112029351758     
  0.95774539866583186     
  0.95175308855856144     
  0.94573406092242351     
  0.93968818541421140     
  0.93361533040936706     
  0.92751536301591397     
  0.92138814908981903     
  0.91523355325185651     
  0.90905143890605078     
  0.90284166825977474     
  0.89660410234558807     
  0.89033860104490259     
  0.88404502311356181     
  0.87772322620943277     
  0.87137306692210481     
  0.86499440080480006     
  0.85858708240860460     
  0.85215096531912671     
  0.84568590219570616     
  0.83919174481329151     
  0.83266834410711510     
  0.82611555022029926     
  0.81953321255453138     
  0.81292117982395440     
  0.80627930011242321     
  0.79960742093428638     
  0.79290538929885612     
  0.78617305177874275     
  0.77941025458223001     
  0.77261684362988092     
  0.76579266463556994     
  0.75893756319214867     
  0.75205138486195389     
  0.74513397527238656     
  0.73818518021679291     
  0.73120484576089051     
  0.72419281835499449     
  0.71714894495231141     
  0.71007307313357471     
  0.70296505123831499     
  0.69582472850306776     
  0.68865195520683353     
  0.68144658282412385     
  0.67420846418593916     
  0.66693745364903900     
  0.65963340727388653     
  0.65229618301166259     
  0.64492564090076365     
  0.63752164327322203     
  0.63008405497150277     
  0.62261274357615537     
  0.61510757964482443     
  0.60756843696314478     
  0.59999519280807678     
  0.59238772822426411     
  0.58474592831402816     
  0.57706968254164615     
  0.56935888505259580     
  0.56161343500848671     
  0.55383323693844277     
  0.54601820110774302     
  0.53816824390457796     
  0.53028328824583348     
  0.52236326400287170     
  0.51440810844834517     
  0.50641776672515049     
  0.49839219233870657     
  0.49033134767383280     
  0.48223520453759605     
  0.47410374472960903     
  0.46593696064138101     
  0.45773485588646051     
  0.44949744596326296     
  0.44122475895265206     
  0.43291683625253741     
  0.42457373335197535     
  0.41619552064751408     
  0.40778228430480828     
  0.39933412716885724     
  0.39085116972659145     
  0.38233355112595335     
  0.37378143025609706     
  0.36519498689387525     
  0.35657442292238817     
  0.34791996362805322     
  0.33923185908341508     
  0.33051038562373625     
  0.32175584742630270     
  0.31296857820229584     
  0.30414894301199530     
  0.29529734021489601     
  0.28641420356693170     
  0.27750000447718487     
  0.26855525443593320     
  0.25958050762416218     
  0.25057636371107761     
  0.24154347083967553     
  0.23248252878964859     
  0.22339429228984956     
  0.21427957442657944     
  0.20513925005581193     
  0.19597425907331514     
  0.18678560932279761     
  0.17757437882648874     
  0.16834171690677485     
  0.15908884364146855     
  0.14981704698191289     
  0.14052767680289990     
  0.13122213520415005     
  0.12190186260892653     
  0.11256831964961493     
  0.10322296547596665     
   9.3867233859408955E-002
   8.4502509099289788E-002
   7.5130104045348520E-002
   6.5751242400031898E-002
   5.6367046884422602E-002
   4.6978534032220638E-002
   3.7586615573924502E-002
   2.8192105794593497E-002
   1.8795733981334412E-002
   9.3981610939536976E-003
   0.0000000000000000     
