   17.310504382973260     
   17.309855942476958     
   17.308883684638040     
   17.307661227067257     
   17.306227233627713     
   17.304606573258418     
   17.302816976108147     
   17.300871908080083     
   17.298782046022499     
   17.296556123921672     
   17.294201457942126     
   17.291724291873237     
   17.289130035011055     
   17.286423432057166     
   17.283608688147648     
   17.280689563189387     
   17.277669444562413     
   17.274551404178503     
   17.271338243975748     
   17.268032532698985     
   17.264636636001828     
   17.261152741353264     
   17.257582878848005     
   17.253928938748238     
   17.250192686388782     
   17.246375774934286     
   17.242479756370923     
   17.238506091034719     
   17.234456155917968     
   17.230331251948051     
   17.226132610396515     
   17.221861398547617     
   17.217518724732791     
   17.213105642819368     
   17.208623156227290     
   17.204072221535693     
   17.199453751731649     
   17.194768619145414     
   17.190017658109863     
   17.185201667376667     
   17.180321412316871     
   17.175377626930011     
   17.170371015682608     
   17.165302255194081     
   17.160171995785973     
   17.154980862908349     
   17.149729458455518     
   17.144418361981813     
   17.139048131826911     
   17.133619306159101     
   17.128132403943955     
   17.122587925845075     
   17.116986355062817     
   17.111328158116343     
   17.105613785573738     
   17.099843672734441     
   17.094018240267950     
   17.088137894812167     
   17.082203029534590     
   17.076214024659169     
   17.070171247961465     
   17.064075055234358     
   17.057925790726564     
   17.051723787555812     
   17.045469368098509     
   17.039162844357499     
   17.032804518309419     
   17.026394682233029     
   17.019933619019710     
   17.013421602467371     
   17.006858897558750     
   17.000245760725143     
   16.993582440096411     
   16.986869175738136     
   16.980106199876698     
   16.973293737112947     
   16.966432004625180     
   16.959521212361999     
   16.952561563225640     
   16.945553253246288     
   16.938496471747868     
   16.931391401505795     
   16.924238218897084     
   16.917037094043216     
   16.909788190946141     
   16.902491667617777     
   16.895147676203290     
   16.887756363098507     
   16.880317869061674     
   16.872832329319948     
   16.865299873670704     
   16.857720626578026     
   16.850094707264546     
   16.842422229798835     
   16.834703303178532     
   16.826938031409448     
   16.819126513580695     
   16.811268843936144     
   16.803365111942252     
   16.795415402352454     
   16.787419795268228     
   16.779378366196966     
   16.771291186106772     
   16.763158321478294     
   16.754979834353684     
   16.746755782382802     
   16.738486218866743     
   16.730171192798768     
   16.721810748902751     
   16.713404927669171     
   16.704953765388758     
   16.696457294183848     
   16.687915542037519     
   16.679328532820556     
   16.670696286316272     
   16.662018818243340     
   16.653296140276552     
   16.644528260065645     
   16.635715181252181     
   16.626856903484601     
   16.617953422431366     
   16.609004729792328     
   16.600010813308334     
   16.590971656769042     
   16.581887240019061     
   16.572757538962371     
   16.563582525565067     
   16.554362167856475     
   16.545096429928620     
   16.535785271934063     
   16.526428650082181     
   16.517026516633816     
   16.507578819894366     
   16.498085504205317     
   16.488546509934206     
   16.478961773463020     
   16.469331227175076     
   16.459654799440333     
   16.449932414599164     
   16.440163992944605     
   16.430349450703005     
   16.420488700013202     
   16.410581648904085     
   16.400628201270621     
   16.390628256848320     
   16.380581711186110     
   16.370488455617643     
   16.360348377230963     
   16.350161358836608     
   16.339927278934063     
   16.329646011676573     
   16.319317426834289     
   16.308941389755724     
   16.298517761327528     
   16.288046397932540     
   16.277527151406062     
   16.266959868990366     
   16.256344393287446     
   16.245680562209849     
   16.234968208929743     
   16.224207161826012     
   16.213397244429473     
   16.202538275366120     
   16.191630068298327     
   16.180672431864096     
   16.169665169614120     
   16.158608079946809     
   16.147500956041103     
   16.136343585787071     
   16.125135751714243     
   16.113877230917662     
   16.102567794981507     
   16.091207209900347     
   16.079795235997853     
   16.068331627843008     
   16.056816134163682     
   16.045248497757573     
   16.033628455400347     
   16.021955737751014     
   16.010230069254394     
   15.998451168040628     
   15.986618745821620     
   15.974732507784386     
   15.962792152481187     
   15.950797371716309     
   15.938747850429513     
   15.926643266575940     
   15.914483291002453     
   15.902267587320257     
   15.889995811773726     
   15.877667613105285     
   15.865282632416289     
   15.852840503023723     
   15.840340850312577     
   15.827783291583863     
   15.815167435898033     
   15.802492883913713     
   15.789759227721579     
   15.776966050673231     
   15.764112927204913     
   15.751199422655894     
   15.738225093081361     
   15.725189485059598     
   15.712092135493329     
   15.698932571404979     
   15.685710309725680     
   15.672424857077772     
   15.659075709550645     
   15.645662352469627     
   15.632184260157695     
   15.618640895689831     
   15.605031710639654     
   15.591356144818132     
   15.577613626004075     
   15.563803569666140     
   15.549925378676004     
   15.535978443012393     
   15.521962139455702     
   15.507875831272770     
   15.493718867891504     
   15.479490584565001     
   15.465190302024695     
   15.450817326122223     
   15.436370947459501     
   15.421850441006626     
   15.407255065707103     
   15.392584064069927     
   15.377836661748029     
   15.363012067102542     
   15.348109470752325     
   15.333128045108216     
   15.318066943891331     
   15.302925301634877     
   15.287702233168760     
   15.272396833086260     
   15.257008175192178     
   15.241535311931569     
   15.225977273798344     
   15.210333068722875     
   15.194601681437769     
   15.178782072820876     
   15.162873179214593     
   15.146873911720434     
   15.130783155467878     
   15.114599768856317     
   15.098322582769002     
   15.081950399757771     
   15.065481993197256     
   15.048916106407257     
   15.032251451741875     
   15.015486709643913     
   14.998620527662995     
   14.981651519435786     
   14.964578263626567     
   14.947399302826373     
   14.930113142408777     
   14.912718249340314     
   14.895213050943447     
   14.877595933609813     
   14.859865241461428     
   14.842019274957353     
   14.824056289443201     
   14.805974493640745     
   14.787772048074686     
   14.769447063433502     
   14.750997598861147     
   14.732421660176101     
   14.713717198014187     
   14.694882105891274     
   14.675914218181768     
   14.656811308008605     
   14.637571085040140     
   14.618191193189078     
   14.598669208208333     
   14.579002635178297     
   14.559188905879783     
   14.539225376046440     
   14.519109322490122     
   14.498837940092255     
   14.478408338653804     
   14.457817539595988     
   14.437062472503337     
   14.416139971500217     
   14.395046771451275     
   14.373779503975696     
   14.352334693264451     
   14.330708751688997     
   14.308897975189094     
   14.286898538426597     
   14.264706489691122     
   14.242317745542492     
   14.219728085173902     
   14.196933144478491     
   14.173928409800789     
   14.150709211353231     
   14.127270716276399     
   14.103607921320103     
   14.079715645120757     
   14.055588520048564     
   14.031220983596109     
   14.006607269277680     
   13.981741397006356     
   13.956617162913259     
   13.931228128570536     
   13.905567609576631     
   13.879628663459018     
   13.853404076845885     
   13.826886351854302     
   13.800067691638041     
   13.772939985033364     
   13.745494790235927     
   13.717723317436089     
   13.689616410333715     
   13.661164526446491     
   13.632357716118188     
   13.603185600124897     
   13.573637345767899     
   13.543701641331607     
   13.513366668773767     
   13.482620074502405     
   13.451448938080283     
   13.419839738682109     
   13.387778319112730     
   13.355249847175511     
   13.322238774158906     
   13.288728790185800     
   13.254702776143745     
   13.220142751884952     
   13.185029820352009     
   13.149344107248462     
   13.113064695832072     
   13.076169556362219     
   13.038635469680619     
   13.000437944345670     
   12.961551126674371     
   12.921947702970549     
   12.881598793133147     
   12.840473834741820     
   12.798540456607418     
   12.755764340650233     
   12.712109070826521     
   12.667535967661300     
   12.622003906759330     
   12.575469119452899     
   12.527884973499759     
   12.479201731462444     
   12.429366284074407     
   12.378321855521992     
   12.326007677134942     
   12.272358625471567     
   12.217304820195135     
   12.160771176450185     
   12.102676905643365     
   12.042934957590923     
   11.981451395887563     
   11.918124697047523     
   11.852844962429044     
   11.785493030131351     
   11.715939471891478     
   11.644043457437082     
   11.569651465685871     
   11.492595818518755     
   11.412693008465697     
   11.329741786375857     
   11.243520968808602     
   11.153786917249983     
   11.060270632053017     
   10.962674392885646     
   10.860667864050871     
   10.753883566855054     
   10.641911601714263     
   10.524293479329602     
   10.400514892453856     
   10.269997227032439     
   10.132087573637891     
   9.9860469575825110     
   9.8310364606502816     
   9.6661008633002137     
   9.4901494023552910     
   9.3019332329211029     
   9.1000192370012769     
   8.8827599942677526     
   8.6482601292470616     
   8.3943400625301070     
   8.1184997502962428     
   7.8178878554423497     
   7.4892868660617706     
   7.1291333308704488     
   6.7336063098107770     
   6.2988372840842404     
   5.8213174417752365     
   5.2985848779055589     
   4.7302131793476825     
   4.1189058449928462     
   3.4711071933875171     
   2.7963068271436544     
   2.1048309880654168     
   1.4052391774763695     
  0.70286810366550134     
   0.0000000000000000     
