   13.826405689795765     
   13.825922537631065     
   13.825144816890429     
   13.824134168119675     
   13.822924642328186     
   13.821538650544046     
   13.819992384948808     
   13.818298251142361     
   13.816466145963819     
   13.814504202317385     
   13.812419256763329     
   13.810217159934306     
   13.807902991813098     
   13.805481216372257     
   13.802955795915317     
   13.800330277694284     
   13.797607860890908     
   13.794791449339836     
   13.791883693674034     
   13.788887025474157     
   13.785803685272866     
   13.782635745766715     
   13.779385131241270     
   13.776053633968486     
   13.772642928157405     
   13.769154581908344     
   13.765590067523569     
   13.761950770453915     
   13.758237997104885     
   13.754452981682547     
   13.750596892225824     
   13.746670835945354     
   13.742675863968048     
   13.738612975569648     
   13.734483121964166     
   13.730287209707912     
   13.726026103767099     
   13.721700630290378     
   13.717311579121782     
   13.712859706084368     
   13.708345735060671     
   13.703770359892554     
   13.699134246119950     
   13.694438032575610     
   13.689682332850671     
   13.684867736644106     
   13.679994811007491     
   13.675064101495256     
   13.670076133229253     
   13.665031411885643     
   13.659930424611085     
   13.654773640874554     
   13.649561513260320     
   13.644294478207158     
   13.638972956698264     
   13.633597354905904     
   13.628168064794471     
   13.622685464685222     
   13.617149919785653     
   13.611561782686231     
   13.605921393826891     
   13.600229081935572     
   13.594485164440753     
   13.588689947859875     
   13.582843728165317     
   13.576946791129453     
   13.570999412650238     
   13.565001859058555     
   13.558954387408567     
   13.552857245752149     
   13.546710673398378     
   13.540514901159034     
   13.534270151580950     
   13.527976639166029     
   13.521634570579600     
   13.515244144847854     
   13.508805553544933     
   13.502318980970273     
   13.495784604316743     
   13.489202593830067     
   13.482573112960001     
   13.475896318503697     
   13.469172360741648     
   13.462401383566604     
   13.455583524605778     
   13.448718915336736     
   13.441807681197160     
   13.434849941688892     
   13.427845810476450     
   13.420795395480283     
   13.413698798964996     
   13.406556117622772     
   13.399367442652187     
   13.392132859832605     
   13.384852449594337     
   13.377526287084727     
   13.370154442230350     
   13.362736979795407     
   13.355273959436536     
   13.347765435754079     
   13.340211458340034     
   13.332612071822698     
   13.324967315908159     
   13.317277225418760     
   13.309541830328591     
   13.301761155796106     
   13.293935222193944     
   13.286064045136065     
   13.278147635502206     
   13.270185999459803     
   13.262179138483368     
   13.254127049371451     
   13.246029724261170     
   13.237887150640422     
   13.229699311357772     
   13.221466184630108     
   13.213187744048073     
   13.204863958579304     
   13.196494792569549     
   13.188080205741651     
   13.179620153192474     
   13.171114585387731     
   13.162563448154811     
   13.153966682673566     
   13.145324225465108     
   13.136636008378636     
   13.127901958576269     
   13.119121998515931     
   13.110296045932301     
   13.101424013815789     
   13.092505810389616     
   13.083541339084920     
   13.074530498513946     
   13.065473182441300     
   13.056369279753264     
   13.047218674425164     
   13.038021245486796     
   13.028776866985886     
   13.019485407949579     
   13.010146732343957     
   13.000760699031558     
   12.991327161726879     
   12.981845968949846     
   12.972316963977256     
   12.962739984792137     
   12.953114864031001     
   12.943441428929011     
   12.933719501262988     
   12.923948897292235     
   12.914129427697187     
   12.904260897515805     
   12.894343106077711     
   12.884375846936004     
   12.874358907796761     
   12.864292070446126     
   12.854175110675000     
   12.844007798201250     
   12.833789896589403     
   12.823521163167779     
   12.813201348943011     
   12.802830198511904     
   12.792407449970568     
   12.781932834820779     
   12.771406077873493     
   12.760826897149459     
   12.750195003776877     
   12.739510101886022     
   12.728771888500747     
   12.717980053426833     
   12.707134279137080     
   12.696234240653052     
   12.685279605423439     
   12.674270033198891     
   12.663205175903279     
   12.652084677501277     
   12.640908173862179     
   12.629675292619824     
   12.618385653028565     
   12.607038865815147     
   12.595634533026393     
   12.584172247872598     
   12.572651594566469     
   12.561072148157553     
   12.549433474361958     
   12.537735129387285     
   12.525976659752603     
   12.514157602103339     
   12.502277483020919     
   12.490335818827040     
   12.478332115382374     
   12.466265867879558     
   12.454136560630305     
   12.441943666846434     
   12.429686648414664     
   12.417364955664945     
   12.404978027132181     
   12.392525289311054     
   12.380006156403823     
   12.367420030060826     
   12.354766299113455     
   12.342044339299383     
   12.329253512979751     
   12.316393168848135     
   12.303462641630940     
   12.290461251778959     
   12.277388305149875     
   12.264243092681289     
   12.251024890054053     
   12.237732957345548     
   12.224366538672536     
   12.210924861823301     
   12.197407137878624     
   12.183812560821288     
   12.170140307133664     
   12.156389535382985     
   12.142559385793856     
   12.128648979807572     
   12.114657419627763     
   12.100583787751876     
   12.086427146487988     
   12.072186537456414     
   12.057860981075565     
   12.043449476031482     
   12.028950998730412     
   12.014364502733866     
   11.999688918175416     
   11.984923151158631     
   11.970066083135398     
   11.955116570263865     
   11.940073442745284     
   11.924935504138892     
   11.909701530654019     
   11.894370270418504     
   11.878940442722538     
   11.863410737236903     
   11.847779813204669     
   11.832046298605238     
   11.816208789289647     
   11.800265848085967     
   11.784216003873604     
   11.768057750625212     
   11.751789546414882     
   11.735409812391254     
   11.718916931714070     
   11.702309248452607     
   11.685585066444462     
   11.668742648112937     
   11.651780213241327     
   11.634695937702196     
   11.617487952139749     
   11.600154340603254     
   11.582693139129356     
   11.565102334271065     
   11.547379861571025     
   11.529523603976633     
   11.511531390194325     
   11.493400992980360     
   11.475130127365178     
   11.456716448808299     
   11.438157551280575     
   11.419450965270414     
   11.400594155710440     
   11.381584519820866     
   11.362419384865612     
   11.343096005817035     
   11.323611562924878     
   11.303963159184850     
   11.284147817701895     
   11.264162478943060     
   11.244003997874497     
   11.223669140976822     
   11.203154583132815     
   11.182456904380976     
   11.161572586528166     
   11.140498009614138     
   11.119229448220320     
   11.097763067614835     
   11.076094919725135     
   11.054220938929268     
   11.032136937656123     
   11.009838601784478     
   10.987321485830059     
   10.964581007909089     
   10.941612444466196     
   10.918410924753685     
   10.894971425048409     
   10.871288762591611     
   10.847357589236163     
   10.823172384784616     
   10.798727450000401     
   10.774016899273379     
   10.749034652919701     
   10.723774429094590     
   10.698229735295261     
   10.672393859429629     
   10.646259860424811     
   10.619820558347689     
   10.593068524007840     
   10.565996068011113     
   10.538595229229902     
   10.510857762653792     
   10.482775126581661     
   10.454338469113560     
   10.425538613897658     
   10.396366045084363     
   10.366810891436158     
   10.336862909537947     
   10.306511466048631     
   10.275745518930153     
   10.244553597585487     
   10.212923781831909     
   10.180843679630154     
   10.148300403484081     
   10.115280545418786     
   10.081770150437995     
   10.047754688353731     
   10.013219023872901     
   9.9781473848162001     
   9.9425233283348398     
   9.9063297049797825     
   9.8695486204664480     
   9.8321613949650892     
   9.7941485197331684     
   9.7554896108910505     
   9.7161633601259396     
   9.6761474820912419     
   9.6354186582492236     
   9.5939524768839206     
   9.5517233689885099     
   9.5087045397067396     
   9.4648678949813192     
   9.4201839630333470     
   9.3746218102656353     
   9.3281489511491849     
   9.2807312516159168     
   9.2323328254419259     
   9.1829159230639785     
   9.1324408122278449     
   9.0808656498201010     
   9.0281463441857372     
   8.9742364071823815     
   8.9190867951686350     
   8.8626457380696806     
   8.8048585556088987     
   8.7456674597411830     
   8.6850113422736470     
   8.6228255466153261     
   8.5590416225625834     
   8.4935870630056929     
   8.4263850214407459     
   8.3573540091974241     
   8.2864075713574987     
   8.2134539404548832     
   8.1383956672329436     
   8.0611292280111986     
   7.9815446086107338     
   7.8995248653431434     
   7.8149456643296134     
   7.7276748014466543     
   7.6375717065712845     
   7.5444869376209267     
   7.4482616722774093     
   7.3487272084078485     
   7.2457044882434110     
   7.1390036665899181     
   7.0284237500119700     
   6.9137523423963172     
   6.7947655429514731     
   6.6712280559616577     
   6.5428935879034391     
   6.4095056271959168     
   6.2707987250282926     
   6.1265004221096131     
   5.9763339947650351     
   5.8200222222208255     
   5.6572924007937679     
   5.4878828426090074     
   5.3115510847897713     
   5.1280839829088274     
   4.9373097474338268     
   4.7391117777029512     
   4.5334438303588529     
   4.3203456180062556     
   4.0999573931308664     
   3.8725315152743769     
   3.6384385875727281     
   3.3981657120550546     
   3.1523049852965928     
   2.9015316478623103     
   2.6465731580514671     
   2.3881724107494673     
   2.1270497130705697     
   1.8638684334358262     
   1.5992083539588289     
   1.3335490564798365     
   1.0672638056564432     
  0.80062293638194548     
  0.53380499510722823     
  0.26691380374288021     
   0.0000000000000000     
