   18.706976984248744     
   18.706421185727081     
   18.705513021426071     
   18.704329534715960     
   18.702911688474021     
   18.701286129925084     
   18.699472008020724     
   18.697483948093165     
   18.695333593689533     
   18.693030498410245     
   18.690582683096039     
   18.687997004525489     
   18.685279410526313     
   18.682435122920783     
   18.679468772624432     
   18.676384501887231     
   18.673186043294876     
   18.669876781914105     
   18.666459804944214     
   18.662937941931123     
   18.659313797733049     
   18.655589779836241     
   18.651768121208264     
   18.647850899584689     
   18.643840053874520     
   18.639737398215203     
   18.635544634093204     
   18.631263360859435     
   18.626895084902873     
   18.622441227694601     
   18.617903132874957     
   18.613282072525180     
   18.608579252740228     
   18.603795818599622     
   18.598932858617317     
   18.593991408738539     
   18.588972455941093     
   18.583876941489915     
   18.578705763886468     
   18.573459781548667     
   18.568139815252010     
   18.562746650358420     
   18.557281038855820     
   18.551743701228439     
   18.546135328175339     
   18.540456582192476     
   18.534708099031771     
   18.528890489049051     
   18.523004338451354     
   18.517050210452926     
   18.511028646348137     
   18.504940166508721     
   18.498785271311885     
   18.492564442005207     
   18.486278141513598     
   18.479926815193046     
   18.473510891535472     
   18.467030782828505     
   18.460486885773712     
   18.453879582066410     
   18.447209238939951     
   18.440476209677076     
   18.433680834090705     
   18.426823438976349     
   18.419904338538100     
   18.412923834790007     
   18.405882217934511     
   18.398779766719418     
   18.391616748774851     
   18.384393420931417     
   18.377110029520789     
   18.369766810659797     
   18.362363990519000     
   18.354901785576686     
   18.347380402859148     
   18.339800040168029     
   18.332160886295469     
   18.324463121227712     
   18.316706916337843     
   18.308892434568193     
   18.301019830603011     
   18.293089251031834     
   18.285100834504110     
   18.277054711875444     
   18.268951006345898     
   18.260789833590756     
   18.252571301884057     
   18.244295512215256     
   18.235962558399340     
   18.227572527180641     
   18.219125498330666     
   18.210621544740157     
   18.202060732505664     
   18.193443121010791     
   18.184768763002385     
   18.176037704661820     
   18.167249985671575     
   18.158405639277280     
   18.149504692345367     
   18.140547165416518     
   18.131533072754994     
   18.122462422394030     
   18.113335216177376     
   18.104151449797129     
   18.094911112827944     
   18.085614188757731     
   18.076260655014934     
   18.066850482992479     
   18.057383638068455     
   18.047860079623636     
   18.038279761055882     
   18.028642629791506     
   18.018948627293657     
   18.009197689067769     
   17.999389744664150     
   17.989524717677725     
   17.979602525745005     
   17.969623080538305     
   17.959586287757254     
   17.949492047117616     
   17.939340252337473     
   17.929130791120766     
   17.918863545138247     
   17.908538390005834     
   17.898155195260390     
   17.887713824332970     
   17.877214134519484     
   17.866655976948852     
   17.856039196548597     
   17.845363632007924     
   17.834629115738242     
   17.823835473831174     
   17.812982526013997     
   17.802070085602541     
   17.791097959451523     
   17.780065947902308     
   17.768973844728063     
   17.757821437076316     
   17.746608505408883     
   17.735334823439121     
   17.724000158066538     
   17.712604269308663     
   17.701146910230197     
   17.689627826869391     
   17.678046758161628     
   17.666403435860154     
   17.654697584453942     
   17.642928921082625     
   17.631097155448472     
   17.619201989725347     
   17.607243118464606     
   17.595220228497880     
   17.583132998836696     
   17.570981100568872     
   17.558764196751611     
   17.546481942301270     
   17.534133983879698     
   17.521719959777094     
   17.509239499791320     
   17.496692225103565     
   17.484077748150327     
   17.471395672491585     
   17.458645592675108     
   17.445827094096810     
   17.432939752857028     
   17.419983135612689     
   17.406956799425203     
   17.393860291604014     
   17.380693149545710     
   17.367454900568543     
   17.354145061742290     
   17.340763139713317     
   17.327308630524698     
   17.313781019431300     
   17.300179780709684     
   17.286504377462670     
   17.272754261418459     
   17.258928872724123     
   17.245027639733330     
   17.231049978788146     
   17.216995293994749     
   17.202862976992861     
   17.188652406718752     
   17.174362949161612     
   17.159993957113098     
   17.145544769909872     
   17.131014713168906     
   17.116403098515349     
   17.101709223302745     
   17.086932370325343     
   17.072071807522288     
   17.057126787673443     
   17.042096548086548     
   17.026980310275516     
   17.011777279629523     
   16.996486645072643     
   16.981107578713718     
   16.965639235486154     
   16.950080752777321     
   16.934431250047226     
   16.918689828436104     
   16.902855570360575     
   16.886927539097996     
   16.870904778358597     
   16.854786311845022     
   16.838571142798848     
   16.822258253533626     
   16.805846604954020     
   16.789335136060547     
   16.772722763439443     
   16.756008380737121     
   16.739190858118729     
   16.722269041710199     
   16.705241753023277     
   16.688107788362863     
   16.670865918216098     
   16.653514886622503     
   16.636053410524529     
   16.618480179097777     
   16.600793853060186     
   16.582993063959393     
   16.565076413437485     
   16.547042472472302     
   16.528889780594429     
   16.510616845078960     
   16.492222140111096     
   16.473704105924590     
   16.455061147912009     
   16.436291635705729     
   16.417393902228561     
   16.398366242712811     
   16.379206913686559     
   16.359914131925887     
   16.340486073371697     
   16.320920872009744     
   16.301216618712395     
   16.281371360040605     
   16.261383097004501     
   16.241249783780898     
   16.220969326385990     
   16.200539581301392     
   16.179958354051593     
   16.159223397730813     
   16.138332411477172     
   16.117283038891919     
   16.096072866401432     
   16.074699421559551     
   16.053160171287676     
   16.031452520049985     
   16.009573807960919     
   15.987521308822020     
   15.965292228085003     
   15.942883700737815     
   15.920292789110249     
   15.897516480595542     
   15.874551685284146     
   15.851395233505718     
   15.828043873275130     
   15.804494267638111     
   15.780742991911875     
   15.756786530815857     
   15.732621275487412     
   15.708243520377064     
   15.683649460017591     
   15.658835185660918     
   15.633796681776467     
   15.608529822404263     
   15.583030367355718     
   15.557293958254608     
   15.531316114410366     
   15.505092228515343     
   15.478617562157217     
   15.451887241137220     
   15.424896250584339     
   15.397639429855035     
   15.370111467207428     
   15.342306894238261     
   15.314220080070230     
   15.285845225276544     
   15.257176355528779     
   15.228207314953247     
   15.198931759180201     
   15.169343148069224     
   15.139434738093113     
   15.109199574361485     
   15.078630482264135     
   15.047720058712908     
   15.016460662959508     
   14.984844406965198     
   14.952863145296806     
   14.920508464521779     
   14.887771672073217     
   14.854643784553950     
   14.821115515446582     
   14.787177262194295     
   14.752819092614748     
   14.718030730606916     
   14.682801541107871     
   14.647120514253659     
   14.610976248695112     
   14.574356934016084     
   14.537250332197866     
   14.499643758069508     
   14.461524058679524     
   14.422877591519763     
   14.383690201527211     
   14.343947196784093     
   14.303633322830759     
   14.262732735499508     
   14.221228972170676     
   14.179104921344884     
   14.136342790417336     
   14.092924071531403     
   14.048829505379290     
   14.004039042807461     
   13.958531804073449     
   13.912286035588741     
   13.865279063969510     
   13.817487247202903     
   13.768885922721447     
   13.719449352161599     
   13.669150662564684     
   13.617961783759030     
   13.565853381641215     
   13.512794787051599     
   13.458753919914729     
   13.403697208288641     
   13.347589501938293     
   13.290393980017342     
   13.232072052408972     
   13.172583254240408     
   13.111885133046945     
   13.049933128019752     
   12.986680440727136     
   12.922077896651553     
   12.856073796834160     
   12.788613758865525     
   12.719640546405078     
   12.649093886353675     
   12.576910272743502     
   12.503022756348308     
   12.427360718955770     
   12.349849631183945     
   12.270410792667429     
   12.188961053388542     
   12.105412514888302     
   12.019672210065625     
   11.931641760267430     
   11.841217008394842     
   11.748287626812058     
   11.652736698957725     
   11.554440273741248     
   11.453266892080016     
   11.349077085326483     
   11.241722845882000     
   11.131047071043115     
   11.016882982133367     
   10.899053522312840     
   10.777370738220712     
   10.651635152908243     
   10.521635140504445     
   10.387146316901347     
   10.247930965666580     
   10.103737524648936     
   9.9543001666457371     
   9.7993385174042800     
   9.6385575665258010     
   9.4716478419362620     
   9.2982859368588819     
   9.1181354999267779     
   8.9308488242087893     
   8.7360691989956329     
   8.5334342178719851     
   8.3225802651885914     
   8.1031484257828836     
   7.8747920719418554     
   7.6371863654547232     
   7.3900398546823434     
   7.1331082255838218     
   6.8662100573159597     
   6.5892441153885759     
   6.3022072793063160     
   6.0052116676858454     
   5.6984989630275527     
   5.3824494886426200     
   5.0575834522876004     
   4.7245521624941071     
   4.3841180836099038     
   4.0371242651544232     
   3.6844556292946953     
   3.3269962803319619     
   2.9655878581573560     
   2.6009936994387033     
   2.2338723170255541     
   1.8647619304112129     
   1.4940760580566168     
   1.1221089533135871     
  0.74904909999150371     
  0.37499901175100553     
   0.0000000000000000     
