   20.390340226832855     
   20.389540774696147     
   20.388359308138469     
   20.386884069240534     
   20.385160969257385     
   20.383219405589593     
   20.381080279837228     
   20.378759437344527     
   20.376269424773383     
   20.373620495221882     
   20.370821230457850     
   20.367878949587634     
   20.364799990072783     
   20.361589908200894     
   20.358253626467274     
   20.354795544683480     
   20.351219625543628     
   20.347529461736624     
   20.343728329427083     
   20.339819231471139     
   20.335804932769843     
   20.331687989509160     
   20.327470773582359     
   20.323155493169804     
   20.318744210220306     
   20.314238855409311     
   20.309641241023655     
   20.304953072128473     
   20.300175956299913     
   20.295311412152198     
   20.290360876844375     
   20.285325712718588     
   20.280207213194871     
   20.275006608026150     
   20.269725068000017     
   20.264363709159873     
   20.258923596606760     
   20.253405747933964     
   20.247811136338601     
   20.242140693448192     
   20.236395311894867     
   20.230575847665364     
   20.224683122251243     
   20.218717924620556     
   20.212681013029531     
   20.206573116690439     
   20.200394937310033     
   20.194147150510986     
   20.187830407147541     
   20.181445334525147     
   20.174992537532876     
   20.168472599696333     
   20.161886084158102     
   20.155233534591851     
   20.148515476055756     
   20.141732415790191     
   20.134884843964230     
   20.127973234375030     
   20.120998045103761     
   20.113959719131419     
   20.106858684917572     
   20.099695356944736     
   20.092470136230911     
   20.085183410812625     
   20.077835556200370     
   20.070426935808552     
   20.062957901361592     
   20.055428793277784     
   20.047839941032347     
   20.040191663501126     
   20.032484269286016     
   20.024718057023453     
   20.016893315676853     
   20.009010324814049     
   20.001069354870634     
   19.993070667400030     
   19.985014515311075     
   19.976901143093762     
   19.968730787033948     
   19.960503675417499     
   19.952220028724529     
   19.943880059814276     
   19.935483974101047     
   19.927031969721764     
   19.918524237695511     
   19.909960962075491     
   19.901342320093800     
   19.892668482299314     
   19.883939612689083     
   19.875155868833506     
   19.866317401995573     
   19.857424357244504     
   19.848476873563918     
   19.839475083954945     
   19.830419115534333     
   19.821309089627903     
   19.812145121859427     
   19.802927322235252     
   19.793655795224698     
   19.784330639836540     
   19.774951949691602     
   19.765519813091707     
   19.756034313085067     
   19.746495527528253     
   19.736903529144886     
   19.727258385581163     
   19.717560159458273     
   19.707808908421910     
   19.698004685188849     
   19.688147537590822     
   19.678237508615634     
   19.668274636445719     
   19.658258954494141     
   19.648190491438132     
   19.638069271250252     
   19.627895313227206     
   19.617668632016379     
   19.607389237640184     
   19.597057135518238     
   19.586672326487417     
   19.576234806819844     
   19.565744568238866     
   19.555201597933042     
   19.544605878568174     
   19.533957388297452     
   19.523256100769697     
   19.512501985135756     
   19.501695006053108     
   19.490835123688630     
   19.479922293719621     
   19.468956467333072     
   19.457937591223175     
   19.446865607587174     
   19.435740454119451     
   19.424562064003975     
   19.413330365905061     
   19.402045283956433     
   19.390706737748694     
   19.379314642315087     
   19.367868908115632     
   19.356369441019616     
   19.344816142286472     
   19.333208908544950     
   19.321547631770713     
   19.309832199262235     
   19.298062493615092     
   19.286238392694557     
   19.274359769606548     
   19.262426492666904     
   19.250438425368969     
   19.238395426349459     
   19.226297349352674     
   19.214144043192917     
   19.201935351715207     
   19.189671113754216     
   19.177351163091448     
   19.164975328410552     
   19.152543433250898     
   19.140055295959218     
   19.127510729639411     
   19.114909542100456     
   19.102251535802331     
   19.089536507800037     
   19.076764249685546     
   19.063934547527786     
   19.051047181810517     
   19.038101927368086     
   19.025098553319047     
   19.012036822997576     
   18.998916493882682     
   18.985737317525071     
   18.972499039471742     
   18.959201399188128     
   18.945844129977864     
   18.932426958900024     
   18.918949606683803     
   18.905411787640642     
   18.891813209573559     
   18.878153573683875     
   18.864432574475028     
   18.850649899653593     
   18.836805230027238     
   18.822898239399752     
   18.808928594462905     
   18.794895954685110     
   18.780799972196821     
   18.766640291672555     
   18.752416550209436     
   18.738128377202173     
   18.723775394214375     
   18.709357214846090     
   18.694873444597452     
   18.680323680728335     
   18.665707512113897     
   18.651024519095849     
   18.636274273329395     
   18.621456337625634     
   18.606570265789323     
   18.591615602451871     
   18.576591882899340     
   18.561498632895397     
   18.546335368498966     
   18.531101595876482     
   18.515796811108494     
   18.500420499990497     
   18.484972137827782     
   18.469451189224039     
   18.453857107863662     
   18.438189336287362     
   18.422447305660945     
   18.406630435537068     
   18.390738133609595     
   18.374769795460466     
   18.358724804298646     
   18.342602530690989     
   18.326402332284673     
   18.310123553520949     
   18.293765525339840     
   18.277327564875481     
   18.260808975141767     
   18.244209044707940     
   18.227527047363733     
   18.210762241773715     
   18.193913871120397     
   18.176981162735661     
   18.159963327720124     
   18.142859560549898     
   18.125669038670338     
   18.108390922076211     
   18.091024352877767     
   18.073568454852211     
   18.056022332979882     
   18.038385072964669     
   18.020655740737904     
   18.002833381945166     
   17.984917021415207     
   17.966905662610372     
   17.948798287057652     
   17.930593853759618     
   17.912291298584407     
   17.893889533633843     
   17.875387446588778     
   17.856783900030717     
   17.838077730738654     
   17.819267748960112     
   17.800352737655224     
   17.781331451712678     
   17.762202617136317     
   17.742964930201079     
   17.723617056576906     
   17.704157630419168     
   17.684585253424164     
   17.664898493848010     
   17.645095885487311     
   17.625175926619818     
   17.605137078903251     
   17.584977766230296     
   17.564696373537732     
   17.544291245567496     
   17.523760685577450     
   17.503102953999360     
   17.482316267041558     
   17.461398795233634     
   17.440348661910264     
   17.419163941631162     
   17.397842658534039     
   17.376382784617121     
   17.354782237947727     
   17.333038880793147     
   17.311150517669763     
   17.289114893306298     
   17.266929690516619     
   17.244592527977435     
   17.222100957905763     
   17.199452463630941     
   17.176644457055414     
   17.153674275998331     
   17.130539181415543     
   17.107236354489217     
   17.083762893579802     
   17.060115811032677     
   17.036292029831294     
   17.012288380088023     
   16.988101595363531     
   16.963728308804583     
   16.939165049089873     
   16.914408236172452     
   16.889454176806741     
   16.864299059847216     
   16.838938951304971     
   16.813369789147373     
   16.787587377825055     
   16.761587382509290     
   16.735365323021568     
   16.708916567435939     
   16.682236325333221     
   16.655319640684613     
   16.628161384340597     
   16.600756246099131     
   16.573098726325298     
   16.545183127092244     
   16.517003542810968     
   16.488553850314069     
   16.459827698355614     
   16.430818496486342     
   16.401519403260124     
   16.371923313723961     
   16.342022846139756     
   16.311810327881947     
   16.281277780450171     
   16.250416903530986     
   16.219219058036941     
   16.187675248045057     
   16.155776101549723     
   16.123511849937572     
   16.090872306083345     
   16.057846840956593     
   16.024424358618703     
   15.990593269478492     
   15.956341461662040     
   15.921656270338449     
   15.886524444827787     
   15.850932113300296     
   15.814864744856829     
   15.778307108759011     
   15.741243230554012     
   15.703656344812043     
   15.665528844164992     
   15.626842224301177     
   15.587577024533754     
   15.547712763518163     
   15.507227869646517     
   15.466099605593410     
   15.424303986427079     
   15.381815690631473     
   15.338607963307282     
   15.294652510731853     
   15.249919385357765     
   15.204376860215698     
   15.157991291556728     
   15.110726968420096     
   15.062545947641318     
   15.013407872618989     
   14.963269773932289     
   14.912085849639928     
   14.859807222789252     
   14.806381673313798     
   14.751753341090623     
   14.695862396454306     
   14.638644673910472     
   14.580031264142894     
   14.519948058645983     
   14.458315240417106     
   14.395046713083113     
   14.330049459579641     
   14.263222820009576     
   14.194457676528257     
   14.123635530975527     
   14.050627458422083     
   13.975292916723587     
   13.897478388461490     
   13.817015827144711     
   13.733720874062135     
   13.647390805474634     
   13.557802161614367     
   13.464707998834573     
   13.367834693733849     
   13.266878212537000     
   13.161499739643324     
   13.051320535014719     
   12.935915859634109     
   12.814807769897897     
   12.687456533302393     
   12.553250356313221     
   12.411493037280909     
   12.261389058209517     
   12.102025503668543     
   11.932350036905614     
   11.751143965773233     
   11.556989189309887     
   11.348227529783967     
   11.122910638371566     
   10.878738360491054     
   10.612983272929682     
   10.322399318317272     
   10.003113623094851     
   9.6505038633961089     
   9.2590713151677591     
   8.8223366264257947     
   8.3328197994993491     
   7.7822308497553259     
   7.1621044120828214     
   6.4652351556579521     
   5.6882428376526297     
   4.8349518758311545     
   3.9185924039690279     
   2.9595856249822354     
   1.9785973497898908     
  0.98994861158481784     
   0.0000000000000000     
