   15.837885700886130     
   15.837360777112076     
   15.836493621675672     
   15.835350201279384     
   15.833968301200711     
   15.832373316035804     
   15.830583852214495     
   15.828614310252444     
   15.826476267611014     
   15.824179296573643     
   15.821731483660800     
   15.819139777719199     
   15.816410233236992     
   15.813548186299240     
   15.810558385444812     
   15.807445091296758     
   15.804212153950044     
   15.800863074127482     
   15.797401052239572     
   15.793829028263614     
   15.790149714541538     
   15.786365623036778     
   15.782479088199558     
   15.778492286311142     
   15.774407251975315     
   15.770225892276573     
   15.765949999013156     
   15.761581259329127     
   15.757121265005201     
   15.752571520618318     
   15.747933450741137     
   15.743208406321891     
   15.738397670360683     
   15.733502462978972     
   15.728523945962950     
   15.723463226848951     
   15.718321362608462     
   15.713099362981646     
   15.707798193501292     
   15.702418778242977     
   15.696962002332455     
   15.691428714236956     
   15.685819727863672     
   15.680135824485630     
   15.674377754512667     
   15.668546239123041     
   15.662641971769315     
   15.656665619570539     
   15.650617824601472     
   15.644499205088220     
   15.638310356518749     
   15.632051852675781     
   15.625724246598740     
   15.619328071480808     
   15.612863841506435     
   15.606332052634190     
   15.599733183329288     
   15.593067695249800     
   15.586336033890053     
   15.579538629184494     
   15.572675896074959     
   15.565748235044001     
   15.558756032616744     
   15.551699661833425     
   15.544579482694722     
   15.537395842581711     
   15.530149076652091     
   15.522839508214295     
   15.515467449080942     
   15.508033199902870     
   15.500537050485033     
   15.492979280085343     
   15.485360157697517     
   15.477679942318836     
   15.469938883203771     
   15.462137220104220     
   15.454275183497158     
   15.446352994800378     
   15.438370866576999     
   15.430329002729318     
   15.422227598682573     
   15.414066841559192     
   15.405846910343927     
   15.397567976040401     
   15.389230201819446     
   15.380833743159680     
   15.372378747980624     
   15.363865356768772     
   15.355293702696862     
   15.346663911736742     
   15.337976102766032     
   15.329230387668886     
   15.320426871431099     
   15.311565652229779     
   15.302646821517813     
   15.293670464103320     
   15.284636658224299     
   15.275545475618628     
   15.266396981589592     
   15.257191235067129     
   15.247928288664868     
   15.238608188733165     
   15.229230975408253     
   15.219796682657595     
   15.210305338321596     
   15.200756964151756     
   15.191151575845357     
   15.181489183076808     
   15.171769789525722     
   15.161993392901774     
   15.152159984966465     
   15.142269551551848     
   15.132322072576265     
   15.122317522057159     
   15.112255868121053     
   15.102137073010690     
   15.091961093089436     
   15.081727878842964     
   15.071437374878252     
   15.061089519919976     
   15.050684246804259     
   15.040221482469876     
   15.029701147946907     
   15.019123158342859     
   15.008487422826303     
   14.997793844608019     
   14.987042320919683     
   14.976232742990085     
   14.965364996018923     
   14.954438959148138     
   14.943454505430845     
   14.932411501797800     
   14.921309809021482     
   14.910149281677690     
   14.898929768104761     
   14.887651110360290     
   14.876313144175439     
   14.864915698906756     
   14.853458597485533     
   14.841941656364650     
   14.830364685462925     
   14.818727488106919     
   14.807029860970191     
   14.795271594009963     
   14.783452470401189     
   14.771572266467969     
   14.759630751612313     
   14.747627688240184     
   14.735562831684813     
   14.723435930127224     
   14.711246724513956     
   14.698994948471908     
   14.686680328220280     
   14.674302582479552     
   14.661861422377465     
   14.649356551351952     
   14.636787665050925     
   14.624154451228900     
   14.611456589640415     
   14.598693751930103     
   14.585865601519430     
   14.572971793489989     
   14.560011974463304     
   14.546985782477027     
   14.533892846857501     
   14.520732788088553     
   14.507505217676480     
   14.494209738011133     
   14.480845942222972     
   14.467413414036020     
   14.453911727616637     
   14.440340447417976     
   14.426699128020042     
   14.412987313965228     
   14.399204539589205     
   14.385350328847082     
   14.371424195134676     
   14.357425641104768     
   14.343354158478251     
   14.329209227849978     
   14.314990318489208     
   14.300696888134484     
   14.286328382782770     
   14.271884236472754     
   14.257363871062079     
   14.242766695998350     
   14.228092108083770     
   14.213339491233210     
   14.198508216225486     
   14.183597640447680     
   14.168607107632305     
   14.153535947587065     
   14.138383475917029     
   14.123148993738976     
   14.107831787387646     
   14.092431128113704     
   14.076946271773123     
   14.061376458507707     
   14.045720912416526     
   14.029978841217943     
   14.014149435901960     
   13.998231870372525     
   13.982225301079543     
   13.966128866640235     
   13.949941687449472     
   13.933662865278766     
   13.917291482863519     
   13.900826603478153     
   13.884267270498741     
   13.867612506952671     
   13.850861315054946     
   13.834012675730651     
   13.817065548123150     
   13.800018869087465     
   13.782871552668393     
   13.765622489562785     
   13.748270546565463     
   13.730814565998191     
   13.713253365121103     
   13.695585735525983     
   13.677810442510731     
   13.659926224434351     
   13.641931792051771     
   13.623825827827746     
   13.605606985229084     
   13.587273887994421     
   13.568825129380700     
   13.550259271385501     
   13.531574843944309     
   13.512770344101806     
   13.493844235156187     
   13.474794945775471     
   13.455620869084786     
   13.436320361723448     
   13.416891742870739     
   13.397333293239114     
   13.377643254033584     
   13.357819825875991     
   13.337861167692710     
   13.317765395564399     
   13.297530581536238     
   13.277154752387094     
   13.256635888355953     
   13.235971921823859     
   13.215160735949576     
   13.194200163257037     
   13.173087984172614     
   13.151821925510117     
   13.130399658901304     
   13.108818799169665     
   13.087076902645022     
   13.065171465416448     
   13.043099921520867     
   13.020859641064540     
   12.998447928274562     
   12.975862019477246     
   12.953099081000275     
   12.930156206995148     
   12.907030417176465     
   12.883718654474274     
   12.860217782595594     
   12.836524583490963     
   12.812635754721722     
   12.788547906723428     
   12.764257559960656     
   12.739761141968090     
   12.715054984272603     
   12.690135319190723     
   12.664998276495592     
   12.639639879947138     
   12.614056043678973     
   12.588242568435025     
   12.562195137648619     
   12.535909313356308     
   12.509380531938282     
   12.482604099676758     
   12.455575188123278     
   12.428288829265277     
   12.400739910481795     
   12.372923169277541     
   12.344833187784017     
   12.316464387015580     
   12.287811020867764     
   12.258867169844351     
   12.229626734498909     
   12.200083428575626     
   12.170230771833383     
   12.140062082536049     
   12.109570469590919     
   12.078748824316081     
   12.047589811816394     
   12.016085861946394     
   11.984229159837200     
   11.952011635962954     
   11.919424955720817     
   11.886460508496954     
   11.853109396189026     
   11.819362421154000     
   11.785210073547903     
   11.750642518022085     
   11.715649579738184     
   11.680220729661487     
   11.644345069089784     
   11.608011313371875     
   11.571207774766908     
   11.533922344392336     
   11.496142473204916     
   11.457855151955245     
   11.419046890052389     
   11.379703693270786     
   11.339811040226941     
   11.299353857548448     
   11.258316493652581     
   11.216682691045840     
   11.174435557049836     
   11.131557532852213     
   11.088030360774308     
   11.043835049639673     
   10.998951838119549     
   10.953360155922702     
   10.907038582687916     
   10.859964804427445     
   10.812115567359475     
   10.763466628956307     
   10.713992706023337     
   10.663667419611224     
   10.612463236550564     
   10.560351407384360     
   10.507301900459041     
   10.453283331919506     
   10.398262891337820     
   10.342206262688940     
   10.285077540370075     
   10.226839139943516     
   10.167451703265915     
   10.106873997650581     
   10.045062808693860     
   9.9819728263821954     
   9.9175565240844641     
   9.8517640300247038     
   9.7845429908251695     
   9.7158384267097855     
   9.6455925779655267     
   9.5737447422760553     
   9.5002311025711510     
   9.4249845450802621     
   9.3479344673434372     
   9.2690065760233935     
   9.1881226744849371     
   9.1052004402711830     
   9.0201531928198531     
   8.9328896520405028     
   8.8433136887301753     
   8.7513240682604305     
   8.6568141895465871     
   8.5596718220392702     
   8.4597788443950677     
   8.3570109896298259     
   8.2512376029876204     
   8.1423214205328982     
   8.0301183786671988     
   7.9144774674722145     
   7.7952406440880067     
   7.6722428263616571     
   7.5453119918692302     
   7.4142694132473785     
   7.2789300676842394     
   7.1391032664947085     
   6.9945935599563267     
   6.8452019828970467     
   6.6907277175812485     
   6.5309702615707677     
   6.3657321982582591     
   6.1948226747286252     
   6.0180616924746753     
   5.8352853068258383     
   5.6463518045567076     
   5.4511488779864861     
   5.2496017284674927     
   5.0416819029521047     
   4.8274164878395140     
   4.6068970565513325     
   4.3802875096473919     
   4.1478297022695685     
   3.9098455971247259     
   3.6667347101235261     
   3.4189659263263339     
   3.1670634022592634     
   2.9115871783882810     
   2.6531101125036849     
   2.3921935289082437     
   2.1293642961672110     
   1.8650957823479635     
   1.5997943883466856     
   1.3337923888077885     
   1.0673469143184491     
  0.80064429848584906     
  0.53380875844716213     
  0.26691442722755854     
   0.0000000000000000     
