   3.4712432639586130     
   3.4711760180118589     
   3.4710454099336716     
   3.4708537665477928     
   3.4706028617108502     
   3.4702941549191877     
   3.4699288968888720     
   3.4695081873393305     
   3.4690330106407989     
   3.4685042595982210     
   3.4679227522289051     
   3.4672892441030307     
   3.4666044377212502     
   3.4658689898297004     
   3.4650835172500449     
   3.4642486016102874     
   3.4633647932426683     
   3.4624326144377449     
   3.4614525621921999     
   3.4604251105525083     
   3.4593507126317169     
   3.4582298023587072     
   3.4570627960062223     
   3.4558500935342069     
   3.4545920797776484     
   3.4532891255024949     
   3.4519415883488400     
   3.4505498136771608     
   3.4491141353306900     
   3.4476348763248250     
   3.4461123494727626     
   3.4445468579550869     
   3.4429386958399313     
   3.4412881485593365     
   3.4395954933466579     
   3.4378609996392138     
   3.4360849294497844     
   3.4342675377101521     
   3.4324090725894267     
   3.4305097757895937     
   3.4285698828204207     
   3.4265896232556048     
   3.4245692209718559     
   3.4225088943723807     
   3.4204088565961150     
   3.4182693157138804     
   3.4160904749125378     
   3.4138725326680919     
   3.4116156829086060     
   3.4093201151677111     
   3.4069860147294055     
   3.4046135627647920     
   3.4022029364613315     
   3.3997543091451297     
   3.3972678503967573     
   3.3947437261610189     
   3.3921820988511020     
   3.3895831274474468     
   3.3869469675916952     
   3.3842737716760181     
   3.3815636889281131     
   3.3788168654921349     
   3.3760334445057993     
   3.3732135661738916     
   3.3703573678383854     
   3.3674649840453585     
   3.3645365466088952     
   3.3615721846721369     
   3.3585720247656283     
   3.3555361908631220     
   3.3524648044349514     
   3.3493579844991146     
   3.3462158476701793     
   3.3430385082061194     
   3.3398260780531812     
   3.3365786668888839     
   3.3332963821632315     
   3.3299793291382271     
   3.3266276109257706     
   3.3232413285240052     
   3.3198205808521908     
   3.3163654647841638     
   3.3128760751804438     
   3.3093525049190538     
   3.3057948449250962     
   3.3022031841991417     
   3.2985776098444837     
   3.2949182070932976     
   3.2912250593317465     
   3.2874982481240846     
   3.2837378532357833     
   3.2799439526557261     
   3.2761166226175029     
   3.2722559376198377     
   3.2683619704461799     
   3.2644347921834855     
   3.2604744722402246     
   3.2564810783636293     
   3.2524546766562175     
   3.2483953315916141     
   3.2443031060296801     
   3.2401780612309952     
   3.2360202568706873     
   3.2318297510516465     
   3.2276066003171366     
   3.2233508596628164     
   3.2190625825481969     
   3.2147418209075367     
   3.2103886251602081     
   3.2060030442205290     
   3.2015851255070906     
   3.1971349149515782     
   3.1926524570071146     
   3.1881377946561185     
   3.1835909694177027     
   3.1790120213546209     
   3.1744009890797629     
   3.1697579097622182     
   3.1650828191329130     
   3.1603757514898296     
   3.1556367397028104     
   3.1508658152179665     
   3.1460630080616818     
   3.1412283468442319     
   3.1363618587630211     
   3.1314635696054371     
   3.1265335037513391     
   3.1215716841751702     
   3.1165781324477213     
   3.1115528687375225     
   3.1064959118118893     
   3.1014072790376201     
   3.0962869863813425     
   3.0911350484095177     
   3.0859514782881106     
   3.0807362877819116     
   3.0754894872535381     
   3.0702110856620912     
   3.0649010905614897     
   3.0595595080984697     
   3.0541863430102603     
   3.0487815986219311     
   3.0433452768434179     
   3.0378773781662183     
   3.0323779016597703     
   3.0268468449674986     
   3.0212842043025465     
   3.0156899744431787     
   3.0100641487278610     
   3.0044067190500146     
   2.9987176758524456     
   2.9929970081214492     
   2.9872447033805827     
   2.9814607476841140     
   2.9756451256101344     
   2.9697978202533415     
   2.9639188132174854     
   2.9580080846074792     
   2.9520656130211700     
   2.9460913755407621     
   2.9400853477239020     
   2.9340475035944094     
   2.9279778156326577     
   2.9218762547655981     
   2.9157427903564228     
   2.9095773901938671     
   2.9033800204811362     
   2.8971506458244667     
   2.8908892292213086     
   2.8845957320481155     
   2.8782701140477580     
   2.8719123333165353     
   2.8655223462907866     
   2.8591001077331022     
   2.8526455707181131     
   2.8461586866178661     
   2.8396394050867704     
   2.8330876740461108     
   2.8265034396681172     
   2.8198866463595857     
   2.8132372367450400     
   2.8065551516494280     
   2.7998403300803405     
   2.7930927092097417     
   2.7863122243552123     
   2.7794988089606805     
   2.7726523945766393     
   2.7657729108398401     
   2.7588602854524420     
   2.7519144441606200     
   2.7449353107326044     
   2.7379228069361510     
   2.7308768525154203     
   2.7237973651672589     
   2.7166842605168635     
   2.7095374520928193     
   2.7023568513014919     
   2.6951423674007611     
   2.6878939074730761     
   2.6806113763978243     
   2.6732946768229819     
   2.6659437091360463     
   2.6585583714342174     
   2.6511385594938131     
   2.6436841667389084     
   2.6361950842091568     
   2.6286712005267963     
   2.6211124018628014     
   2.6135185719021692     
   2.6058895918083049     
   2.5982253401864948     
   2.5905256930464340     
   2.5827905237637800     
   2.5750197030407209     
   2.5672130988655053     
   2.5593705764709300     
   2.5514919982917448     
   2.5435772239209347     
   2.5356261100648680     
   2.5276385104972565     
   2.5196142760119113     
   2.5115532543742463     
   2.5034552902714977     
   2.4953202252616236     
   2.4871478977208401     
   2.4789381427897599     
   2.4706907923180825     
   2.4624056748078003     
   2.4540826153548747     
   2.4457214355893306     
   2.4373219536137314     
   2.4288839839399690     
   2.4204073374243378     
   2.4118918212008200     
   2.4033372386125409     
   2.3947433891413308     
   2.3861100683353373     
   2.3774370677346250     
   2.3687241747946985     
   2.3599711728078923     
   2.3511778408225430     
   2.3423439535598947     
   2.3334692813286484     
   2.3245535899370902     
   2.3155966406027142     
   2.3065981898592716     
   2.2975579894611471     
   2.2884757862849892     
   2.2793513222285027     
   2.2701843341063093     
   2.2609745535427850     
   2.2517217068617730     
   2.2424255149730712     
   2.2330856932555969     
   2.2237019514371057     
   2.2142739934703664     
   2.2048015174056670     
   2.1952842152595391     
   2.1857217728795679     
   2.1761138698051701     
   2.1664601791241993     
   2.1567603673252469     
   2.1470140941454945     
   2.1372210124139714     
   2.1273807678900720     
   2.1174929990971698     
   2.1075573371511731     
   2.0975734055838555     
   2.0875408201607857     
   2.0774591886936866     
   2.0673281108470385     
   2.0571471779387345     
   2.0469159727346029     
   2.0366340692365932     
   2.0263010324644148     
   2.0159164182304239     
   2.0054797729075426     
   1.9949906331899734     
   1.9844485258464952     
   1.9738529674660885     
   1.9632034641956597     
   1.9524995114696027     
   1.9417405937309495     
   1.9309261841438445     
   1.9200557442970687     
   1.9091287238983479     
   1.8981445604591500     
   1.8871026789696952     
   1.8760024915638758     
   1.8648433971737912     
   1.8536247811735902     
   1.8423460150123105     
   1.8310064558354004     
   1.8196054460946052     
   1.8081423131458898     
   1.7966163688350816     
   1.7850269090708941     
   1.7733732133850111     
   1.7616545444789000     
   1.7498701477570209     
   1.7380192508461130     
   1.7261010631002320     
   1.7141147750912229     
   1.7020595580843185     
   1.6899345634985670     
   1.6777389223518011     
   1.6654717446898755     
   1.6531321189999217     
   1.6407191116073894     
   1.6282317660566688     
   1.6156691024751153     
   1.6030301169203451     
   1.5903137807106964     
   1.5775190397388075     
   1.5646448137683160     
   1.5516899957137418     
   1.5386534509036940     
   1.5255340163276117     
   1.5123304998663516     
   1.4990416795070307     
   1.4856663025426511     
   1.4722030847571641     
   1.4586507095967842     
   1.4450078273285185     
   1.4312730541870746     
   1.4174449715115129     
   1.4035221248732483     
   1.3895030231972592     
   1.3753861378786656     
   1.3611699018971581     
   1.3468527089321245     
   1.3324329124817340     
   1.3179088249896860     
   1.3032787169838382     
   1.2885408162314933     
   1.2736933069167442     
   1.2587343288459807     
   1.2436619766884272     
   1.2284742992594402     
   1.2131692988552534     
   1.1977449306489059     
   1.1821991021582670     
   1.1665296727983729     
   1.1507344535317166     
   1.1348112066317413     
   1.1187576455765347     
   1.1025714350916740     
   1.0862501913633267     
   1.0697914824450789     
   1.0531928288845873     
   1.0364517045990391     
   1.0195655380315833     
   1.0025317136243950     
  0.98534757364788683     
  0.96801042042980223     
  0.95051751903256354     
  0.93286610043232832     
  0.91505336525877012     
  0.89707648816067209     
  0.87893262286906637     
  0.86061890803688268     
  0.84213247394195645     
  0.82347045014880760     
  0.80462997423392757     
  0.78560820168940249     
  0.76640231713067730     
  0.74700954694615118     
  0.72742717353920905     
  0.70765255132732985     
  0.68768312467823633     
  0.66751644797985565     
  0.64715020805945267     
  0.62658224918810657     
  0.60581060093036021     
  0.58483350912632814     
  0.56364947032622092     
  0.54225727003726376     
  0.52065602519357967     
  0.49884523132566366     
  0.47682481499503554     
  0.45459519218289529     
  0.43215733349651581     
  0.40951283731038046     
  0.38666401233141878     
  0.36361397163064524     
  0.34036674100734116     
  0.31692738577063440     
  0.29330216177945678     
  0.26949869894533474     
  0.24552622803403484     
  0.22139586269383321     
  0.19712094194891136     
  0.17271740630893359     
  0.14820408416698677     
  0.12360255770123216     
   9.8936039959254790E-002
   7.4226900709375987E-002
   4.9493607754634079E-002
   2.4748867425352025E-002
   0.0000000000000000     
