   1.7401661455838004     
   1.7401385559612947     
   1.7400842262784337     
   1.7400037134948050     
   1.7398974564706202     
   1.7397658247372150     
   1.7396091408343552     
   1.7394276927762664     
   1.7392217418489357     
   1.7389915278693309     
   1.7387372729293471     
   1.7384591841715926     
   1.7381574559137991     
   1.7378322713167640     
   1.7374838037216944     
   1.7371122177414882     
   1.7367176701646161     
   1.7363003107134636     
   1.7358602826877061     
   1.7353977235155214     
   1.7349127652299481     
   1.7344055348837457     
   1.7338761549132011     
   1.7333247434591621     
   1.7327514146519261     
   1.7321562788653631     
   1.7315394429446511     
   1.7309010104112563     
   1.7302410816481533     
   1.7295597540678087     
   1.7288571222650440     
   1.7281332781565821     
   1.7273883111088018     
   1.7266223080550174     
   1.7258353536034192     
   1.7250275301366518     
   1.7241989179038797     
   1.7233495951060886     
   1.7224796379752751     
   1.7215891208480922     
   1.7206781162344622     
   1.7197466948816060     
   1.7187949258338839     
   1.7178228764888048     
   1.7168306126495205     
   1.7158181985740921     
   1.7147856970217774     
   1.7137331692965776     
   1.7126606752882427     
   1.7115682735109310     
   1.7104560211396862     
   1.7093239740448909     
   1.7081721868248354     
   1.7070007128365301     
   1.7058096042248805     
   1.7045989119503269     
   1.7033686858150543     
   1.7021189744878584     
   1.7008498255277493     
   1.6995612854063717     
   1.6982533995293121     
   1.6969262122563560     
   1.6955797669207582     
   1.6942141058475781     
   1.6928292703711343     
   1.6914253008516245     
   1.6900022366909573     
   1.6885601163478359     
   1.6870989773521303     
   1.6856188563185768     
   1.6841197889598383     
   1.6826018100989530     
   1.6810649536812063     
   1.6795092527854469     
   1.6779347396348772     
   1.6763414456073411     
   1.6747294012451304     
   1.6730986362643312     
   1.6714491795637314     
   1.6697810592333073     
   1.6680943025623054     
   1.6663889360469373     
   1.6646649853977047     
   1.6629224755463650     
   1.6611614306525557     
   1.6593818741100865     
   1.6575838285529183     
   1.6557673158608295     
   1.6539323571647928     
   1.6520789728520648     
   1.6502071825710019     
   1.6483170052356091     
   1.6464084590298342     
   1.6444815614116126     
   1.6425363291166710     
   1.6405727781621027     
   1.6385909238497103     
   1.6365907807691364     
   1.6345723628007793     
   1.6325356831185012     
   1.6304807541921387     
   1.6284075877898181     
   1.6263161949800795     
   1.6242065861338186     
   1.6220787709260496     
   1.6199327583374898     
   1.6177685566559770     
   1.6155861734777190     
   1.6133856157083803     
   1.6111668895640121     
   1.6089300005718241     
   1.6066749535708069     
   1.6044017527122059     
   1.6021104014598484     
   1.5998009025903321     
   1.5974732581930691     
   1.5951274696701958     
   1.5927635377363518     
   1.5903814624183223     
   1.5879812430545535     
   1.5855628782945417     
   1.5831263660980968     
   1.5806717037344840     
   1.5781988877814452     
   1.5757079141241002     
   1.5731987779537315     
   1.5706714737664571     
   1.5681259953617868     
   1.5655623358410666     
   1.5629804876058142     
   1.5603804423559473     
   1.5577621910879014     
   1.5551257240926450     
   1.5524710309535887     
   1.5497981005443897     
   1.5471069210266584     
   1.5443974798475608     
   1.5416697637373225     
   1.5389237587066331     
   1.5361594500439566     
   1.5333768223127400     
   1.5305758593485321     
   1.5277565442560044     
   1.5249188594058787     
   1.5220627864317644     
   1.5191883062269023     
   1.5162953989408177     
   1.5133840439758843     
   1.5104542199837985     
   1.5075059048619668     
   1.5045390757498029     
   1.5015537090249425     
   1.4985497802993679     
   1.4955272644154496     
   1.4924861354419032     
   1.4894263666696643     
   1.4863479306076788     
   1.4832507989786112     
   1.4801349427144737     
   1.4770003319521712     
   1.4738469360289701     
   1.4706747234778874     
   1.4674836620230003     
   1.4642737185746795     
   1.4610448592247451     
   1.4577970492415500     
   1.4545302530649837     
   1.4512444343014053     
   1.4479395557185022     
   1.4446155792400774     
   1.4412724659407641     
   1.4379101760406734     
   1.4345286688999674     
   1.4311279030133681     
   1.4277078360045989     
   1.4242684246207571     
   1.4208096247266242     
   1.4173313912989118     
   1.4138336784204431     
   1.4103164392742755     
   1.4067796261377621     
   1.4032231903765540     
   1.3996470824385463     
   1.3960512518477686     
   1.3924356471982196     
   1.3888002161476503     
   1.3851449054112976     
   1.3814696607555668     
   1.3777744269916672     
   1.3740591479692048     
   1.3703237665697261     
   1.3665682247002289     
   1.3627924632866255     
   1.3589964222671755     
   1.3551800405858818     
   1.3513432561858545     
   1.3474860060026466     
   1.3436082259575624     
   1.3397098509509429     
   1.3357908148554309     
   1.3318510505092178     
   1.3278904897092765     
   1.3239090632045836     
   1.3199067006893352     
   1.3158833307961570     
   1.3118388810893171     
   1.3077732780579414     
   1.3036864471092391     
   1.2995783125617404     
   1.2954487976385534     
   1.2912978244606399     
   1.2871253140401249     
   1.2829311862736317     
   1.2787153599356607     
   1.2744777526720106     
   1.2702182809932496     
   1.2659368602682426     
   1.2616334047177411     
   1.2573078274080440     
   1.2529600402447334     
   1.2485899539664953     
   1.2441974781390319     
   1.2397825211490732     
   1.2353449901984972     
   1.2308847912985674     
   1.2264018292642953     
   1.2218960077089382     
   1.2173672290386430     
   1.2128153944472453     
   1.2082404039112342     
   1.2036421561848958     
   1.1990205487956445     
   1.1943754780395544     
   1.1897068389771079     
   1.1850145254291675     
   1.1802984299731898     
   1.1755584439396944     
   1.1707944574090012     
   1.1660063592082535     
   1.1611940369087415     
   1.1563573768235427     
   1.1514962640055000     
   1.1466105822455490     
   1.1417002140714207     
   1.1367650407467325     
   1.1318049422704908     
   1.1268197973770302     
   1.1218094835364028     
   1.1167738769552473     
   1.1117128525781597     
   1.1066262840895880     
   1.1015140439162807     
   1.0963760032303125     
   1.0912120319527161     
   1.0860219987577486     
   1.0808057710778241     
   1.0755632151091394     
   1.0702941958180310     
   1.0649985769480921     
   1.0596762210280872     
   1.0543269893806972     
   1.0489507421321387     
   1.0435473382226903     
   1.0381166354181701     
   1.0326584903224059     
   1.0271727583907393     
   1.0216592939446143     
   1.0161179501872926     
   1.0105485792207474     
   1.0049510320637851     
  0.99932515867144955     
  0.99367080795576002     
  0.98798782780784344     
  0.98227606512151799     
  0.97653536581838984     
  0.97076557487452553     
  0.96496653634876739     
  0.95913809341275824     
  0.95328008838274747     
  0.94739236275325311     
  0.94147475723265384     
  0.93552711178079107     
  0.92954926564866214     
  0.92354105742029236     
  0.91750232505687068     
  0.91143290594324156     
  0.90533263693684851     
  0.89920135441922755     
  0.89303889435015049     
  0.88684509232452569     
  0.88061978363216586     
  0.87436280332053373     
  0.86807398626058652     
  0.86175316721583806     
  0.85540018091476844     
  0.84901486212670785     
  0.84259704574133387     
  0.83614656685192257     
  0.82966326084249609     
  0.82314696347902327     
  0.81659751100482536     
  0.81001474024035180     
  0.80339848868749464     
  0.79674859463861603     
  0.79006489729046980     
  0.78334723686320573     
  0.77659545472465197     
  0.76980939352007816     
  0.76298889730764841     
  0.75613381169978366     
  0.74924398401065972     
  0.74231926341007615     
  0.73535950108394177     
  0.72836455040162951     
  0.72133426709046644     
  0.71426850941763509     
  0.70716713837977041     
  0.70003001790055219     
  0.69285701503660557     
  0.68564800019203276     
  0.67840284734191503     
  0.67112143426513993     
  0.66380364278692294     
  0.65644935903141322     
  0.64905847368478720     
  0.64163088226925868     
  0.63416648542845067     
  0.62666518922460079     
  0.61912690544809657     
  0.61155155193986122     
  0.60393905292714267     
  0.59628933937329065     
  0.58860234934213929     
  0.58087802837765012     
  0.57311632989951677     
  0.56531721561547066     
  0.55748065595108276     
  0.54960663049790803     
  0.54169512848088053     
  0.53374614924593211     
  0.52575970276888029     
  0.51773581018671333     
  0.50967450435248407     
  0.50157583041512577     
  0.49343984642560496     
  0.48526662397094600     
  0.47705624883778802     
  0.46880882170727334     
  0.46052445888321519     
  0.45220329305565687     
  0.44384547410210357     
  0.43545116992888744     
  0.42702056735531629     
  0.41855387304344044     
  0.41005131447645476     
  0.40151314098891916     
  0.39293962485211192     
  0.38433106241791465     
  0.37568777532462327     
  0.36701011176795734     
  0.35829844784023684     
  0.34955318894013709     
  0.34077477125452588     
  0.33196366331248783     
  0.32312036760959129     
  0.31424542229752084     
  0.30533940293011635     
  0.29640292425128079     
  0.28743664200274460     
  0.27844125471984804     
  0.26941750547084325     
  0.26036618347928892     
  0.25128812554961061     
  0.24218421719286126     
  0.23305539332371739     
  0.22390263837228280     
  0.21472698562809531     
  0.20552951561322366     
  0.19631135327265944     
  0.18707366378100815     
  0.17781764680293932     
  0.16854452911774562     
  0.15925555562830865     
  0.14995197891720227     
  0.14063504767366139     
  0.13130599447168376     
  0.12196602350318994     
  0.11261629893415391     
  0.10325793453899393     
   9.3891985178411949E-002
   8.4519440534680523E-002
   7.5141221335150388E-002
   6.5758178112649349E-002
   5.6371092398875507E-002
   4.6980680141522166E-002
   3.7587597083022756E-002
   2.8192445833492105E-002
   1.8795784401350116E-002
   9.3981359985484594E-003
   0.0000000000000000     
