   19.734305246560869     
   19.733471290730598     
   19.732255294297619     
   19.730745439794976     
   19.728987601924125     
   19.727011160395765     
   19.724837008119810     
   19.722480986208289     
   19.719955639405075     
   19.717271220123930     
   19.714436310105658     
   19.711458228765711     
   19.708343314026099     
   19.705097122677849     
   19.701724577698464     
   19.698230079322752     
   19.694617590587391     
   19.690890704431464     
   19.687052697171854     
   19.683106571717445     
   19.679055092923303     
   19.674900816832999     
   19.670646115104120     
   19.666293195591724     
   19.661844119833535     
   19.657300818012025     
   19.652665101843041     
   19.647938675746438     
   19.643123146582379     
   19.638220032181771     
   19.633230768856215     
   19.628156718039300     
   19.622999172184223     
   19.617759360021395     
   19.612438451262705     
   19.607037560824917     
   19.601557752633703     
   19.596000043060180     
   19.590365404034365     
   19.584654765873477     
   19.578869019857777     
   19.573009020582017     
   19.567075588107102     
   19.561069509933013     
   19.554991542811713     
   19.548842414416182     
   19.542622824879853     
   19.536333448219079     
   19.529974933649669     
   19.523547906807394     
   19.517052970881181     
   19.510490707666797     
   19.503861678547970     
   19.497166425411145     
   19.490405471499514     
   19.483579322211266     
   19.476688465846628     
   19.469733374307712     
   19.462714503754924     
   19.455632295223207     
   19.448487175201151     
   19.441279556175783     
   19.434009837145432     
   19.426678404103065     
   19.419285630492045     
   19.411831877636377     
   19.404317495147030     
   19.396742821306034     
   19.389108183429794     
   19.381413898212934     
   19.373660272053979     
   19.365847601363956     
   19.357976172859026     
   19.350046263838045     
   19.342058142446074     
   19.334012067924565     
   19.325908290849029     
   19.317747053354932     
   19.309528589352450     
   19.301253124730732     
   19.292920877552223     
   19.284532058237573     
   19.276086869741679     
   19.267585507721272     
   19.259028160694552     
   19.250415010193144     
   19.241746230906966     
   19.233021990822120     
   19.224242451352346     
   19.215407767464214     
   19.206518087796411     
   19.197573554773399     
   19.188574304713640     
   19.179520467932697     
   19.170412168841409     
   19.161249526039335     
   19.152032652403719     
   19.142761655174088     
   19.133436636032727     
   19.124057691181150     
   19.114624911412779     
   19.105138382181909     
   19.095598183669157     
   19.086004390843478     
   19.076357073520928     
   19.066656296420234     
   19.056902119215287     
   19.047094596584738     
   19.037233778258660     
   19.027319709062507     
   19.017352428958365     
   19.007331973083588     
   18.997258371786941     
   18.987131650662292     
   18.976951830579903     
   18.966718927715405     
   18.956432953576563     
   18.946093915027788     
   18.935701814312512     
   18.925256649073500     
   18.914758412371089     
   18.904207092699430     
   18.893602674000775     
   18.882945135677822     
   18.872234452604207     
   18.861470595133106     
   18.850653529104040     
   18.839783215847895     
   18.828859612190140     
   18.817882670452331     
   18.806852338451925     
   18.795768559500324     
   18.784631272399320     
   18.773440411435832     
   18.762195906375002     
   18.750897682451683     
   18.739545660360289     
   18.728139756243049     
   18.716679881676630     
   18.705165943657228     
   18.693597844583998     
   18.681975482240965     
   18.670298749777324     
   18.658567535686160     
   18.646781723781604     
   18.634941193174413     
   18.623045818245949     
   18.611095468620569     
   18.599090009136475     
   18.587029299814890     
   18.574913195827676     
   18.562741547463347     
   18.550514200091413     
   18.538230994125119     
   18.525891764982514     
   18.513496343045883     
   18.501044553619458     
   18.488536216885475     
   18.475971147858449     
   18.463349156337799     
   18.450670046858644     
   18.437933618640848     
   18.425139665536257     
   18.412287975974102     
   18.399378332904565     
   18.386410513740415     
   18.373384290296784     
   18.360299428728965     
   18.347155689468241     
   18.333952827155699     
   18.320690590573992     
   18.307368722577035     
   18.293986960017541     
   18.280545033672439     
   18.267042668166038     
   18.253479581890961     
   18.239855486926796     
   18.226170088956355     
   18.212423087179598     
   18.198614174225067     
   18.184743036058808     
   18.170809351890782     
   18.156812794078625     
   18.142753028028743     
   18.128629712094654     
   18.114442497472552     
   18.100191028093974     
   18.085874940515549     
   18.071493863805710     
   18.057047419428326     
   18.042535221123156     
   18.027956874783090     
   18.013311978328005     
   17.998600121575230     
   17.983820886106503     
   17.968973845131323     
   17.954058563346575     
   17.939074596792381     
   17.924021492704036     
   17.908898789359917     
   17.893706015925297     
   17.878442692291863     
   17.863108328912912     
   17.847702426634040     
   17.832224476519219     
   17.816673959672109     
   17.801050347052470     
   17.785353099287562     
   17.769581666478310     
   17.753735488000174     
   17.737813992298452     
   17.721816596677968     
   17.705742707086856     
   17.689591717894327     
   17.673363011662250     
   17.657055958910231     
   17.640669917874174     
   17.624204234257917     
   17.607658240977894     
   17.591031257900443     
   17.574322591571661     
   17.557531534939471     
   17.540657367067659     
   17.523699352841636     
   17.506656742665651     
   17.489528772151111     
   17.472314661795810     
   17.455013616653630     
   17.437624825994504     
   17.420147462954233     
   17.402580684173813     
   17.384923629427931     
   17.367175421242216     
   17.349335164498878     
   17.331401946030287     
   17.313374834200069     
   17.295252878471317     
   17.277035108961325     
   17.258720535982487     
   17.240308149568769     
   17.221796918987216     
   17.203185792233999     
   17.184473695514324     
   17.165659532705675     
   17.146742184803696     
   17.127720509350063     
   17.108593339841669     
   17.089359485120351     
   17.070017728742410     
   17.050566828327160     
   17.031005514883592     
   17.011332492114359     
   16.991546435696076     
   16.971645992535070     
   16.951629779997464     
   16.931496385112624     
   16.911244363748814     
   16.890872239759876     
   16.870378504101751     
   16.849761613917536     
   16.829019991589728     
   16.808152023758193     
   16.787156060302443     
   16.766030413286600     
   16.744773355865387     
   16.723383121149425     
   16.701857901028006     
   16.680195844947388     
   16.658395058642590     
   16.636453602820531     
   16.614369491792260     
   16.592140692051871     
   16.569765120799570     
   16.547240644406251     
   16.524565076816760     
   16.501736177888784     
   16.478751651664361     
   16.455609144570495     
   16.432306243545462     
   16.408840474087004     
   16.385209298218417     
   16.361410112368358     
   16.337440245159815     
   16.313296955103571     
   16.288977428191007     
   16.264478775380912     
   16.239798029974583     
   16.214932144873053     
   16.189877989709984     
   16.164632347853313     
   16.139191913268178     
   16.113553287233284     
   16.087712974902264     
   16.061667381700946     
   16.035412809550930     
   16.008945452909060     
   15.982261394611767     
   15.955356601512326     
   15.928226919898259     
   15.900868070675189     
   15.873275644302344     
   15.845445095463864     
   15.817371737458764     
   15.789050736291113     
   15.760477104440557     
   15.731645694291643     
   15.702551191198683     
   15.673188106161092     
   15.643550768081855     
   15.613633315579632     
   15.583429688322424     
   15.552933617848007     
   15.522138617833177     
   15.491037973770650     
   15.459624732008621     
   15.427891688103930     
   15.395831374435337     
   15.363436047018252     
   15.330697671456882     
   15.297607907963437     
   15.264158095367330     
   15.230339234029646     
   15.196141967569652     
   15.161556563300724     
   15.126572891262500     
   15.091180401724250     
   15.055368101021289     
   15.019124525571423     
   14.982437713901799     
   14.945295176497833     
   14.907683863264831     
   14.869590128369207     
   14.830999692199308     
   14.791897600155574     
   14.752268177945265     
   14.712094983018035     
   14.671360751734078     
   14.630047341806032     
   14.588135669497980     
   14.545605640998767     
   14.502436077311120     
   14.458604631910907     
   14.414087700330871     
   14.368860320707421     
   14.322896064195575     
   14.276166914002212     
   14.228643131607910     
   14.180293108537956     
   14.131083201798424     
   14.080977550806290     
   14.029937873305911     
   13.977923237367150     
   13.924889806091491     
   13.870790551096228     
   13.815574930185033     
   13.759188523823017     
   13.701572624087294     
   13.642663768624660     
   13.582393210771565     
   13.520686315321765     
   13.457461867392649     
   13.392631279350745     
   13.326097677693888     
   13.257754848000765     
   13.187486011352572     
   13.115162399750401     
   13.040641590659410     
   12.963765551461254     
   12.884358332694939     
   12.802223333713840     
   12.717140044698651     
   12.628860143359935     
   12.537102791093247     
   12.441548928963195     
   12.341834314676705     
   12.237540961949758     
   12.128186535159594     
   12.013211102939259     
   11.891960446765358     
   11.763664828231088     
   11.627411701586121     
   11.482110254703437     
   11.326444775659516     
   11.158812520643751     
   10.977239754751141     
   10.779266543985420     
   10.561786015355230     
   10.320816020540200     
   10.051168464142402     
   9.7459606097124158     
   9.3958777998701599     
   8.9880395586839583     
   8.5042316806743887     
   7.9181563800557715     
   7.1913634082873585     
   6.2684714458456439     
   5.0779840443906288     
   3.5675113799970588     
   1.8141100702474526     
   0.0000000000000000     
