   20.364612243260630     
   20.363810100276599     
   20.362624292634866     
   20.361143417425879     
   20.359413578946416     
   20.357464300728029     
   20.355316575129347     
   20.352986316853176     
   20.350486127802949     
   20.347826306423396     
   20.345015472574246     
   20.342060977946424     
   20.338969188287667     
   20.335745684740193     
   20.332395411862162     
   20.328922789220407     
   20.325331797330598     
   20.321626045063553     
   20.317808823361016     
   20.313883148641661     
   20.309851798310294     
   20.305717340127003     
   20.301482156737510     
   20.297148466344090     
   20.292718340264454     
   20.288193717956275     
   20.283576419959211     
   20.278868159111450     
   20.274070550325781     
   20.269185119154589     
   20.264213309330096     
   20.259156489432247     
   20.254015958809806     
   20.248792952858842     
   20.243488647745501     
   20.238104164646028     
   20.232640573565646     
   20.227098896788487     
   20.221480112003142     
   20.215785155141891     
   20.210014922966465     
   20.204170275428577     
   20.198252037829789     
   20.192261002802034     
   20.186197932127428     
   20.180063558413647     
   20.173858586639284     
   20.167583695581659     
   20.161239539138414     
   20.154826747552644     
   20.148345928550377     
   20.141797668398279     
   20.135182532888468     
   20.128501068256796     
   20.121753802040086     
   20.114941243877436     
   20.108063886260098     
   20.101122205234027     
   20.094116661058756     
   20.087047698826019     
   20.079915749041099     
   20.072721228169698     
   20.065464539152778     
   20.058146071891787     
   20.050766203706186     
   20.043325299765350     
   20.035823713496512     
   20.028261786970379     
   20.020639851265827     
   20.012958226815154     
   20.005217223731051     
   19.997417142116454     
   19.989558272358323     
   19.981640895406368     
   19.973665283037615     
   19.965631698107593     
   19.957540394789032     
   19.949391618798657     
   19.941185607612887     
   19.932922590672913     
   19.924602789579840     
   19.916226418280441     
   19.907793683243913     
   19.899304783630207     
   19.890759911450338     
   19.882159251719056     
   19.873502982600289     
   19.864791275545695     
   19.856024295426696     
   19.847202200660227     
   19.838325143328575     
   19.829393269293551     
   19.820406718305204     
   19.811365624105406     
   19.802270114526493     
   19.793120311585124     
   19.783916331571664     
   19.774658285135185     
   19.765346277364308     
   19.755980407864040     
   19.746560770828783     
   19.737087455111624     
   19.727560544290075     
   19.717980116728381     
   19.708346245636541     
   19.698658999126103     
   19.688918440262931     
   19.679124627116941     
   19.669277612809012     
   19.659377445555084     
   19.649424168707540     
   19.639417820794002     
   19.629358435553581     
   19.619246041970609     
   19.609080664306035     
   19.598862322126450     
   19.588591030330839     
   19.578266799175090     
   19.567889634294378     
   19.557459536723400     
   19.546976502914539     
   19.536440524753989     
   19.525851589575925     
   19.515209680174685     
   19.504514774815071     
   19.493766847240721     
   19.482965866680683     
   19.472111797854119     
   19.461204600973225     
   19.450244231744392     
   19.439230641367573     
   19.428163776533950     
   19.417043579421890     
   19.405869987691133     
   19.394642934475378     
   19.383362348373144     
   19.372028153436947     
   19.360640269160861     
   19.349198610466406     
   19.337703087686776     
   19.326153606549461     
   19.314550068157175     
   19.302892368967168     
   19.291180400768926     
   19.279414050660151     
   19.267593201021146     
   19.255717729487536     
   19.243787508921304     
   19.231802407380158     
   19.219762288085224     
   19.207667009387055     
   19.195516424729867     
   19.183310382614149     
   19.171048726557419     
   19.158731295053322     
   19.146357921528885     
   19.133928434299982     
   19.121442656524980     
   19.108900406156550     
   19.096301495891588     
   19.083645733119226     
   19.070932919866937     
   19.058162852744662     
   19.045335322886913     
   19.032450115892924     
   19.019507011764663     
   19.006505784842727     
   18.993446203740191     
   18.980328031274166     
   18.967151024395164     
   18.953914934114216     
   18.940619505427609     
   18.927264477239277     
   18.913849582280761     
   18.900374547028701     
   18.886839091619734     
   18.873242929762839     
   18.859585768649016     
   18.845867308858182     
   18.832087244263363     
   18.818245261931906     
   18.804341042023868     
   18.790374257687262     
   18.776344574950333     
   18.762251652610537     
   18.748095142120349     
   18.733874687469630     
   18.719589925064621     
   18.705240483603330     
   18.690825983947303     
   18.676346038989621     
   18.661800253519054     
   18.647188224080224     
   18.632509538829680     
   18.617763777387747     
   18.602950510686039     
   18.588069300810481     
   18.573119700839726     
   18.558101254678789     
   18.543013496887795     
   18.527855952505632     
   18.512628136868411     
   18.497329555422475     
   18.481959703531874     
   18.466518066280056     
   18.451004118265640     
   18.435417323391995     
   18.419757134650506     
   18.404022993897261     
   18.388214331622912     
   18.372330566715544     
   18.356371106216272     
   18.340335345067299     
   18.324222665852158     
   18.308032438527963     
   18.291764020149227     
   18.275416754583084     
   18.258989972215517     
   18.242482989648298     
   18.225895109386322     
   18.209225619514907     
   18.192473793366769     
   18.175638889178245     
   18.158720149734375     
   18.141716802002396     
   18.124628056753224     
   18.107453108170489     
   18.090191133446570     
   18.072841292365212     
   18.055402726870142     
   18.037874560619134     
   18.020255898522976     
   18.002545826268719     
   17.984743409826589     
   17.966847694939858     
   17.948857706597042     
   17.930772448485687     
   17.912590902426928     
   17.894312027790114     
   17.875934760886583     
   17.857458014341770     
   17.838880676444703     
   17.820201610473937     
   17.801419653998899     
   17.782533618155608     
   17.763542286895639     
   17.744444416207177     
   17.725238733306895     
   17.705923935801440     
   17.686498690817093     
   17.666961634096211     
   17.647311369058951     
   17.627546465828718     
   17.607665460219604     
   17.587666852684162     
   17.567549107219580     
   17.547310650230415     
   17.526949869345710     
   17.506465112188483     
   17.485854685095187     
   17.465116851782806     
   17.444249831961049     
   17.423251799886931     
   17.402120882858952     
   17.380855159647865     
   17.359452658860889     
   17.337911357236003     
   17.316229177862812     
   17.294403988326248     
   17.272433598769119     
   17.250315759869348     
   17.228048160727440     
   17.205628426659427     
   17.183054116890407     
   17.160322722143224     
   17.137431662116789     
   17.114378282847984     
   17.091159853950828     
   17.067773565726167     
   17.044216526134644     
   17.020485757625373     
   16.996578193812155     
   16.972490675988535     
   16.948219949472495     
   16.923762659770954     
   16.899115348553469     
   16.874274449424014     
   16.849236283478799     
   16.823997054637314     
   16.798552844732924     
   16.772899608348329     
   16.747033167380227     
   16.720949205316273     
   16.694643261206483     
   16.668110723309550     
   16.641346822393452     
   16.614346624667991     
   16.587105024325368     
   16.559616735662942     
   16.531876284760497     
   16.503878000682146     
   16.475616006170636     
   16.447084207799335     
   16.418276285544412     
   16.389185681736731     
   16.359805589349630     
   16.330128939575204     
   16.300148388637798     
   16.269856303789108     
   16.239244748424497     
   16.208305466255091     
   16.177029864464487     
   16.145408995772549     
   16.113433539322166     
   16.081093780296968     
   16.048379588169951     
   16.015280393473521     
   15.981785162971464     
   15.947882373102033     
   15.913559981548822     
   15.878805396782418     
   15.843605445400355     
   15.807946337075849     
   15.771813626906905     
   15.735192174936099     
   15.698066102587738     
   15.660418745742827     
   15.622232604142495     
   15.583489286777612     
   15.544169452885027     
   15.504252748129117     
   15.463717735500200     
   15.422541820408380     
   15.380701169391269     
   15.338170621786327     
   15.294923593641531     
   15.250931973050740     
   15.206166006000812     
   15.160594171704128     
   15.114183046260976     
   15.066897153348103     
   15.018698800460124     
   14.969547899035444     
   14.919401766573806     
   14.868214908593488     
   14.815938777976466     
   14.762521508902331     
   14.707907622167941     
   14.652037698219260     
   14.594848013672108     
   14.536270136454965     
   14.476230473950778     
   14.414649767624457     
   14.351442526570997     
   14.286516391173265     
   14.219771416577991     
   14.151099263933418     
   14.080382285221141     
   14.007492484981478     
   13.932290339181032     
   13.854623447784585     
   13.774324993121912     
   13.691211970696081     
   13.605083152426650     
   13.515716734158046     
   13.422867609208378     
   13.326264197298315     
   13.225604742757820     
   13.120552976656878     
   13.010733013409869     
   12.895723322127974     
   12.775049574819878     
   12.648176125254132     
   12.514495811058856     
   12.373317693839640     
   12.223852253227971     
   12.065193425322734     
   11.896296717550856     
   11.715952433780588     
   11.522752799951979     
   11.315051490700615     
   11.090913733439422     
   10.848054850223130     
   10.583764897801453     
   10.294817231890239     
   9.9773598955604399     
   9.6267918551093619     
   9.2376336103455010     
   8.8034181698124758     
   8.3166622100245515     
   7.7690416583855946     
   7.1520034297677304     
   6.4581741203401180     
   5.6839151409743636     
   4.8327555281754107     
   3.9177411348411204     
   2.9593647020595828     
   1.9785691701233321     
  0.98994828637626120     
   0.0000000000000000     
