   53.834873739250767     
   53.833833702631786     
   53.832413606296313     
   53.830702141655401     
   53.828745095523942     
   53.826571700740402     
   53.824202710480094     
   53.821653842913015     
   53.818937536073882     
   53.816063949521912     
   53.813041583623090     
   53.809877685895273     
   53.806578530226950     
   53.803149615954396     
   53.799595814153285     
   53.795921477885408     
   53.792130527075528     
   53.788226515065972     
   53.784212681641577     
   53.780091995869114     
   53.775867191136967     
   53.771540794131596     
   53.767115149036634     
   53.762592437922329     
   53.757974698063322     
   53.753263836755572     
   53.748461644078333     
   53.743569803953832     
   53.738589903785780     
   53.733523442903390     
   53.728371839994523     
   53.723136439678541     
   53.717818518342654     
   53.712419289344545     
   53.706939907667099     
   53.701381474096998     
   53.695745038988207     
   53.690031605661609     
   53.684242133484979     
   53.678377540670510     
   53.672438706822618     
   53.666426475263641     
   53.660341655161766     
   53.654185023482206     
   53.647957326779867     
   53.641659282849787     
   53.635291582249302     
   53.628854889704456     
   53.622349845411676     
   53.615777066244327     
   53.609137146872989     
   53.602430660807038     
   53.595658161364405     
   53.588820182575802     
   53.581917240028730     
   53.574949831656397     
   53.567918438475957     
   53.560823525280064     
   53.553665541285490     
   53.546444920741969     
   53.539162083504323     
   53.531817435570666     
   53.524411369588989     
   53.516944265334558     
   53.509416490160035     
   53.501828399420390     
   53.494180336874109     
   53.486472635062427     
   53.478705615667963     
   53.470879589854206     
   53.462994858586903     
   53.455051712938662     
   53.447050434377665     
   53.438991295041532     
   53.430874557997271     
   53.422700477487993     
   53.414469299167344     
   53.406181260322171     
   53.397836590084239     
   53.389435509631518     
   53.380978232379682     
   53.372464964164294     
   53.363895903414083     
   53.355271241316039     
   53.346591161972491     
   53.337855842550653     
   53.329065453425102     
   53.320220158313376     
   53.311320114405149     
   53.302365472485327     
   53.293356377051083     
   53.284292966423529     
   53.275175372853774     
   53.266003722624156     
   53.256778136144341     
   53.247498728042885     
   53.238165607254253     
   53.228778877101618     
   53.219338635375422     
   53.209844974408028     
   53.200297981144637     
   53.190697737210449     
   53.181044318974315     
   53.171337797609056     
   53.161578239148419     
   53.151765704540914     
   53.141900249700640     
   53.131981925555088     
   53.122010778090107     
   53.111986848392164     
   53.101910172687830     
   53.091780782380702     
   53.081598704085806     
   53.071363959661547     
   53.061076566239258     
   53.050736536250369     
   53.040343877451434     
   53.029898592946786     
   53.019400681209149     
   53.008850136098097     
   52.998246946876399     
   52.987591098224385     
   52.976882570252307     
   52.966121338510732     
   52.955307373999048     
   52.944440643172058     
   52.933521107944706     
   52.922548725695009     
   52.911523449265118     
   52.900445226960656     
   52.889314002548240     
   52.878129715251262     
   52.866892299744009     
   52.855601686143977     
   52.844257800002481     
   52.832860562293625     
   52.821409889401536     
   52.809905693105975     
   52.798347880566205     
   52.786736354303216     
   52.775071012180305     
   52.763351747381890     
   52.751578448390852     
   52.739750998963991     
   52.727869278105878     
   52.715933160041082     
   52.703942514184646     
   52.691897205110863     
   52.679797092520374     
   52.667642031205489     
   52.655431871013803     
   52.643166456810086     
   52.630845628436347     
   52.618469220670150     
   52.606037063181120     
   52.593548980485544     
   52.581004791899261     
   52.568404311488536     
   52.555747348019132     
   52.543033704903380     
   52.530263180145305     
   52.517435566283780     
   52.504550650333663     
   52.491608213724774     
   52.478608032238895     
   52.465549875944554     
   52.452433509129655     
   52.439258690231931     
   52.426025171766980     
   52.412732700254182     
   52.399381016140090     
   52.385969853719537     
   52.372498941054133     
   52.358967999888371     
   52.345376745563016     
   52.331724886926018     
   52.318012126240532     
   52.304238159090261     
   52.290402674281964     
   52.276505353745037     
   52.262545872428028     
   52.248523898192218     
   52.234439091701930     
   52.220291106311628     
   52.206079587949731     
   52.191804174999000     
   52.177464498173421     
   52.163060180391398     
   52.148590836645340     
   52.134056073867399     
   52.119455490791211     
   52.104788677809672     
   52.090055216828524     
   52.075254681115574     
   52.060386635145598     
   52.045450634440620     
   52.030446225405491     
   52.015372945158653     
   52.000230321357840     
   51.985017872020677     
   51.969735105339893     
   51.954381519493133     
   51.938956602446964     
   51.923459831755089     
   51.907890674350483     
   51.892248586331256     
   51.876533012740083     
   51.860743387336861     
   51.844879132364511     
   51.828939658307597     
   51.812924363643454     
   51.796832634585797     
   51.780663844820296     
   51.764417355231885     
   51.748092513623625     
   51.731688654426712     
   51.715205098401405     
   51.698641152328364     
   51.681996108690193     
   51.665269245342913     
   51.648459825176673     
   51.631567095765611     
   51.614590289006372     
   51.597528620744718     
   51.580381290389901     
   51.563147480516335     
   51.545826356452011     
   51.528417065853162     
   51.510918738264706     
   51.493330484665705     
   51.475651396999524     
   51.457880547687864     
   51.440016989128054     
   51.422059753173045     
   51.404007850593281     
   51.385860270519693     
   51.367615979867061     
   51.349273922737083     
   51.330833019799961     
   51.312292167653943     
   51.293650238161682     
   51.274906077762488     
   51.256058506759345     
   51.237106318579798     
   51.218048279009459     
   51.198883125396755     
   51.179609565827974     
   51.160226278271075     
   51.140731909686920     
   51.121125075106413     
   51.101404356672113     
   51.081568302642594     
   51.061615426357839     
   51.041544205163902     
   51.021353079294968     
   51.001040450710704     
   50.980604681886923     
   50.960044094557141     
   50.939356968402947     
   50.918541539690395     
   50.897595999850068     
   50.876518493997892     
   50.855307119393792     
   50.833959923835160     
   50.812474903981759     
   50.790850003608746     
   50.769083111784020     
   50.747172060966129     
   50.725114625018477     
   50.702908517135647     
   50.680551387677141     
   50.658040821903640     
   50.635374337610635     
   50.612549382653739     
   50.589563332360250     
   50.566413486820075     
   50.543097068050166     
   50.519611217024739     
   50.495952990564177     
   50.472119358074650     
   50.448107198129669     
   50.423913294884834     
   50.399534334315867     
   50.374966900269797     
   50.350207470318189     
   50.325252411400690     
   50.300097975246238     
   50.274740293558708     
   50.249175372952323     
   50.223399089621694     
   50.197407183729659     
   50.171195253495576     
   50.144758748964875     
   50.118092965439331     
   50.091193036546578     
   50.064053926924871     
   50.036670424497977     
   50.009037132312947     
   49.981148459911218     
   49.952998614201441     
   49.924581589799928     
   49.895891158801582     
   49.866920859941580     
   49.837663987104634     
   49.808113577134918     
   49.778262396896288     
   49.748102929527768     
   49.717627359834715     
   49.686827558751055     
   49.655695066802103     
   49.624221076491523     
   49.592396413528860     
   49.560211516806845     
   49.527656417029164     
   49.494720713880128     
   49.461393551617682     
   49.427663592959874     
   49.393518991122320     
   49.358947359850326     
   49.323935741274212     
   49.288470571398676     
   49.252537643018485     
   49.216122065830902     
   49.179208223491713     
   49.141779727334999     
   49.103819366446487     
   49.065309053747015     
   49.026229767704649     
   48.986561489251415     
   48.946283133432196     
   48.905372475259554     
   48.863806069185834     
   48.821559161534871     
   48.778605595155554     
   48.734917705469350     
   48.690466206980737     
   48.645220069201244     
   48.599146380803028     
   48.552210200662167     
   48.504374394273562     
   48.455599453813072     
   48.405843299884125     
   48.355061062709893     
   48.303204840210697     
   48.250223430032541     
   48.196062032154757     
   48.140661918192784     
   48.083960062909348     
   48.025888732737293     
   47.966375025276847     
   47.905340352733454     
   47.842699861074749     
   47.778361775266028     
   47.712226659241303     
   47.644186577216409     
   47.574124140470694     
   47.501911420712361     
   47.427408707468416     
   47.350463082436640     
   47.270906778190756     
   47.188555281763115     
   47.103205135081659     
   47.014631373539231     
   46.922584530498902     
   46.826787118465731     
   46.726929475874300     
   46.622664840461788     
   46.513603473985029     
   46.399305615807435     
   46.279272980756083     
   46.152938434210199     
   46.019653366951573     
   45.878672142887822     
   45.729132788408613     
   45.570032809437144     
   45.400198626329612     
   45.218246554976041     
   45.022532453919887     
   44.811085975887906     
   44.581523607443415     
   44.330932028305156     
   44.055709237016714     
   43.751344470266169     
   43.412107636839799     
   43.030602064114774     
   42.597105916940379     
   42.098578758154765     
   41.517123927858030     
   40.827544760159995     
   39.993361600579810     
   38.960195496899068     
   37.644761533645649     
   35.917375290541678     
   33.578953432504370     
   30.351254132537910     
   25.948620812675387     
   20.311452359105221     
   13.798150394535639     
   6.9289662603865283     
   0.0000000000000000     
