   20.513333305578861     
   20.512527637018703     
   20.511336046640562     
   20.509847611187986     
   20.508108697616972     
   20.506149001576905     
   20.503989639460332     
   20.501646620834801     
   20.499132623191262     
   20.496458007032501     
   20.493631444346885     
   20.490660331410197     
   20.487551072663585     
   20.484309283236662     
   20.480939937844823     
   20.477447483044855     
   20.473835923687453     
   20.470108890726568     
   20.466269695257228     
   20.462321372182352     
   20.458266715935796     
   20.454108310028676     
   20.449848551727950     
   20.445489672852432     
   20.441033757438095     
   20.436482756853767     
   20.431838502821762     
   20.427102718702649     
   20.422277029330814     
   20.417362969631672     
   20.412361992207856     
   20.407275474047815     
   20.402104722483049     
   20.396850980498865     
   20.391515431486042     
   20.386099203506767     
   20.380603373136914     
   20.375028968937098     
   20.369376974597373     
   20.363648331793893     
   20.357843942790510     
   20.351964672813779     
   20.346011352226121     
   20.339984778518470     
   20.333885718141275     
   20.327714908190185     
   20.321473057960869     
   20.315160850385642     
   20.308778943363166     
   20.302327970991094     
   20.295808544710596     
   20.289221254370528     
   20.282566669218351     
   20.275845338824016     
   20.269057793942491     
   20.262204547320017     
   20.255286094448572     
   20.248302914272763     
   20.241255469852771     
   20.234144208986766     
   20.226969564795819     
   20.219731956274153     
   20.212431788807173     
   20.205069454659629     
   20.197645333436004     
   20.190159792515054     
   20.182613187460255     
   20.175005862407779     
   20.167338150433483     
   20.159610373900229     
   20.151822844786881     
   20.143975865000051     
   20.136069726669696     
   20.128104712429547     
   20.120081095683286     
   20.111999140857314     
   20.103859103640833     
   20.095661231214102     
   20.087405762465398     
   20.079092928197376     
   20.070722951323415     
   20.062296047054456     
   20.053812423076870     
   20.045272279721789     
   20.036675810126404     
   20.028023200387530     
   20.019314629707974     
   20.010550270535884     
   20.001730288697594     
   19.992854843524110     
   19.983924087971694     
   19.974938168736674     
   19.965897226364849     
   19.956801395355658     
   19.947650804261411     
   19.938445575781703     
   19.929185826853303     
   19.919871668735667     
   19.910503207092226     
   19.901080542067696     
   19.891603768361470     
   19.882072975297323     
   19.872488246889493     
   19.862849661905365     
   19.853157293924784     
   19.843411211396184     
   19.833611477689598     
   19.823758151146702     
   19.813851285127935     
   19.803890928056802     
   19.793877123461510     
   19.783809910013911     
   19.773689321565932     
   19.763515387183460     
   19.753288131177882     
   19.743007573135188     
   19.732673727942867     
   19.722286605814478     
   19.711846212312107     
   19.701352548366639     
   19.690805610295978     
   19.680205389821193     
   19.669551874080689     
   19.658845045642373     
   19.648084882513938     
   19.637271358151207     
   19.626404441464626     
   19.615484096823902     
   19.604510284060886     
   19.593482958470574     
   19.582402070810399     
   19.571267567297763     
   19.560079389605828     
   19.548837474857592     
   19.537541755618257     
   19.526192159885909     
   19.514788611080533     
   19.503331028031308     
   19.491819324962279     
   19.480253411476340     
   19.468633192537585     
   19.456958568451945     
   19.445229434846233     
   19.433445682645488     
   19.421607198048662     
   19.409713862502628     
   19.397765552674556     
   19.385762140422557     
   19.373703492764651     
   19.361589471846038     
   19.349419934904663     
   19.337194734235034     
   19.324913717150295     
   19.312576725942531     
   19.300183597841329     
   19.287734164970498     
   19.275228254302981     
   19.262665687613929     
   19.250046281431892     
   19.237369846988116     
   19.224636190163920     
   19.211845111436109     
   19.198996405820399     
   19.186089862812832     
   19.173125266329137     
   19.160102394641953     
   19.147021020315997     
   19.133880910140999     
   19.120681825062437     
   19.107423520109990     
   19.094105744323755     
   19.080728240678003     
   19.067290746002598     
   19.053792990901940     
   19.040234699671366     
   19.026615590210994     
   19.012935373936909     
   18.999193755689678     
   18.985390433640060     
   18.971525099191901     
   18.957597436882107     
   18.943607124277634     
   18.929553831869427     
   18.915437222963195     
   18.901256953566978     
   18.887012672275365     
   18.872704020150334     
   18.858330630598594     
   18.843892129245287     
   18.829388133804009     
   18.814818253943038     
   18.800182091147590     
   18.785479238578084     
   18.770709280924201     
   18.755871794254695     
   18.740966345862763     
   18.725992494106887     
   18.710949788246957     
   18.695837768275577     
   18.680655964744375     
   18.665403898585133     
   18.650081080925641     
   18.634687012900041     
   18.619221185453508     
   18.603683079141053     
   18.588072163920348     
   18.572387898938224     
   18.556629732310729     
   18.540797100896516     
   18.524889430063354     
   18.508906133447415     
   18.492846612705236     
   18.476710257257995     
   18.460496444027882     
   18.444204537166247     
   18.427833887773271     
   18.411383833608848     
   18.394853698794314     
   18.378242793504732     
   18.361550413651425     
   18.344775840554295     
   18.327918340603638     
   18.310977164911019     
   18.293951548948797     
   18.276840712177908     
   18.259643857663384     
   18.242360171677237     
   18.224988823288122     
   18.207528963937300     
   18.189979727000434     
   18.172340227334526     
   18.154609560809526     
   18.136786803823931     
   18.118871012803766     
   18.100861223684241     
   18.082756451373449     
   18.064555689197253     
   18.046257908324712     
   18.027862057173174     
   18.009367060792169     
   17.990771820225266     
   17.972075211848914     
   17.953276086687332     
   17.934373269702384     
   17.915365559057356     
   17.896251725353569     
   17.877030510838555     
   17.857700628584592     
   17.838260761636299     
   17.818709562125871     
   17.799045650354508     
   17.779267613838570     
   17.759374006318797     
   17.739363346730894     
   17.719234118135752     
   17.698984766607399     
   17.678613700076699     
   17.658119287128763     
   17.637499855751823     
   17.616753692035278     
   17.595879038814502     
   17.574874094259766     
   17.553737010406628     
   17.532465891624884     
   17.511058793023022     
   17.489513718785034     
   17.467828620436077     
   17.446001395033569     
   17.424029883279722     
   17.401911867551622     
   17.379645069844589     
   17.357227149624194     
   17.334655701582264     
   17.311928253291768     
   17.289042262755121     
   17.265995115840294     
   17.242784123598575     
   17.219406519457571     
   17.195859456282562     
   17.172140003298903     
   17.148245142867747     
   17.124171767106777     
   17.099916674347138     
   17.075476565417226     
   17.050848039743261     
   17.026027591255993     
   17.001011604092149     
   16.975796348078397     
   16.950377973984871     
   16.924752508534258     
   16.898915849151631     
   16.872863758439014     
   16.846591858357620     
   16.820095624099466     
   16.793370377628680     
   16.766411280871452     
   16.739213328531914     
   16.711771340509678     
   16.684079953892823     
   16.656133614498110     
   16.627926567928121     
   16.599452850112595     
   16.570706277298662     
   16.541680435451827     
   16.512368669026703     
   16.482764069062778     
   16.452859460557292     
   16.422647389062927     
   16.392120106453845     
   16.361269555798856     
   16.330087355275001     
   16.298564781049418     
   16.266692749050680     
   16.234461795544057     
   16.201862056417344     
   16.168883245075506     
   16.135514628832915     
   16.101745003681859     
   16.067562667304294     
   16.032955390181328     
   15.997910384640869     
   15.962414271668234     
   15.926453045287163     
   15.890012034299586     
   15.853075861150673     
   15.815628397662049     
   15.777652717348946     
   15.739131044007307     
   15.700044696222985     
   15.660374027417651     
   15.620098361003395     
   15.579195920170308     
   15.537643751777425     
   15.495417643756520     
   15.452492035369346     
   15.408839919580840     
   15.364432736722160     
   15.319240258516533     
   15.273230461426014     
   15.226369388145908     
   15.178620995923554     
   15.129946990205859     
   15.080306641922345     
   15.029656586482609     
   14.977950602304359     
   14.925139366384355     
   14.871170184072181     
   14.815986689797500     
   14.759528515024465     
   14.701730919150053     
   14.642524378410842     
   14.581834127096958     
   14.519579644470141     
   14.455674079718129     
   14.390023606016261     
   14.322526693269014     
   14.253073287318436     
   14.181543881271480     
   14.107808462037021     
   14.031725312080113     
   13.953139642676637     
   13.871882030435845     
   13.787766623363435     
   13.700589076025731     
   13.610124165145169     
   13.516123026825669     
   13.418309944085113     
   13.316378597836293     
   13.209987675105976     
   13.098755704084544     
   12.982254955231960     
   12.860004209427084     
   12.731460145853065     
   12.596007041175483     
   12.452944394071263     
   12.301471990932201     
   12.140671804326216     
   11.969485959540132     
   11.786689810132529     
   11.590858926359495     
   11.380328521568403     
   11.153143536207827     
   10.906997314119886     
   10.639156657989341     
   10.346371303198440     
   10.024767066052345     
   9.6697252758221968     
   9.2757589569686534     
   8.8364131795242713     
   8.3442513212817104     
   7.7910533096386247     
   7.1684567945173443     
   6.4693916341551976     
   5.6906243593311316     
   4.8360865006639919     
   3.9190094566961200     
   2.9596896342653114     
   1.9786103253436209     
  0.98994887733011272     
   0.0000000000000000     
