   54.642359239413260     
   54.641297522087072     
   54.639847289098206     
   54.638099232515351     
   54.636100162620018     
   54.633879963079984     
   54.631459848051158     
   54.628855884317581     
   54.626080785480958     
   54.623144936004309     
   54.620057024306703     
   54.616824458158163     
   54.613453650109889     
   54.609950220995877     
   54.606319149473407     
   54.602564884716521     
   54.598691433175524     
   54.594702426607199     
   54.590601176274866     
   54.586390716736865     
   54.582073841662215     
   54.577653133448621     
   54.573130987957263     
   54.568509635353365     
   54.563791157807167     
   54.558977504638555     
   54.554070505361366     
   54.549071880987519     
   54.543983253878764     
   54.538806156377227     
   54.533542038402942     
   54.528192274171928     
   54.522758168161545     
   54.517240960428033     
   54.511641831364031     
   54.505961905969649     
   54.500202257698930     
   54.494363911934634     
   54.488447849136186     
   54.482455007699095     
   54.476386286558864     
   54.470242547568191     
   54.464024617671768     
   54.457733290900549     
   54.451369330204066     
   54.444933469137219     
   54.438426413416067     
   54.431848842355265     
   54.425201410198447     
   54.418484747351478     
   54.411699461527391     
   54.404846138810960     
   54.397925344649863     
   54.390937624778822     
   54.383883506082292     
   54.376763497400702     
   54.369578090285060     
   54.362327759703717     
   54.355012964705232     
   54.347634149040708     
   54.340191741748541     
   54.332686157704451     
   54.325117798139217     
   54.317487051126641     
   54.309794292043598     
   54.302039884004238     
   54.294224178270071     
   54.286347514637548     
   54.278410221804641     
   54.270412617717724     
   54.262355009900105     
   54.254237695763244     
   54.246060962901922     
   54.237825089374098     
   54.229530343966545     
   54.221176986446956     
   54.212765267803618     
   54.204295430472932     
   54.195767708555785     
   54.187182328023233     
   54.178539506912209     
   54.169839455511720     
   54.161082376539937     
   54.152268465312901     
   54.143397909904927     
   54.134470891301646     
   54.125487583545386     
   54.116448153873854     
   54.107352762852130     
   54.098201564498403     
   54.088994706403568     
   54.079732329845342     
   54.070414569896663     
   54.061041555529016     
   54.051613409710725     
   54.042130249500431     
   54.032592186136071     
   54.022999325119379     
   54.013351766296189     
   54.003649603932708     
   53.993892926787893     
   53.984081818182077     
   53.974216356062001     
   53.964296613062402     
   53.954322656564187     
   53.944294548749397     
   53.934212346653105     
   53.924076102212226     
   53.913885862311417     
   53.903641668826189     
   53.893343558663226     
   53.882991563798065     
   53.872585711310201     
   53.862126023415634     
   53.851612517497038     
   53.841045206131469     
   53.830424097115809     
   53.819749193489947     
   53.809020493557682     
   53.798237990905513     
   53.787401674419279     
   53.776511528298798     
   53.765567532070328     
   53.754569660597163     
   53.743517884088213     
   53.732412168104574     
   53.721252473564370     
   53.710038756745583     
   53.698770969286990     
   53.687449058187433     
   53.676072965803137     
   53.664642629843300     
   53.653157983363933     
   53.641618954759835     
   53.630025467754891     
   53.618377441390713     
   53.606674790013351     
   53.594917423258465     
   53.583105246034698     
   53.571238158505317     
   53.559316056068191     
   53.547338829334031     
   53.535306364102908     
   53.523218541339098     
   53.511075237144141     
   53.498876322728229     
   53.486621664379790     
   53.474311123433381     
   53.461944556235849     
   53.449521814110625     
   53.437042743320333     
   53.424507185027508     
   53.411914975253573     
   53.399265944835939     
   53.386559919383267     
   53.373796719228814     
   53.360976159381906     
   53.348098049477528     
   53.335162193723768     
   53.322168390847509     
   53.309116434037989     
   53.296006110888271     
   53.282837203334736     
   53.269609487594330     
   53.256322734099768     
   53.242976707432398     
   53.229571166253010     
   53.216105863230169     
   53.202580544966310     
   53.188994951921494     
   53.175348818334570     
   53.161641872141999     
   53.147873834894057     
   53.134044421668484     
   53.120153340981453     
   53.106200294695789     
   53.092184977926422     
   53.078107078942921     
   53.063966279069234     
   53.049762252580273     
   53.035494666595469     
   53.021163180969239     
   53.006767448178017     
   52.992307113204134     
   52.977781813416229     
   52.963191178446024     
   52.948534830061625     
   52.933812382037004     
   52.919023440017668     
   52.904167601382440     
   52.889244455101114     
   52.874253581587958     
   52.859194552550889     
   52.844066930836320     
   52.828870270269320     
   52.813604115489085     
   52.798268001779618     
   52.782861454895347     
   52.767383990881591     
   52.751835115889705     
   52.736214325986715     
   52.720521106959268     
   52.704754934111769     
   52.688915272058381     
   52.673001574508788     
   52.657013284047515     
   52.640949831906539     
   52.624810637730988     
   52.608595109337699     
   52.592302642466350     
   52.575932620522941     
   52.559484414315371     
   52.542957381780802     
   52.526350867704480     
   52.509664203429850     
   52.492896706559470     
   52.476047680646474     
   52.459116414876306     
   52.442102183738264     
   52.425004246686505     
   52.407821847790139     
   52.390554215371978     
   52.373200561635556     
   52.355760082279936     
   52.338231956101772     
   52.320615344584304     
   52.302909391472667     
   52.285113222334914     
   52.267225944108375     
   52.249246644630581     
   52.231174392154337     
   52.213008234846043     
   52.194747200266889     
   52.176390294836025     
   52.157936503275032     
   52.139384788032920     
   52.120734088690838     
   52.101983321345735     
   52.083131377971881     
   52.064177125759620     
   52.045119406430075     
   52.025957035524954     
   52.006688801670471     
   51.987313465813955     
   51.967829760432288     
   51.948236388710718     
   51.928532023690828     
   51.908715307386302     
   51.888784849864969     
   51.868739228295681     
   51.848576985958410     
   51.828296631215814     
   51.807896636444639     
   51.787375436924982     
   51.766731429685443     
   51.745962972302145     
   51.725068381649521     
   51.704045932600344     
   51.682893856672749     
   51.661610340621664     
   51.640193524971878     
   51.618641502489936     
   51.596952316591747     
   51.575123959682941     
   51.553154371428299     
   51.531041436946836     
   51.508782984928864     
   51.486376785670757     
   51.463820549023403     
   51.441111922249775     
   51.418248487786776     
   51.395227760906465     
   51.372047187271171     
   51.348704140376746     
   51.325195918878087     
   51.301519743790458     
   51.277672755559479     
   51.253652010993044     
   51.229454480046854     
   51.205077042455827     
   51.180516484202229     
   51.155769493811377     
   51.130832658464833     
   51.105702459920479     
   51.080375270228117     
   51.054847347228360     
   51.029114829821978     
   51.003173732995599     
   50.977019942589124     
   50.950649209788715     
   50.924057145328490     
   50.897239213382498     
   50.870190725127379     
   50.842906831954771     
   50.815382518310543     
   50.787612594136775     
   50.759591686890246     
   50.731314233109160     
   50.702774469497648     
   50.673966423495685     
   50.644883903298577     
   50.615520487288208     
   50.585869512834712     
   50.555924064423841     
   50.525676961061954     
   50.495120742906074     
   50.464247657062479     
   50.433049642492108     
   50.401518313955954     
   50.369644944927735     
   50.337420449394642     
   50.304835362459997     
   50.271879819653741     
   50.238543534848098     
   50.204815776666429     
   50.170685343262441     
   50.136140535335571     
   50.101169127235195     
   50.065758335992250     
   50.029894788100549     
   49.993564483852701     
   49.956752759015423     
   49.919444243607195     
   49.881622817516295     
   49.843271562669756     
   49.804372711432677     
   49.764907590882622     
   49.724856562564561     
   49.684198957287791     
   49.642913004476327     
   49.600975755528253     
   49.558363000575589     
   49.515049177963917     
   49.471007275689026     
   49.426208723934053     
   49.380623277744071     
   49.334218888752616     
   49.286961564735194     
   49.238815215603857     
   49.189741484272091     
   49.139699560606118     
   49.088645976431934     
   49.036534379281413     
   48.983315282228688     
   48.928935786780464     
   48.873339275331446     
   48.816465069165652     
   48.758248047360787     
   48.698618221217849     
   48.637500257968341     
   48.574812946479675     
   48.510468596450188     
   48.444372361116145     
   48.376421471730858     
   48.306504369953160     
   48.234499721715700     
   48.160275293025357     
   48.083686664344583     
   48.004575755540266     
   47.922769127644450     
   47.838076020561708     
   47.750286077008838     
   47.659166691895074     
   47.564459912400828     
   47.465878796335367     
   47.363103113803056     
   47.255774248238545     
   47.143489115380653     
   47.025792869853362     
   46.902170104704808     
   46.772034163910668     
   46.634714073532315     
   46.489438442555695     
   46.335315472934049     
   46.171307925802893     
   45.996201481189125     
   45.808564347363628     
   45.606695139789167     
   45.388554828177163     
   45.151676736833643     
   44.893045844136651     
   44.608934410839169     
   44.294674347227740     
   43.944336114087314     
   43.550266550363780     
   43.102408841516080     
   42.587277831787027     
   41.986376513925691     
   41.273685106849840     
   40.411582947134441     
   39.344111537219270     
   37.985870745389157     
   36.204673754682993     
   33.799672990996697     
   30.495285871789410     
   26.019146453301328     
   20.332851002801888     
   13.801038610606023     
   6.9290056688163517     
   0.0000000000000000     
