   17.002009219148590     
   17.001337801854007     
   17.000368653318180     
   16.999170884055406     
   16.997780322030795     
   16.996219875779609     
   16.994505820818713     
   16.992650489462807     
   16.990663643310892     
   16.988553257413720     
   16.986326005411041     
   16.983987578007810     
   16.981542901891736     
   16.978996295859638     
   16.976351585571695     
   16.973612190046580     
   16.970781188262038     
   16.967861371384849     
   16.964855284387514     
   16.961765259673712     
   16.958593444583776     
   16.955341824142167     
   16.952012240055719     
   16.948606406721801     
   16.945125924825579     
   16.941572292974119     
   16.937946917717429     
   16.934251122233071     
   16.930486153895117     
   16.926653190905213     
   16.922753348130069     
   16.918787682263407     
   16.914757196409639     
   16.910662844169959     
   16.906505533298141     
   16.902286128982595     
   16.898005456802284     
   16.893664305397095     
   16.889263428886967     
   16.884803549069421     
   16.880285357420856     
   16.875709516923450     
   16.871076663736758     
   16.866387408730439     
   16.861642338892604     
   16.856842018626356     
   16.851986990945637     
   16.847077778580186     
   16.842114884998125     
   16.837098795354041     
   16.832029977369110     
   16.826908882149521     
   16.821735944948468     
   16.816511585876626     
   16.811236210565408     
   16.805910210786930     
   16.800533965034123     
   16.795107839064269     
   16.789632186408717     
   16.784107348851421     
   16.778533656878651     
   16.772911430102020     
   16.767240977656705     
   16.761522598576750     
   16.755756582148937     
   16.749943208246851     
   16.744082747646328     
   16.738175462323678     
   16.732221605737742     
   16.726221423096813     
   16.720175151611507     
   16.714083020734293     
   16.707945252386651     
   16.701762061174563     
   16.695533654593003     
   16.689260233220168     
   16.682941990901895     
   16.676579114927051     
   16.670171786194139     
   16.663720179369850     
   16.657224463039846     
   16.650684799852268     
   16.644101346654310     
   16.637474254622280     
   16.630803669385404     
   16.624089731143783     
   16.617332574780715     
   16.610532329969693     
   16.603689121276364     
   16.596803068255625     
   16.589874285544141     
   16.582902882948471     
   16.575888965528996     
   16.568832633679865     
   16.561733983205087     
   16.554593105391003     
   16.547410087075185     
   16.540185010712047     
   16.532917954435170     
   16.525608992116602     
   16.518258193423101     
   16.510865623869584     
   16.503431344869814     
   16.495955413784397     
   16.488437883966270     
   16.480878804803712     
   16.473278221760985     
   16.465636176416641     
   16.457952706499665     
   16.450227845923404     
   16.442461624817472     
   16.434654069557585     
   16.426805202793471     
   16.418915043474847     
   16.410983606875579     
   16.403010904615989     
   16.394996944683474     
   16.386941731451358     
   16.378845265696103     
   16.370707544612888     
   16.362528561829581     
   16.354308307419188     
   16.346046767910721     
   16.337743926298618     
   16.329399762050670     
   16.321014251114523     
   16.312587365922727     
   16.304119075396439     
   16.295609344947714     
   16.287058136480461     
   16.278465408390044     
   16.269831115561583     
   16.261155209366922     
   16.252437637660321     
   16.243678344772878     
   16.234877271505646     
   16.226034355121502     
   16.217149529335803     
   16.208222724305710     
   16.199253866618353     
   16.190242879277704     
   16.181189681690253     
   16.172094189649414     
   16.162956315318734     
   16.153775967213850     
   16.144553050183237     
   16.135287465387677     
   16.125979110278546     
   16.116627878574807     
   16.107233660238798     
   16.097796341450731     
   16.088315804581956     
   16.078791928166932     
   16.069224586873954     
   16.059613651474542     
   16.049958988811561     
   16.040260461766021     
   16.030517929222555     
   16.020731246033534     
   16.010900262981849     
   16.001024826742292     
   15.991104779841585     
   15.981139960616950     
   15.971130203173276     
   15.961075337338837     
   15.950975188619518     
   15.940829578151558     
   15.930638322652763     
   15.920401234372180     
   15.910118121038177     
   15.899788785804944     
   15.889413027197341     
   15.878990639054114     
   15.868521410469365     
   15.858005125732340     
   15.847441564265443     
   15.836830500560424     
   15.826171704112763     
   15.815464939354161     
   15.804709965583124     
   15.793906536893569     
   15.783054402101445     
   15.772153304669294     
   15.761202982628717     
   15.750203168500706     
   15.739153589213757     
   15.728053966019743     
   15.716904014407490     
   15.705703444013972     
   15.694451958533101     
   15.683149255622029     
   15.671795026804899     
   15.660388957373973     
   15.648930726288111     
   15.637420006068458     
   15.625856462691335     
   15.614239755478208     
   15.602569536982683     
   15.590845452874435     
   15.579067141819992     
   15.567234235360278     
   15.555346357784817     
   15.543403126002534     
   15.531404149409017     
   15.519349029750149     
   15.507237360982026     
   15.495068729127034     
   15.482842712125947     
   15.470558879685976     
   15.458216793124615     
   15.445816005209153     
   15.433356059991747     
   15.420836492639884     
   15.408256829262118     
   15.395616586728911     
   15.382915272488452     
   15.370152384377263     
   15.357327410425455     
   15.344439828656409     
   15.331489106880795     
   15.318474702484654     
   15.305396062211369     
   15.292252621937385     
   15.279043806441372     
   15.265769029166677     
   15.252427691976841     
   15.239019184903896     
   15.225542885889233     
   15.211998160516799     
   15.198384361738309     
   15.184700829590227     
   15.170946890902226     
   15.157121858996815     
   15.143225033379824     
   15.129255699421424     
   15.115213128027321     
   15.101096575299792     
   15.086905282188185     
   15.072638474128475     
   15.058295360671488     
   15.043875135099382     
   15.029376974029905     
   15.014800037008017     
   15.000143466084344     
   14.985406385379997     
   14.970587900637213     
   14.955687098755250     
   14.940703047311013     
   14.925634794063727     
   14.910481366443099     
   14.895241771020260     
   14.879914992960806     
   14.864499995459221     
   14.848995719153892     
   14.833401081521970     
   14.817714976253143     
   14.801936272601562     
   14.786063814714904     
   14.770096420939618     
   14.754032883101363     
   14.737871965759552     
   14.721612405434874     
   14.705252909808577     
   14.688792156892340     
   14.672228794167324     
   14.655561437691135     
   14.638788671171103     
   14.621909045002472     
   14.604921075269791     
   14.587823242709849     
   14.570613991634309     
   14.553291728810194     
   14.535854822296134     
   14.518301600232318     
   14.500630349581865     
   14.482839314821232     
   14.464926696577157     
   14.446890650207441     
   14.428729284322788     
   14.410440659246619     
   14.392022785409765     
   14.373473621676611     
   14.354791073599092     
   14.335972991594742     
   14.317017169044767     
   14.297921340307735     
   14.278683178644370     
   14.259300294048511     
   14.239770230978982     
   14.220090465986845     
   14.200258405232024     
   14.180271381882990     
   14.160126653392654     
   14.139821398643171     
   14.119352714951926     
   14.098717614930251     
   14.077913023185973     
   14.056935772860102     
   14.035782601987384     
   14.014450149669521     
   13.992934952049161     
   13.971233438071732     
   13.949341925021212     
   13.927256613814910     
   13.904973584040969     
   13.882488788721215     
   13.859798048780331     
   13.836897047200901     
   13.813781322842132     
   13.790446263898104     
   13.766887100969447     
   13.743098899719907     
   13.719076553086943     
   13.694814773012531     
   13.670308081657472     
   13.645550802059022     
   13.620537048187991     
   13.595260714357289     
   13.569715463929370     
   13.543894717264900     
   13.517791638849385     
   13.491399123528197     
   13.464709781773436     
   13.437715923898294     
   13.410409543125903     
   13.382782297409854     
   13.354825489892791     
   13.326530047877075     
   13.297886500168056     
   13.268884952634785     
   13.239515061815828     
   13.209766006378151     
   13.179626456214859     
   13.149084538942549     
   13.118127803530657     
   13.086743180762776     
   13.054916940193324     
   13.022634643221034     
   12.989881091852913     
   12.956640272677674     
   12.922895295504921     
   12.888628326054301     
   12.853820511995886     
   12.818451901547242     
   12.782501353721909     
   12.745946439195496     
   12.708763330606239     
   12.670926680932697     
   12.632409488387754     
   12.593182946029417     
   12.553216274008397     
   12.512476532041587     
   12.470928409309058     
   12.428533988507485     
   12.385252480239382     
   12.341039923255618     
   12.295848845274540     
   12.249627878143972     
   12.202321319954716     
   12.153868635307552     
   12.104203883218936     
   12.053255060045366     
   12.000943342212105     
   11.947182210318502     
   11.891876432189868     
   11.834920877433053     
   11.776199129736460     
   11.715581855146015     
   11.652924874325242     
   11.588066873666623     
   11.520826673104393     
   11.450999946269958     
   11.378355259404390     
   11.302629256641106     
   11.223520767274723     
   11.140683540254635     
   11.053717214869534     
   10.962156003391588     
   10.865454374911819     
   10.762968764938254     
   10.653933954541841     
   10.537432206671500     
   10.412352421698914     
   10.277335327267600     
   10.130698798329385     
   9.9703343893874283     
   9.7935613250153626     
   9.5969162562020252     
   9.3758437466015714     
   9.1242294904382142     
   8.8336779042716120     
   8.4923638401717874     
   8.0831611628495832     
   7.5805428022577512     
   6.9455142346937766     
   6.1182844464138384     
   5.0139325160865802     
   3.5556568735162530     
   1.8139316094656890     
   0.0000000000000000     
