   45.255639448098776     
   45.254599758941865     
   45.253170212123067     
   45.251442248926722     
   45.249462920653720     
   45.247262223766811     
   45.244861435812140     
   45.242276663376686     
   45.239520647001925     
   45.236603790404232     
   45.233534796344536     
   45.230321083631125     
   45.226969073539195     
   45.223484393951047     
   45.219872029325408     
   45.216136433688320     
   45.212281617604852     
   45.208311216364159     
   45.204228544295148     
   45.200036638642544     
   45.195738295450312     
   45.191336099232522     
   45.186832447750099     
   45.182229572884971     
   45.177529558368356     
   45.172734354947657     
   45.167845793449054     
   45.162865596096971     
   45.157795386378567     
   45.152636697685125     
   45.147390980918736     
   45.142059611218158     
   45.136643893930895     
   45.131145069936508     
   45.125564320409211     
   45.119902771093159     
   45.114161496152896     
   45.108341521651447     
   45.102443828701212     
   45.096469356325940     
   45.090419004067108     
   45.084293634363014     
   45.078094074725591     
   45.071821119736228     
   45.065475532879589     
   45.059058048231805     
   45.052569372017409     
   45.046010184047915     
   45.039381139053233     
   45.032682867915739     
   45.025915978816101     
   45.019081058298632     
   45.012178672263147     
   45.005209366889702     
   44.998173669501902     
   44.991072089373709     
   44.983905118484500     
   44.976673232226325     
   44.969376890067288     
   44.962016536174161     
   44.954592599997589     
   44.947105496822388     
   44.939555628285781     
   44.931943382865498     
   44.924269136340250     
   44.916533252224085     
   44.908736082176830     
   44.900877966391896     
   44.892959233963055     
   44.884980203231592     
   44.876941182114997     
   44.868842468418478     
   44.860684350130157     
   44.852467105701272     
   44.844191004311895     
   44.835856306123304     
   44.827463262517675     
   44.819012116325879     
   44.810503102043931     
   44.801936446038901     
   44.793312366744715     
   44.784631074848441     
   44.775892773467604     
   44.767097658318917     
   44.758245917879009     
   44.749337733537303     
   44.740373279741782     
   44.731352724137665     
   44.722276227699531     
   44.713143944857137     
   44.703956023615241     
   44.694712605667675     
   44.685413826505979     
   44.676059815522798     
   44.666650696110288     
   44.657186585753720     
   44.647667596120478     
   44.638093833144744     
   44.628465397107909     
   44.618782382714926     
   44.609044879166817     
   44.599252970229379     
   44.589406734298350     
   44.579506244461058     
   44.569551568554722     
   44.559542769221565     
   44.549479903960759     
   44.539363025177337     
   44.529192180228286     
   44.518967411465667     
   44.508688756277067     
   44.498356247123461     
   44.487969911574346     
   44.477529772340425     
   44.467035847303919     
   44.456488149546324     
   44.445886687374056     
   44.435231464341634     
   44.424522479272845     
   44.413759726279523     
   44.402943194778416     
   44.392072869505824     
   44.381148730530327     
   44.370170753263409     
   44.359138908468182     
   44.348053162266176     
   44.336913476142165     
   44.325719806947177     
   44.314472106899672     
   44.303170323584865     
   44.291814399952180     
   44.280404274311003     
   44.268939880324659     
   44.257421147002553     
   44.245847998690628     
   44.234220355060110     
   44.222538131094446     
   44.210801237074584     
   44.199009578562517     
   44.187163056383113     
   44.175261566604298     
   44.163305000515400     
   44.151293244603863     
   44.139226180530287     
   44.127103685101673     
   44.114925630242965     
   44.102691882966916     
   44.090402305342110     
   44.078056754459304     
   44.065655082395992     
   44.053197136179158     
   44.040682757746289     
   44.028111783904556     
   44.015484046288066     
   44.002799371313429     
   43.990057580133332     
   43.977258488588205     
   43.964401907156102     
   43.951487640900417     
   43.938515489415821     
   43.925485246772055     
   43.912396701455698     
   43.899249636309953     
   43.886043828472168     
   43.872779049309308     
   43.859455064351195     
   43.846071633221506     
   43.832628509566582     
   43.819125440981701     
   43.805562168935182     
   43.791938428690017     
   43.778253949222929     
   43.764508453140984     
   43.750701656595574     
   43.736833269193802     
   43.722902993907070     
   43.708910526976901     
   43.694855557818002     
   43.680737768918270     
   43.666556835735918     
   43.652312426593461     
   43.638004202568553     
   43.623631817381650     
   43.609194917280256     
   43.594693140919844     
   43.580126119241179     
   43.565493475344134     
   43.550794824357709     
   43.536029773306254     
   43.521197920971836     
   43.506298857752476     
   43.491332165516290     
   43.476297417451285     
   43.461194177910805     
   43.446022002254388     
   43.430780436683925     
   43.415469018075072     
   43.400087273803578     
   43.384634721566464     
   43.369110869197996     
   43.353515214480140     
   43.337847244947277     
   43.322106437685179     
   43.306292259123929     
   43.290404164824622     
   43.274441599259539     
   43.258403995585823     
   43.242290775412080     
   43.226101348558004     
   43.209835112806601     
   43.193491453648775     
   43.177069744019988     
   43.160569344028794     
   43.143989600677003     
   43.127329847570898     
   43.110589404623504     
   43.093767577747478     
   43.076863658538151     
   43.059876923946497     
   43.042806635941730     
   43.025652041162836     
   43.008412370559014     
   42.991086839018308     
   42.973674644984129     
   42.956174970059159     
   42.938586978596142     
   42.920909817275110     
   42.903142614666443     
   42.885284480779241     
   42.867334506594474     
   42.849291763582151     
   42.831155303202088     
   42.812924156387417     
   42.794597333010330     
   42.776173821329039     
   42.757652587415542     
   42.739032574563133     
   42.720312702672935     
   42.701491867618515     
   42.682568940587743     
   42.663542767400763     
   42.644412167803360     
   42.625175934734251     
   42.605832833565564     
   42.586381601314997     
   42.566820945828816     
   42.547149544933951     
   42.527366045558175     
   42.507469062816696     
   42.487457179063874     
   42.467328942908217     
   42.447082868189248     
   42.426717432914309     
   42.406231078153489     
   42.385622206890794     
   42.364889182829401     
   42.344030329148865     
   42.323043927212005     
   42.301928215219114     
   42.280681386806812     
   42.259301589588965     
   42.237786923636740     
   42.216135439894920     
   42.194345138531162     
   42.172413967215000     
   42.150339819322880     
   42.128120532065573     
   42.105753884533989     
   42.083237595659142     
   42.060569322081811     
   42.037746655927229     
   42.014767122479640     
   41.991628177751551     
   41.968327205941968     
   41.944861516777543     
   41.921228342730373     
   41.897424836105593     
   41.873448065991539     
   41.849295015064840     
   41.824962576242307     
   41.800447549170741     
   41.775746636545612     
   41.750856440248526     
   41.725773457292995     
   41.700494075567249     
   41.675014569361970     
   41.649331094670160     
   41.623439684245355     
   41.597336242403337     
   41.571016539551799     
   41.544476206430829     
   41.517710728046204     
   41.490715437276066     
   41.463485508129978     
   41.436015948638158     
   41.408301593346586     
   41.380337095392115     
   41.352116918129724     
   41.323635326281817     
   41.294886376577097     
   41.265863907844064     
   41.236561530521463     
   41.206972615544693     
   41.177090282564208     
   41.146907387447996     
   41.116416509016531     
   41.085609934953965     
   41.054479646834714     
   41.023017304199399     
   40.991214227608054     
   40.959061380592537     
   40.926549350422938     
   40.893668327594945     
   40.860408083937024     
   40.826757949226355     
   40.792706786192724     
   40.758242963777519     
   40.723354328502673     
   40.688028173790023     
   40.652251207055976     
   40.616009514388715     
   40.579288522596194     
   40.542072958390555     
   40.504346804451345     
   40.466093252081876     
   40.427294650143189     
   40.387932449915390     
   40.347987145498060     
   40.307438209318001     
   40.266264022263535     
   40.224441797909670     
   40.181947500235673     
   40.138755754165906     
   40.094839748184206     
   40.050171128180331     
   40.004719881582638     
   39.958454210711480     
   39.911340394151146     
   39.863342634781013     
   39.814422892925897     
   39.764540702877454     
   39.713652970797419     
   39.661713751734908     
   39.608674003165845     
   39.554481312085187     
   39.499079592242218     
   39.442408747593007     
   39.384404297438152     
   39.324996957999780     
   39.264112174348028     
   39.201669595586452     
   39.137582485015429     
   39.071757055570913     
   39.004091719132184     
   38.934476236242702     
   38.862790750312115     
   38.788904687364230     
   38.712675498736417     
   38.633947219657692     
   38.552548811124218     
   38.468292245683102     
   38.380970289275446     
   38.290353920718935     
   38.196189317125189     
   38.098194316747779     
   37.996054249375895     
   37.889416996990214     
   37.777887112035863     
   37.661018774677267     
   37.538307310104720     
   37.409178907234512     
   37.272978073760122     
   37.128952219186402     
   36.976232562394429     
   36.813810291839587     
   36.640506532771994     
   36.454934149119197     
   36.255448655342960     
   36.040084423834401     
   35.806470771097068     
   35.551720112291505     
   35.272276737494977     
   34.963709141992972     
   34.620419996814547     
   34.235233674954870     
   33.798798171098056     
   33.298700176793488     
   32.718128926550484     
   32.033821006412765     
   31.212858044353268     
   30.207683141842622     
   28.948620747665178     
   27.334044745678476     
   25.222940013054664     
   22.448766058398832     
   18.892676303614593     
   14.612422678346283     
   9.8695523478220775     
   4.9494411076448070     
   0.0000000000000000     
