   18.453196165992154     
   18.452461175549928     
   18.451377556271382     
   18.450025348520136     
   18.448446329915861     
   18.446667296997362     
   18.444707322774175     
   18.442580877136251     
   18.440299423861635     
   18.437872334973243     
   18.435307457294613     
   18.432611484818686     
   18.429790214914323     
   18.426848731188450     
   18.423791537978541     
   18.420622661780925     
   18.417345729386717     
   18.413964029183180     
   18.410480560016001     
   18.406898070681599     
   18.403219092240800     
   18.399445964749507     
   18.395580859588815     
   18.391625798284480     
   18.387582668495170     
   18.383453237694706     
   18.379239164959110     
   18.374942011183244     
   18.370563247986194     
   18.366104265514139     
   18.361566379310215     
   18.356950836390030     
   18.352258820637154     
   18.347491457613312     
   18.342649818862480     
   18.337734925775266     
   18.332747753069569     
   18.327689231935256     
   18.322560252883189     
   18.317361668333447     
   18.312094294972567     
   18.306758915905554     
   18.301356282625044     
   18.295887116816985     
   18.290352112019917     
   18.284751935152553     
   18.279087227922862     
   18.273358608130053     
   18.267566670869677     
   18.261711989650831     
   18.255795117433472     
   18.249816587592949     
   18.243776914818177     
   18.237676595949033     
   18.231516110758200     
   18.225295922681966     
   18.219016479504131     
   18.212678213996750     
   18.206281544521111     
   18.199826875591942     
   18.193314598407653     
   18.186745091349128     
   18.180118720449350     
   18.173435839835943     
   18.166696792148528     
   18.159901908932667     
   18.153051511011967     
   18.146145908839806     
   18.139185402832013     
   18.132170283681816     
   18.125100832658052     
   18.117977321887839     
   18.110800014624530     
   18.103569165502005     
   18.096285020775966     
   18.088947818553120     
   18.081557789008855     
   18.074115154594196     
   18.066620130232526     
   18.059072923506669     
   18.051473734836954     
   18.043822757650585     
   18.036120178542966     
   18.028366177431241     
   18.020560927700522     
   18.012704596343188     
   18.004797344091596     
   17.996839325544460     
   17.988830689287333     
   17.980771578007339     
   17.972662128602508     
   17.964502472285968     
   17.956292734685139     
   17.948033035936291     
   17.939723490774519     
   17.931364208619460     
   17.922955293656823     
   17.914496844916027     
   17.905988956343993     
   17.897431716875300     
   17.888825210498855     
   17.880169516321168     
   17.871464708626416     
   17.862710856933379     
   17.853908026049361     
   17.845056276121213     
   17.836155662683559     
   17.827206236704310     
   17.818208044627596     
   17.809161128414086     
   17.800065525578951     
   17.790921269227386     
   17.781728388087856     
   17.772486906543072     
   17.763196844658832     
   17.753858218210695     
   17.744471038708618     
   17.735035313419591     
   17.725551045388293     
   17.716018233455816     
   17.706436872276551     
   17.696806952333230     
   17.687128459950156     
   17.677401377304701     
   17.667625682437070     
   17.657801349258335     
   17.647928347556860     
   17.638006643003060     
   17.628036197152532     
   17.618016967447620     
   17.607948907217388     
   17.597831965676047     
   17.587666087919860     
   17.577451214922505     
   17.567187283528934     
   17.556874226447793     
   17.546511972242275     
   17.536100445319551     
   17.525639565918752     
   17.515129250097448     
   17.504569409716691     
   17.493959952424639     
   17.483300781638679     
   17.472591796526174     
   17.461832891983676     
   17.451023958614780     
   17.440164882706462     
   17.429255546204015     
   17.418295826684485     
   17.407285597328666     
   17.396224726891610     
   17.385113079671662     
   17.373950515477993     
   17.362736889596661     
   17.351472052755089     
   17.340155851085086     
   17.328788126084291     
   17.317368714576048     
   17.305897448667693     
   17.294374155707310     
   17.282798658238786     
   17.271170773955262     
   17.259490315650918     
   17.247757091171088     
   17.235970903360634     
   17.224131550010622     
   17.212238823803183     
   17.200292512254588     
   17.188292397656539     
   17.176238257015559     
   17.164129861990467     
   17.151966978828000     
   17.139749368296371     
   17.127476785616889     
   17.115148980393510     
   17.102765696540295     
   17.090326672206714     
   17.077831639700818     
   17.065280325410122     
   17.052672449720255     
   17.040007726931265     
   17.027285865171503     
   17.014506566309144     
   17.001669525861097     
   16.988774432899454     
   16.975820969955247     
   16.962808812919551     
   16.949737630941808     
   16.936607086325296     
   16.923416834419740     
   16.910166523510913     
   16.896855794707172     
   16.883484281822849     
   16.870051611258411     
   16.856557401877296     
   16.843001264879341     
   16.829382803670676     
   16.815701613730020     
   16.801957282471260     
   16.788149389102202     
   16.774277504479365     
   16.760341190958744     
   16.746340002242373     
   16.732273483220585     
   16.718141169809819     
   16.703942588785903     
   16.689677257612544     
   16.675344684264999     
   16.660944367048710     
   16.646475794412758     
   16.631938444757946     
   16.617331786239372     
   16.602655276563301     
   16.587908362778126     
   16.573090481059246     
   16.558201056487629     
   16.543239502821866     
   16.528205222263487     
   16.513097605215346     
   16.497916030032705     
   16.482659862766944     
   16.467328456901484     
   16.451921153079745     
   16.436437278824769     
   16.420876148250297     
   16.405237061762911     
   16.389519305754931     
   16.373722152287773     
   16.357844858765354     
   16.341886667597208     
   16.325846805850851     
   16.309724484893124     
   16.293518900019933     
   16.277229230074042     
   16.260854637050407     
   16.244394265688584     
   16.227847243051659     
   16.211212678091215     
   16.194489661197714     
   16.177677263735774     
   16.160774537563629     
   16.143780514536225     
   16.126694205991168     
   16.109514602216898     
   16.092240671902264     
   16.074871361566775     
   16.057405594970636     
   16.039842272503730     
   16.022180270552656     
   16.004418440844777     
   15.986555609768372     
   15.968590577667708     
   15.950522118112026     
   15.932348977137147     
   15.914069872458557     
   15.895683492654582     
   15.877188496318272     
   15.858583511176599     
   15.839867133175353     
   15.821037925528149     
   15.802094417727831     
   15.783035104518442     
   15.763858444825873     
   15.744562860645132     
   15.725146735882120     
   15.705608415147632     
   15.685946202501238     
   15.666158360142424     
   15.646243107046361     
   15.626198617541487     
   15.606023019825813     
   15.585714394418812     
   15.565270772545491     
   15.544690134448992     
   15.523970407628006     
   15.503109464994857     
   15.482105122949951     
   15.460955139368034     
   15.439657211491372     
   15.418208973724646     
   15.396607995326034     
   15.374851777988622     
   15.352937753305808     
   15.330863280114100     
   15.308625641706065     
   15.286222042905873     
   15.263649606999275     
   15.240905372509355     
   15.217986289808666     
   15.194889217557922     
   15.171610918960479     
   15.148148057821320     
   15.124497194398220     
   15.100654781032061     
   15.076617157542184     
   15.052380546371751     
   15.027941047466824     
   15.003294632871780     
   14.978437141022336     
   14.953364270715921     
   14.928071574737739     
   14.902554453119027     
   14.876808146002274     
   14.850827726086091     
   14.824608090620258     
   14.798143952919066     
   14.771429833358505     
   14.744460049819894     
   14.717228707539560     
   14.689729688320607     
   14.661956639059165     
   14.633902959533318     
   14.605561789398424     
   14.576925994327544     
   14.547988151230168     
   14.518740532476441     
   14.489175089047380     
   14.459283432524234     
   14.429056815821889     
   14.398486112562319     
   14.367561794973975     
   14.336273910191910     
   14.304612054821090     
   14.272565347611573     
   14.240122400078938     
   14.207271284886156     
   14.173999501784108     
   14.140293940886393     
   14.106140843030230     
   14.071525756948214     
   14.036433492945466     
   14.000848072742599     
   13.964752675106446     
   13.928129576847089     
   13.890960088710417     
   13.853224485639792     
   13.814901930816962     
   13.775970392820209     
   13.736406555155570     
   13.696185717322908     
   13.655281686471112     
   13.613666658573159     
   13.571311087909901     
   13.528183543487826     
   13.484250550827074     
   13.439476417337222     
   13.393823039244321     
   13.347249687737254     
   13.299712771656518     
   13.251165573645302     
   13.201557956209285     
   13.150836033574903     
   13.098941804578589     
   13.045812741041523     
   12.991381325160621     
   12.935574528345473     
   12.878313222614677     
   12.819511514085340     
   12.759075986186891     
   12.696904837929880     
   12.632886899767664     
   12.566900506184464     
   12.498812199975040     
   12.428475238055130     
   12.355727862307919     
   12.280391291107700     
   12.202267377348139     
   12.121135866491977     
   12.036751172631170     
   11.948838570850423     
   11.857089679056166     
   11.761157070173137     
   11.660647813939201     
   11.555115693352185     
   11.444051769922305     
   11.326872878474653     
   11.202907508352517     
   11.071378362449694     
   10.931380663212233     
   10.781854974288073     
   10.621552898358596     
   10.448993455396428     
   10.262407186866927     
   10.059664000590956     
   9.8381793873339749     
   9.5947918333531614     
   9.3256020326096962     
   9.0257621523403913     
   8.6892020038277451     
   8.3082817336781432     
   7.8733763690074774     
   7.3724490937643772     
   6.7908140344319623     
   6.1116509531723828     
   5.3186074695309644     
   4.4028244131162682     
   3.3750758475063192     
   2.2722180992460483     
   1.1387652218351092     
   0.0000000000000000     
