   4.6575977664915991     
   4.6574941121667299     
   4.6572956609649303     
   4.6570074530222314     
   4.6566332213492307     
   4.6561759695813958     
   4.6556382243126944     
   4.6550221717248181     
   4.6543297410773539     
   4.6535626599294204     
   4.6527224927801365     
   4.6518106692747425     
   4.6508285054850962     
   4.6497772203966123     
   4.6486579489630317     
   4.6474717526339768     
   4.6462196279773256     
   4.6449025138361897     
   4.6435212973390527     
   4.6420768189986505     
   4.6405698770771107     
   4.6390012313532365     
   4.6373716063974388     
   4.6356816944373982     
   4.6339321578805039     
   4.6321236315462651     
   4.6302567246518329     
   4.6283320225860249     
   4.6263500885010282     
   4.6243114647461026     
   4.6222166741636075     
   4.6200662212645414     
   4.6178605932980910     
   4.6156002612276295     
   4.6132856806237861     
   4.6109172924837170     
   4.6084955239844971     
   4.6060207891775349     
   4.6034934896299617     
   4.6009140150182821     
   4.5982827436788707     
   4.5956000431193900     
   4.5928662704947234     
   4.5900817730506054     
   4.5872468885377904     
   4.5843619455992801     
   4.5814272641328833     
   4.5784431556311240     
   4.5754099235003327     
   4.5723278633605435     
   4.5691972633277000     
   4.5660184042794967     
   4.5627915601060733     
   4.5595169979466679     
   4.5561949784132256     
   4.5528257558018943     
   4.5494095782932185     
   4.5459466881418091     
   4.5424373218562009     
   4.5388817103695098     
   4.5352800792015016     
   4.5316326486126117     
   4.5279396337504094     
   4.5242012447889692     
   4.5204176870615846     
   4.5165891611871967     
   4.5127158631909250     
   4.5087979846190294     
   4.5048357126486120     
   4.5008292301923563     
   4.4967787159985750     
   4.4926843447468094     
   4.4885462871392301     
   4.4843647099880526     
   4.4801397762991613     
   4.4758716453521465     
   4.4715604727769307     
   4.4672064106271510     
   4.4628096074504500     
   4.4583702083558254     
   4.4538883550781820     
   4.4493641860401993     
   4.4447978364116620     
   4.4401894381663354     
   4.4355391201365251     
   4.4308470080654043     
   4.4261132246572021     
   4.4213378896253523     
   4.4165211197386878     
   4.4116630288657497     
   4.4067637280172942     
   4.4018233253870740     
   4.3968419263909508     
   4.3918196337044098     
   4.3867565472985310     
   4.3816527644744845     
   4.3765083798965865     
   4.3713234856239920     
   4.3660981711410463     
   4.3608325233863603     
   4.3555266267806463     
   4.3501805632533523     
   4.3447944122681417     
   4.3393682508472518     
   4.3339021535947628     
   4.3283961927188175     
   4.3228504380528170     
   4.3172649570756336     
   4.3116398149308512     
   4.3059750744450813     
   4.3002707961453632     
   4.2945270382756879     
   4.2887438568126521     
   4.2829213054802855     
   4.2770594357640492     
   4.2711582969240434     
   4.2652179360074403     
   4.2592383978601447     
   4.2532197251377255     
   4.2471619583156111     
   4.2410651356985776     
   4.2349292934295386     
   4.2287544654976523     
   4.2225406837457555     
   4.2162879778771449     
   4.2099963754617118     
   4.2036659019414353     
   4.1972965806352569     
   4.1908884327433409     
   4.1844414773507230     
   4.1779557314303641     
   4.1714312098456192     
   4.1648679253521186     
   4.1582658885990780     
   4.1516251081300384     
   4.1449455903830463     
   4.1382273396902738     
   4.1314703582770953     
   4.1246746462606056     
   4.1178402016476028     
   4.1109670203320388     
   4.1040550960919173     
   4.0971044205856790     
   4.0901149833480437     
   4.0830867717853359     
   4.0760197711702766     
   4.0689139646362547     
   4.0617693331710782     
   4.0545858556102061     
   4.0473635086294504     
   4.0401022667371658     
   4.0328021022659168     
   4.0254629853636201     
   4.0180848839841685     
   4.0106677638775325     
   4.0032115885793313     
   3.9957163193998824     
   3.9881819154127212     
   3.9806083334425892     
   3.9729955280528886     
   3.9653434515326000     
   3.9576520538826583     
   3.9499212828017849     
   3.9421510836717770     
   3.9343413995422347     
   3.9264921711147389     
   3.9186033367264641     
   3.9106748323332217     
   3.9027065914919321     
   3.8946985453425214     
   3.8866506225892232     
   3.8785627494812962     
   3.8704348497931389     
   3.8622668448037980     
   3.8540586532758625     
   3.8458101914337339     
   3.8375213729412683     
   3.8291921088787744     
   3.8208223077193630     
   3.8124118753046439     
   3.8039607148197434     
   3.7954687267676470     
   3.7869358089428569     
   3.7783618564043384     
   3.7697467614477596     
   3.7610904135770018     
   3.7523926994749375     
   3.7436535029734452     
   3.7348727050226738     
   3.7260501836595177     
   3.7171858139752993     
   3.7082794680826505     
   3.6993310150815577     
   3.6903403210245753     
   3.6813072488811791     
   3.6722316585012416     
   3.6631134065776187     
   3.6539523466078219     
   3.6447483288547633     
   3.6355012003065443     
   3.6262108046352775     
   3.6168769821549147     
   3.6074995697780570     
   3.5980784009717315     
   3.5886133057121046     
   3.5791041104381107     
   3.5695506380039661     
   3.5599527076305510     
   3.5503101348556245     
   3.5406227314828440     
   3.5308903055295691     
   3.5211126611734080     
   3.5112895986974895     
   3.5014209144344086     
   3.4915064007088366     
   3.4815458457787378     
   3.4715390337751737     
   3.4614857446406542     
   3.4513857540659845     
   3.4412388334255923     
   3.4310447497112690     
   3.4208032654642997     
   3.4105141387059286     
   3.4001771228661188     
   3.3897919667105572     
   3.3793584142658486     
   3.3688762047428655     
   3.3583450724581758     
   3.3477647467535174     
   3.3371349519132423     
   3.3264554070796866     
   3.3157258261663913     
   3.3049459177691181     
   3.2941153850745928     
   3.2832339257669023     
   3.2723012319314746     
   3.2613169899565713     
   3.2502808804322076     
   3.2391925780464215     
   3.2280517514788065     
   3.2168580632912236     
   3.2056111698155942     
   3.1943107210386832     
   3.1829563604837663     
   3.1715477250890869     
   3.1600844450829846     
   3.1485661438555859     
   3.1369924378269420     
   3.1253629363114852     
   3.1136772413786753     
   3.1019349477097027     
   3.0901356424501119     
   3.0782789050581885     
   3.0663643071489695     
   3.0543914123336964     
   3.0423597760545680     
   3.0302689454145941     
   3.0181184590023786     
   3.0059078467116369     
   2.9936366295552466     
   2.9813043194736091     
   2.9689104191371212     
   2.9564544217425013     
   2.9439358108027438     
   2.9313540599304364     
   2.9187086326141718     
   2.9059989819877807     
   2.8932245505920777     
   2.8803847701288210     
   2.8674790612065495     
   2.8545068330779624     
   2.8414674833684765     
   2.8283603977955858     
   2.8151849498786174     
   2.8019405006384717     
   2.7886263982869042     
   2.7752419779048840     
   2.7617865611095409     
   2.7482594557091797     
   2.7346599553458337     
   2.7209873391247736     
   2.7072408712303786     
   2.6934198005277299     
   2.6795233601492590     
   2.6655507670657541     
   2.6515012216409701     
   2.6373739071690676     
   2.6231679893940476     
   2.6088826160103160     
   2.5945169161434571     
   2.5800699998102341     
   2.5655409573568111     
   2.5509288588740944     
   2.5362327535890672     
   2.5214516692308990     
   2.5065846113705632     
   2.4916305627326176     
   2.4765884824777200     
   2.4614573054543905     
   2.4462359414184252     
   2.4309232742182889     
   2.4155181609447269     
   2.4000194310427183     
   2.3844258853838061     
   2.3687362952967121     
   2.3529494015540493     
   2.3370639133127971     
   2.3210785070060895     
   2.3049918251837349     
   2.2888024752987182     
   2.2725090284368172     
   2.2561100179862819     
   2.2396039382443620     
   2.2229892429573095     
   2.2062643437902762     
   2.1894276087233591     
   2.1724773603698209     
   2.1554118742123278     
   2.1382293767528155     
   2.1209280435713720     
   2.1035059972892962     
   2.0859613054312467     
   2.0682919781811444     
   2.0504959660262494     
   2.0325711572835568     
   2.0145153755024063     
   1.9963263767369215     
   1.9780018466816436     
   1.9595393976634436     
   1.9409365654825457     
   1.9221908060952466     
   1.9032994921306741     
   1.8842599092337089     
   1.8650692522260024     
   1.8457246210768723     
   1.8262230166757256     
   1.8065613363976118     
   1.7867363694535057     
   1.7667447920170092     
   1.7465831621193579     
   1.7262479143049254     
   1.7057353540398930     
   1.6850416518673952     
   1.6641628373033310     
   1.6430947924681407     
   1.6218332454513220     
   1.6003737634072572     
   1.5787117453832060     
   1.5568424148831090     
   1.5347608121742851     
   1.5124617863482768     
   1.4899399871521679     
   1.4671898566128021     
   1.4442056204836886     
   1.4209812795531838     
   1.3975106008630731     
   1.3737871088992488     
   1.3498040768311326     
   1.3255545178942660     
   1.3010311770315790     
   1.2762265229338057     
   1.2511327406490522     
   1.2257417249663711     
   1.2000450748193152     
   1.1740340890038363     
   1.1476997635617918     
   1.1210327912481202     
   1.0940235635780013     
   1.0666621760418655     
   1.0389384371829631     
   1.0108418823566678     
  0.98236179313524996     
  0.95348722348935633     
  0.92420703407083071     
  0.89450993614407981     
  0.86438454696829015     
  0.83381945872395968     
  0.80280332340804650     
  0.77132495649622668     
  0.73937346259231973     
  0.70693838675858067     
  0.67400989575289560     
  0.64057899400090934     
  0.60663777982311451     
  0.57217974825884244     
  0.53720014786057335     
  0.50169640023250850     
  0.46566859317678966     
  0.42912006173258443     
  0.39205807744970089     
  0.35449467757730962     
  0.31644768781791199     
  0.27794203518301552     
  0.23901152724253133     
  0.19970138967727211     
  0.16007180972362745     
  0.12020129830027405     
   8.0182599134103721E-002
   4.0099504795570472E-002
   0.0000000000000000     
