   19.567354608318027     
   19.566574644410792     
   19.565440968224038     
   19.564035385175035     
   19.562400400407775     
   19.560563219979915     
   19.558543184321305     
   19.556354953963211     
   19.554010136695492     
   19.551518217885604     
   19.548887136330247     
   19.546123662432322     
   19.543233658238385     
   19.540222262938606     
   19.537094029240194     
   19.533853026176544     
   19.530502918281886     
   19.527047027690617     
   19.523488383623697     
   19.519829762376979     
   19.516073720034488     
   19.512222619525112     
   19.508278653221552     
   19.504243861983770     
   19.500120151335441     
   19.495909305305638     
   19.491612998352000     
   19.487232805694319     
   19.482770212321022     
   19.478226620879973     
   19.473603358625198     
   19.468901683559917     
   19.464122789891611     
   19.459267812895032     
   19.454337833263235     
   19.449333881013921     
   19.444256939007701     
   19.439107946126519     
   19.433887800153162     
   19.428597360387027     
   19.423237450026356     
   19.417808858342919     
   19.412312342671886     
   19.406748630236411     
   19.401118419824179     
   19.395422383330889     
   19.389661167183860     
   19.383835393657478     
   19.377945662090635     
   19.371992550015396     
   19.365976614204847     
   19.359898391647487     
   19.353758400454407     
   19.347557140705209     
   19.341295095237662     
   19.334972730385815     
   19.328590496670760     
   19.322148829447723     
   19.315648149512992     
   19.309088863673686     
   19.302471365283246     
   19.295796034745059     
   19.289063239986685     
   19.282273336906680     
   19.275426669796023     
   19.268523571735809     
   19.261564364972966     
   19.254549361275270     
   19.247478862267261     
   19.240353159748096     
   19.233172535992601     
   19.225937264036549     
   19.218647607947148     
   19.211303823079639     
   19.203906156320830     
   19.196454846320346     
   19.188950123710313     
   19.181392211314112     
   19.173781324344880     
   19.166117670594279     
   19.158401450612068     
   19.150632857876992     
   19.142812078959452     
   19.134939293676361     
   19.127014675238602     
   19.119038390391509     
   19.111010599548621     
   19.102931456919112     
   19.094801110629227     
   19.086619702837922     
   19.078387369847036     
   19.070104242206252     
   19.061770444813074     
   19.053386097008005     
   19.044951312665223     
   19.036466200278838     
   19.027930863045022     
   19.019345398940096     
   19.010709900794822     
   19.002024456364968     
   18.993289148398368     
   18.984504054698544     
   18.975669248185074     
   18.966784796950819     
   18.957850764316063     
   18.948867208879779     
   18.939834184567999     
   18.930751740679515     
   18.921619921928873     
   18.912438768486851     
   18.903208316018436     
   18.893928595718375     
   18.884599634344447     
   18.875221454248411     
   18.865794073404793     
   18.856317505437477     
   18.846791759644287     
   18.837216841019437     
   18.827592750274075     
   18.817919483854826     
   18.808197033960493     
   18.798425388556865     
   18.788604531389716     
   18.778734441996043     
   18.768815095713514     
   18.758846463688236     
   18.748828512880809     
   18.738761206070762     
   18.728644501859304     
   18.718478354670477     
   18.708262714750742     
   18.697997528166947     
   18.687682736802788     
   18.677318278353678     
   18.666904086320141     
   18.656440089999656     
   18.645926214477015     
   18.635362380613198     
   18.624748505032755     
   18.614084500109684     
   18.603370273951864     
   18.592605730384037     
   18.581790768929277     
   18.570925284789041     
   18.560009168821711     
   18.549042307519702     
   18.538024582985091     
   18.526955872903777     
   18.515836050518143     
   18.504664984598261     
   18.493442539411582     
   18.482168574691148     
   18.470842945602275     
   18.459465502707708     
   18.448036091931279     
   18.436554554519958     
   18.425020727004405     
   18.413434441157893     
   18.401795523953670     
   18.390103797520666     
   18.378359079097606     
   18.366561180985446     
   18.354709910498144     
   18.342805069911705     
   18.330846456411511     
   18.318833862037920     
   18.306767073630045     
   18.294645872767759     
   18.282470035711839     
   18.270239333342225     
   18.257953531094419     
   18.245612388893882     
   18.233215661088511     
   18.220763096379059     
   18.208254437747527     
   18.195689422383442     
   18.183067781607999     
   18.170389240796037     
   18.157653519295753     
   18.144860330346159     
   18.132009380992194     
   18.119100371997487     
   18.106132997754639     
   18.093106946193032     
   18.080021898684105     
   18.066877529943987     
   18.053673507933475     
   18.040409493755270     
   18.027085141548390     
   18.013700098379722     
   18.000254004132618     
   17.986746491392452     
   17.973177185329096     
   17.959545703576158     
   17.945851656107024     
   17.932094645107473     
   17.918274264844879     
   17.904390101533853     
   17.890441733198241     
   17.876428729529405     
   17.862350651740606     
   17.848207052417489     
   17.833997475364452     
   17.819721455446853     
   17.805378518428888     
   17.790968180807059     
   17.776489949639057     
   17.761943322367951     
   17.747327786641524     
   17.732642820126649     
   17.717887890318494     
   17.703062454344430     
   17.688165958762511     
   17.673197839354291     
   17.658157520911832     
   17.643044417018736     
   17.627857929825002     
   17.612597449815471     
   17.597262355571715     
   17.581852013527129     
   17.566365777714964     
   17.550802989509158     
   17.535162977357633     
   17.519445056507870     
   17.503648528724469     
   17.487772681998450     
   17.471816790247964     
   17.455780113010192     
   17.439661895124058     
   17.423461366403483     
   17.407177741300817     
   17.390810218560137     
   17.374357980860015     
   17.357820194445377     
   17.341196008748128     
   17.324484555996026     
   17.307684950809485     
   17.290796289785771     
   17.273817651070189     
   17.256748093913760     
   17.239586658216837     
   17.222332364058175     
   17.204984211208920     
   17.187541178630848     
   17.170002223958335     
   17.152366282963388     
   17.134632269003060     
   17.116799072448575     
   17.098865560095419     
   17.080830574553641     
   17.062692933617537     
   17.044451429613936     
   17.026104828728119     
   17.007651870306564     
   16.989091266135382     
   16.970421699693627     
   16.951641825380207     
   16.932750267713434     
   16.913745620501938     
   16.894626445985708     
   16.875391273945979     
   16.856038600782604     
   16.836566888557364     
   16.816974564001825     
   16.797260017487996     
   16.777421601960217     
   16.757457631826338     
   16.737366381806432     
   16.717146085736974     
   16.696794935328374     
   16.676311078873642     
   16.655692619905842     
   16.634937615801796     
   16.614044076329460     
   16.593009962136055     
   16.571833183174121     
   16.550511597062243     
   16.529043007377165     
   16.507425161873694     
   16.485655750628691     
   16.463732404105070     
   16.441652691131640     
   16.419414116794140     
   16.397014120232736     
   16.374450072340821     
   16.351719273359588     
   16.328818950362585     
   16.305746254623987     
   16.282498258863889     
   16.259071954363545     
   16.235464247942900     
   16.211671958792223     
   16.187691815149186     
   16.163520450811870     
   16.139154401477832     
   16.114590100898273     
   16.089823876835794     
   16.064851946813288     
   16.039670413640490     
   16.014275260703823     
   15.988662347003904     
   15.962827401923981     
   15.936766019711138     
   15.910473653650763     
   15.883945609913033     
   15.857177041048610     
   15.830162939108677     
   15.802898128362520     
   15.775377257583417     
   15.747594791871240     
   15.719545003977313     
   15.691221965094121     
   15.662619535069110     
   15.633731351998128     
   15.604550821150056     
   15.575071103169710     
   15.545285101501143     
   15.515185448967967     
   15.484764493441491     
   15.454014282520417     
   15.422926547138767     
   15.391492684010153     
   15.359703736807509     
   15.327550375966995     
   15.295022876993508     
   15.262111097132282     
   15.228804450256911     
   15.195091879808098     
   15.160961829599353     
   15.126402212285869     
   15.091400375269966     
   15.055943063790965     
   15.020016380918454     
   14.983605744135302     
   14.946695838159702     
   14.909270563613678     
   14.871312981097697     
   14.832805250176788     
   14.793728562721524     
   14.754063069976416     
   14.713787802647031     
   14.672880583203964     
   14.631317929494474     
   14.589074948628829     
   14.546125219965457     
   14.502440665852943     
   14.457991408594458     
   14.412745611875469     
   14.366669304633382     
   14.319726185040345     
   14.271877401909249     
   14.223081310407169     
   14.173293198456991     
   14.122464979610466     
   14.070544847464840     
   14.017476885845019     
   13.963200627954269     
   13.907650556468822     
   13.850755535068494     
   13.792438160093859     
   13.732614018824592     
   13.671190838182669     
   13.608067504352574     
   13.543132929713074     
   13.476264738379550     
   13.407327735282792     
   13.336172115694012     
   13.262631361960235     
   13.186519761291674     
   13.107629461870816     
   13.025726963149539     
   12.940548908348141     
   12.851797010636135     
   12.759131896148435     
   12.662165582493621     
   12.560452224514943     
   12.453476640810903     
   12.340639971869335     
   12.221241594397373     
   12.094456097837654     
   11.959303674690354     
   11.814611619349387     
   11.658963666588555     
   11.490632465670888     
   11.307488313914842     
   11.106873930793677     
   10.885429821713513     
   10.638846456004840     
   10.361506043444804     
   10.045954779340580     
   9.6821107434467155     
   9.2560561663208265     
   8.7481825077938495     
   8.1303864276297571     
   7.3621792611733881     
   6.3870632060092074     
   5.1377530358194115     
   3.5808962458078897     
   1.8143288267446036     
   0.0000000000000000     
