   67.012657765075446     
   67.011590022088072     
   67.010139173869959     
   67.008394230944290     
   67.006401279397480     
   67.004189779831250     
   67.001780661769999     
   66.999189784076918     
   66.996429700044558     
   66.993510665730184     
   66.990441263741232     
   66.987228812722037     
   66.983879648832101     
   66.980399326492019     
   66.976792765936565     
   66.973064364434151     
   66.969218081927067     
   66.965257508194298     
   66.961185916368123     
   66.957006306175288     
   66.952721439308846     
   66.948333868681900     
   66.943845962860124     
   66.939259926649385     
   66.934577818582952     
   66.929801565884247     
   66.924932977355070     
   66.919973754545282     
   66.914925501487616     
   66.909789733226404     
   66.904567883325583     
   66.899261310507939     
   66.893871304550714     
   66.888399091541018     
   66.882845838578078     
   66.877212657994619     
   66.871500611158879     
   66.865710711909216     
   66.859843929665701     
   66.853901192256629     
   66.847883388492562     
   66.841791370516177     
   66.835625955952224     
   66.829387929878976     
   66.823078046639566     
   66.816697031509591     
   66.810245582235197     
   66.803724370454077     
   66.797134043010871     
   66.790475223176273     
   66.783748511779109     
   66.776954488258667     
   66.770093711644876     
   66.763166721471833     
   66.756174038630789     
   66.749116166167298     
   66.741993590027192     
   66.734806779755544     
   66.727556189151940     
   66.720242256885854     
   66.712865407074787     
   66.705426049828063     
   66.697924581758869     
   66.690361386466563     
   66.682736834991672     
   66.675051286245107     
   66.667305087413709     
   66.659498574343431     
   66.651632071901830     
   66.643705894320973     
   66.635720345522358     
   66.627675719424602     
   66.619572300235276     
   66.611410362727611     
   66.603190172503105     
   66.594911986240902     
   66.586576051934642     
   66.578182609117448     
   66.569731889075896     
   66.561224115053292     
   66.552659502443319     
   66.544038258973927     
   66.535360584882554     
   66.526626673082859     
   66.517836709323390     
   66.508990872338742     
   66.500089333993344     
   66.491132259418677     
   66.482119807143548     
   66.473052129218530     
   66.463929371334160     
   66.454751672933725     
   66.445519167320356     
   66.436231981759320     
   66.426890237575023     
   66.417494050243462     
   66.408043529480139     
   66.398538779323545     
   66.388979898214600     
   66.379366979072017     
   66.369700109363720     
   66.359979371174745     
   66.350204841271506     
   66.340376591162524     
   66.330494687155976     
   66.320559190414059     
   66.310570157004079     
   66.300527637946814     
   66.290431679261715     
   66.280282322009569     
   66.270079602332189     
   66.259823551489760     
   66.249514195895301     
   66.239151557146954     
   66.228735652057608     
   66.218266492682289     
   66.207744086343240     
   66.197168435652685     
   66.186539538533481     
   66.175857388237674     
   66.165121973362758     
   66.154333277866101     
   66.143491281077189     
   66.132595957707991     
   66.121647277861399     
   66.110645207037535     
   66.099589706138531     
   66.088480731471122     
   66.077318234747594     
   66.066102163084864     
   66.054832459001730     
   66.043509060414451     
   66.032131900630446     
   66.020700908340331     
   66.009216007608146     
   65.997677117860007     
   65.986084153870848     
   65.974437025749651     
   65.962735638922837     
   65.950979894115989     
   65.939169687333887     
   65.927304909838895     
   65.915385448127594     
   65.903411183905646     
   65.891381994061121     
   65.879297750636013     
   65.867158320796023     
   65.854963566798588     
   65.842713345959240     
   65.830407510616240     
   65.818045908093282     
   65.805628380660536     
   65.793154765493924     
   65.780624894632453     
   65.768038594933785     
   65.755395688027960     
   65.742695990269098     
   65.729939312685389     
   65.717125460926937     
   65.704254235211835     
   65.691325430270055     
   65.678338835285402     
   65.665294233835425     
   65.652191403829079     
   65.639030117442431     
   65.625810141052057     
   65.612531235166244     
   65.599193154353955     
   65.585795647171381     
   65.572338456086300     
   65.558821317399875     
   65.545243961165966     
   65.531606111108076     
   65.517907484533524     
   65.504147792245135     
   65.490326738450136     
   65.476444020666335     
   65.462499329625373     
   65.448492349173165     
   65.434422756167351     
   65.420290220371612     
   65.406094404346888     
   65.391834963339349     
   65.377511545165135     
   65.363123790091592     
   65.348671330715092     
   65.334153791835163     
   65.319570790325045     
   65.304921934998362     
   65.290206826471859     
   65.275425057024222     
   65.260576210450679     
   65.245659861913254     
   65.230675577786755     
   65.215622915500248     
   65.200501423373694     
   65.185310640449885     
   65.170050096321404     
   65.154719310952430     
   65.139317794495298     
   65.123845047101483     
   65.108300558727123     
   65.092683808932520     
   65.076994266675840     
   65.061231390100403     
   65.045394626315684     
   65.029483411171583     
   65.013497169025911     
   64.997435312504692     
   64.981297242255167     
   64.965082346691233     
   64.948790001730870     
   64.932419570525624     
   64.915970403181475     
   64.899441836471055     
   64.882833193536769     
   64.866143783584661     
   64.849372901568330     
   64.832519827862924     
   64.815583827928705     
   64.798564151963618     
   64.781460034544722     
   64.764270694257931     
   64.746995333315596     
   64.729633137161528     
   64.712183274062909     
   64.694644894688722     
   64.677017131673921     
   64.659299099169075     
   64.641489892374707     
   64.623588587059743     
   64.605594239063649     
   64.587505883781105     
   64.569322535629169     
   64.551043187495665     
   64.532666810168223     
   64.514192351743304     
   64.495618737014169     
   64.476944866836959     
   64.458169617474070     
   64.439291839913679     
   64.420310359164631     
   64.401223973525347     
   64.382031453825888     
   64.362731542641853     
   64.343322953478918     
   64.323804369926705     
   64.304174444780671     
   64.284431799130417     
   64.264575021413208     
   64.244602666430723     
   64.224513254327746     
   64.204305269530821     
   64.183977159644954     
   64.163527334306693     
   64.142954163991220     
   64.122255978771491     
   64.101431067026937     
   64.080477674099569     
   64.059394000894741     
   64.038178202423950     
   64.016828386286718     
   63.995342611088823     
   63.973718884793300     
   63.951955163001287     
   63.930049347158814     
   63.907999282685978     
   63.885802757024344     
   63.863457497598560     
   63.840961169687574     
   63.818311374200647     
   63.795505645353316     
   63.772541448237881     
   63.749416176282672     
   63.726127148594102     
   63.702671607175311     
   63.679046714014198     
   63.655249548033993     
   63.631277101898419     
   63.607126278663308     
   63.582793888266039     
   63.558276643843222     
   63.533571157866916     
   63.508673938088776     
   63.483581383280509     
   63.458289778759031     
   63.432795291682872     
   63.407093966106331     
   63.381181717776549     
   63.355054328657381     
   63.328707441163402     
   63.302136552085585     
   63.275337006189211     
   63.248303989462968     
   63.221032521996712     
   63.193517450463553     
   63.165753440180303     
   63.137734966717986     
   63.109456307032339     
   63.080911530081487     
   63.052094486895690     
   63.022998800060904     
   62.993617852575255     
   62.963944776033756     
   62.933972438093186     
   62.903693429164875     
   62.873100048278822     
   62.842184288057673     
   62.810937818733834     
   62.779351971137032     
   62.747417718573516     
   62.715125657510541     
   62.682465986972502     
   62.649428486546007     
   62.616002492882018     
   62.582176874572546     
   62.547940005267570     
   62.513279734885330     
   62.478183358754031     
   62.442637584508155     
   62.406628496543568     
   62.370141517816670     
   62.333161368750368     
   62.295672022984888     
   62.257656659683690     
   62.219097612073924     
   62.179976311865545     
   62.140273229154410     
   62.099967807369929     
   62.059038392778142     
   62.017462157994757     
   61.975215018898240     
   61.932271544260850     
   61.888604857332815     
   61.844186528520538     
   61.798986458192879     
   61.752972748526219     
   61.706111563158636     
   61.658366973261558     
   61.609700788451171     
   61.560072370747065     
   61.509438429536786     
   61.457752795216777     
   61.404966168844766     
   61.351025844747909     
   61.295875402573650     
   61.239454364734407     
   61.181697814566661     
   61.122535969781438     
   61.061893704902445     
   60.999690015343049     
   60.935837414526794     
   60.870241253966014     
   60.802798954423295     
   60.733399134123509     
   60.661920617372616     
   60.588231303765070     
   60.512186874284318     
   60.433629305844903     
   60.352385159957365     
   60.268263603926712     
   60.181054113931758     
   60.090523797971542     
   59.996414262336259     
   59.898437927071782     
   59.796273672664903     
   59.689561670261327     
   59.577897208933699     
   59.460823282800924     
   59.337821633931732     
   59.208301857998798     
   59.071588060130601     
   58.926902386181254     
   58.773344531998468     
   58.609866024084610     
   58.435237630190436     
   58.248007638367973     
   58.046447845904630     
   57.828482780765775     
   57.591595705932576     
   57.332701952333458     
   57.047975455613994     
   56.732606952905805     
   56.380460230943513     
   55.983572697186894     
   55.531412083303628     
   55.009740390026025     
   54.398826228213608     
   53.670542322415024     
   52.783497899538673     
   51.674623322161750     
   50.244310154454880     
   48.330341663129154     
   45.665945204983451     
   41.833913114735296     
   36.306298812368084     
   28.780394477611001     
   19.679715803916668     
   9.8981083758060464     
   0.0000000000000000     
