   15.404086855642650     
   15.403472917036074     
   15.402558060503582     
   15.401411198394220     
   15.400068370309093     
   15.398552709479931     
   15.396880687934342     
   15.395064805394673     
   15.393114966502772     
   15.391039269723692     
   15.388844496329508     
   15.386536431860321     
   15.384120087343449     
   15.381599857205845     
   15.378979635429092     
   15.376262903156169     
   15.373452796184756     
   15.370552157922189     
   15.367563581597091     
   15.364489444377920     
   15.361331935290700     
   15.358093078314074     
   15.354774751672824     
   15.351378704098597     
   15.347906568644632     
   15.344359874508253     
   15.340740057215957     
   15.337048467451638     
   15.333286378751897     
   15.329454994248747     
   15.325555452606151     
   15.321588833270193     
   15.317556161131650     
   15.313458410682859     
   15.309296509737226     
   15.305071342768763     
   15.300783753920124     
   15.296434549720198     
   15.292024501546313     
   15.287554347861056     
   15.283024796249453     
   15.278436525278821     
   15.273790186200626     
   15.269086404511050     
   15.264325781385025     
   15.259508894996513     
   15.254636301736323     
   15.249708537337408     
   15.244726117916452     
   15.239689540939445     
   15.234599286118270     
   15.229455816244384     
   15.224259577965114     
   15.219011002507475     
   15.213710506353959     
   15.208358491874195     
   15.202955347916131     
   15.197501450359889     
   15.191997162637227     
   15.186442836219260     
   15.180838811074814     
   15.175185416101606     
   15.169482969532211     
   15.163731779316620     
   15.157932143483055     
   15.152084350478503     
   15.146188679490431     
   15.140245400750846     
   15.134254775823946     
   15.128217057878356     
   15.122132491945001     
   15.116001315161471     
   15.109823757003742     
   15.103600039505983     
   15.097330377469246     
   15.091014978659597     
   15.084654043996370     
   15.078247767731092     
   15.071796337617592     
   15.065299935073813     
   15.058758735335752     
   15.052172907603971     
   15.045542615183065     
   15.038868015614460     
   15.032149260802891     
   15.025386497136857     
   15.018579865603389     
   15.011729501897369     
   15.004835536525713     
   14.997898094906608     
   14.990917297464078     
   14.983893259718087     
   14.976826092370343     
   14.969715901386055     
   14.962562788071770     
   14.955366849149486     
   14.948128176827193     
   14.940846858865982     
   14.933522978643859     
   14.926156615216424     
   14.918747843374502     
   14.911296733698864     
   14.903803352612133     
   14.896267762428014     
   14.888690021397883     
   14.881070183754874     
   14.873408299755567     
   14.865704415719284     
   14.857958574065142     
   14.850170813346905     
   14.842341168285710     
   14.834469669800711     
   14.826556345037750     
   14.818601217396040     
   14.810604306552994     
   14.802565628487180     
   14.794485195499496     
   14.786363016232581     
   14.778199095688533     
   14.769993435244935     
   14.761746032669253     
   14.753456882131655     
   14.745125974216231     
   14.736753295930686     
   14.728338830714524     
   14.719882558445750     
   14.711384455446098     
   14.702844494484843     
   14.694262644781162     
   14.685638872005118     
   14.676973138277253     
   14.668265402166815     
   14.659515618688625     
   14.650723739298597     
   14.641889711887947     
   14.633013480776041     
   14.624094986701978     
   14.615134166814812     
   14.606130954662504     
   14.597085280179577     
   14.587997069673436     
   14.578866245809444     
   14.569692727594651     
   14.560476430360282     
   14.551217265742867     
   14.541915141664115     
   14.532569962309440     
   14.523181628105208     
   14.513750035694642     
   14.504275077912409     
   14.494756643757864     
   14.485194618366917     
   14.475588882982599     
   14.465939314924194     
   14.456245787555016     
   14.446508170248762     
   14.436726328354451     
   14.426900123159919     
   14.417029411853862     
   14.407114047486408     
   14.397153878928144     
   14.387148750827667     
   14.377098503567554     
   14.367002973218787     
   14.356861991493531     
   14.346675385696310     
   14.336442978673517     
   14.326164588761223     
   14.315840029731264     
   14.305469110735554     
   14.295051636248619     
   14.284587406008262     
   14.274076214954382     
   14.263517853165856     
   14.252912105795458     
   14.242258753002789     
   14.231557569885105     
   14.220808326406090     
   14.210010787322435     
   14.199164712108240     
   14.188269854877111     
   14.177325964301968     
   14.166332783532422     
   14.155290050109754     
   14.144197495879341     
   14.133054846900519     
   14.121861823353786     
   14.110618139445265     
   14.099323503308380     
   14.087977616902641     
   14.076580175909461     
   14.065130869624900     
   14.053629380849294     
   14.042075385773623     
   14.030468553862542     
   14.018808547734002     
   14.007095023035280     
   13.995327628315405     
   13.983506004893782     
   13.971629786724950     
   13.959698600259328     
   13.947712064299806     
   13.935669789854096     
   13.923571379982633     
   13.911416429641953     
   13.899204525523356     
   13.886935245886692     
   13.874608160389135     
   13.862222829908756     
   13.849778806362714     
   13.837275632519891     
   13.824712841807782     
   13.812089958113429     
   13.799406495578173     
   13.786661958386061     
   13.773855840545608     
   13.760987625664741     
   13.748056786718637     
   13.735062785810218     
   13.722005073923032     
   13.708883090666214     
   13.695696264011277     
   13.682444010020379     
   13.669125732565801     
   13.655740823040237     
   13.642288660057618     
   13.628768609144048     
   13.615180022418501     
   13.601522238262874     
   13.587794580980965     
   13.573996360445987     
   13.560126871736104     
   13.546185394757542     
   13.532171193854790     
   13.518083517407344     
   13.503921597412452     
   13.489684649053297     
   13.475371870252026     
   13.460982441206960     
   13.446515523913387     
   13.431970261667178     
   13.417345778550558     
   13.402641178899245     
   13.387855546750176     
   13.372987945268948     
   13.358037416156170     
   13.343002979031713     
   13.327883630795952     
   13.312678344966962     
   13.297386070992603     
   13.282005733536362     
   13.266536231735772     
   13.250976438432183     
   13.235325199370514     
   13.219581332367692     
   13.203743626448272     
   13.187810840945703     
   13.171781704567666     
   13.155654914423735     
   13.139429135013627     
   13.123102997174087     
   13.106675096982462     
   13.090143994614820     
   13.073508213156430     
   13.056766237362186     
   13.039916512364579     
   13.022957442326497     
   13.005887389036143     
   12.988704670441084     
   12.971407559118344     
   12.953994280677225     
   12.936463012091364     
   12.918811879956349     
   12.901038958668908     
   12.883142268523555     
   12.865119773722240     
   12.846969380292318     
   12.828688933907820     
   12.810276217608772     
   12.791728949412843     
   12.773044779813389     
   12.754221289157455     
   12.735255984896941     
   12.716146298705702     
   12.696889583454771     
   12.677483110037558     
   12.657924064036131     
   12.638209542219212     
   12.618336548861834     
   12.598301991875900     
   12.578102678740164     
   12.557735312217302     
   12.537196485844913     
   12.516482679186320     
   12.495590252825986     
   12.474515443093342     
   12.453254356497506     
   12.431802963854159     
   12.410157094084392     
   12.388312427663818     
   12.366264489698553     
   12.344008642602878     
   12.321540078351422     
   12.298853810276496     
   12.275944664378990     
   12.252807270118494     
   12.229436050645702     
   12.205825212436940     
   12.181968734287425     
   12.157860355616116     
   12.133493564031015     
   12.108861582099411     
   12.083957353262619     
   12.058773526829485     
   12.033302441977106     
   12.007536110680572     
   11.981466199486622     
   11.955084010038007     
   11.928380458246767     
   11.901346052004929     
   11.873970867310364     
   11.846244522673803     
   11.818156151659652     
   11.789694373398691     
   11.760847260894270     
   11.731602306925488     
   11.701946387330331     
   11.671865721429050     
   11.641345829322454     
   11.610371485771140     
   11.578926670329615     
   11.546994513372846     
   11.514557237612186     
   11.481596094651341     
   11.448091296081174     
   11.414021938552986     
   11.379365922203085     
   11.344099861725361     
   11.308198989301989     
   11.271637048503624     
   11.234386178157440     
   11.196416785052147     
   11.157697404200675     
   11.118194545210484     
   11.077872523114859     
   11.036693271791275     
   10.994616137829940     
   10.951597652410427     
   10.907591278389251     
   10.862547129387279     
   10.816411657181961     
   10.769127303142001     
   10.720632108775456     
   10.670859279676449     
   10.619736696227029     
   10.567186363309785     
   10.513123789977987     
   10.457457288468980     
   10.400087180079005     
   10.340904893175892     
   10.279791935926621     
   10.216618723054772     
   10.151243231987827     
   10.083509458942228     
   10.013245639618450     
   9.9402621919791994     
   9.8643493297318035     
   9.7852742842141520     
   9.7027780588636681     
   9.6165716236598353     
   9.5263314360238898     
   9.4316941485617249     
   9.3322503314029941     
   9.2275369960518532     
   9.1170286565913035     
   9.0001266003779463     
   8.8761459613641076     
   8.7443000922635647     
   8.6036816150961108     
   8.4532393937931101     
   8.2917505239643958     
   8.1177862928713083     
   7.9296709730841046     
   7.7254323763678334     
   7.5027435181754800     
   7.2588559479310018     
   6.9905281149402976     
   6.6939581559514467     
   6.3647426346154887     
   5.9979059688202740     
   5.5880862534398918     
   5.1300250595215910     
   4.6195681324335096     
   4.0553285467011460     
   3.4407235183881499     
   2.7850934957496949     
   2.1020211529141744     
   1.4048892976772698     
  0.70286289367653032     
   0.0000000000000000     
