   45.036267349905977     
   45.035237989844553     
   45.033822989267222     
   45.032112786363321     
   45.030153920848790     
   45.027976064353965     
   45.025600264550832     
   45.023042454285132     
   45.020315236816067     
   45.017428903848050     
   45.014392064501806     
   45.011212057799845     
   45.007895235987043     
   45.004447166464416     
   45.000872780138700     
   44.997176483193819     
   44.993362243124501     
   44.989433656186250     
   44.985394001125741     
   44.981246282584273     
   44.976993266594754     
   44.972637509933264     
   44.968181384629077     
   44.963627098614332     
   44.958976713261535     
   44.954232158387427     
   44.949395245175076     
   44.944467677371698     
   44.939451061047109     
   44.934346913142264     
   44.929156668994160     
   44.923881688989482     
   44.918523264472491     
   44.913082623011199     
   44.907560933108769     
   44.901959308432971     
   44.896278811625152     
   44.890520457741111     
   44.884685217368094     
   44.878774019456067     
   44.872787753896091     
   44.866727273873934     
   44.860593398023461     
   44.854386912401068     
   44.848108572299829     
   44.841759103919522     
   44.835339205906912     
   44.828849550778870     
   44.822290786239449     
   44.815663536400820     
   44.808968402916776     
   44.802205966036574     
   44.795376785586221     
   44.788481401883281     
   44.781520336590916     
   44.774494093516068     
   44.767403159356341     
   44.760248004399770     
   44.753029083180991     
   44.745746835097272     
   44.738401684987359     
   44.730994043675942     
   44.723524308486226     
   44.715992863722960     
   44.708400081127785     
   44.700746320309079     
   44.693031929147928     
   44.685257244181756     
   44.677422590967232     
   44.669528284423627     
   44.661574629158011     
   44.653561919773438     
   44.645490441161016     
   44.637360468776997     
   44.629172268905677     
   44.620926098909145     
   44.612622207464320     
   44.604260834788299     
   44.595842212852546     
   44.587366565586535     
   44.578834109071479     
   44.570245051724619     
   44.561599594474643     
   44.552897930928566     
   44.544140247530748     
   44.535326723714213     
   44.526457532044695     
   44.517532838357937     
   44.508552801890374     
   44.499517575403608     
   44.490427305302916     
   44.481282131750127     
   44.472082188771061     
   44.462827604357855     
   44.453518500566254     
   44.444154993608265     
   44.434737193940173     
   44.425265206346310     
   44.415739130018608     
   44.406159058632149     
   44.396525080416851     
   44.386837278225471     
   44.377095729598068     
   44.367300506822957     
   44.357451676994430     
   44.347549302067215     
   44.337593438907923     
   44.327584139343415     
   44.317521450206300     
   44.307405413377793     
   44.297236065827569     
   44.287013439651233     
   44.276737562105126     
   44.266408455638626     
   44.256026137924138     
   44.245590621884560     
   44.235101915718616     
   44.224560022923804     
   44.213964942317325     
   44.203316668054697     
   44.192615189646375     
   44.181860491972280     
   44.171052555294359     
   44.160191355267081     
   44.149276862946095     
   44.138309044794909     
   44.127287862689663     
   44.116213273922178     
   44.105085231200974     
   44.093903682650712     
   44.082668571809627     
   44.071379837625337     
   44.060037414448836     
   44.048641232026760     
   44.037191215491944     
   44.025687285352241     
   44.014129357477621     
   44.002517343085614     
   43.990851148725014     
   43.979130676257896     
   43.967355822839934     
   43.955526480899110     
   43.943642538112584     
   43.931703877381999     
   43.919710376807004     
   43.907661909657136     
   43.895558344341964     
   43.883399544379422     
   43.871185368362568     
   43.858915669924485     
   43.846590297701411     
   43.834209095294192     
   43.821771901227827     
   43.809278548909298     
   43.796728866583450     
   43.784122677287186     
   43.771459798801565     
   43.758740043602209     
   43.745963218807610     
   43.733129126125611     
   43.720237561797774     
   43.707288316541820     
   43.694281175491973     
   43.681215918137191     
   43.668092318257315     
   43.654910143856995     
   43.641669157097432     
   43.628369114225890     
   43.615009765502805     
   43.601590855126730     
   43.588112121156620     
   43.574573295431932     
   43.560974103490011     
   43.547314264481031     
   43.533593491080254     
   43.519811489397611     
   43.505967958884597     
   43.492062592238220     
   43.478095075302129     
   43.464065086964858     
   43.449972299054899     
   43.435816376232658     
   43.421596975879332     
   43.407313747982400     
   43.392966335017753     
   43.378554371828351     
   43.364077485499330     
   43.349535295229444     
   43.334927412198681     
   43.320253439432058     
   43.305512971659347     
   43.290705595170799     
   43.275830887668512     
   43.260888418113453     
   43.245877746568091     
   43.230798424034205     
   43.215649992286117     
   43.200431983698799     
   43.185143921071024     
   43.169785317443221     
   43.154355675909898     
   43.138854489426507     
   43.123281240610460     
   43.107635401536307     
   43.091916433524602     
   43.076123786924491     
   43.060256900889641     
   43.044315203147470     
   43.028298109761188     
   43.012205024884672     
   42.996035340509707     
   42.979788436205482     
   42.963463678850005     
   42.947060422353097     
   42.930578007370784     
   42.914015761010631     
   42.897372996527906     
   42.880649013011919     
   42.863843095062514     
   42.846954512456122     
   42.829982519801050     
   42.812926356181670     
   42.795785244790984     
   42.778558392551183     
   42.761244989721696     
   42.743844209494355     
   42.726355207575018     
   42.708777121751247     
   42.691109071445489     
   42.673350157253012     
   42.655499460464313     
   42.637556042571113     
   42.619518944755185     
   42.601387187359855     
   42.583159769342771     
   42.564835667709609     
   42.546413836927918     
   42.527893208320059     
   42.509272689434539     
   42.490551163394777     
   42.471727488224289     
   42.452800496147411     
   42.433768992864408     
   42.414631756799849     
   42.395387538323142     
   42.376035058940062     
   42.356573010453815     
   42.337000054094418     
   42.317314819614957     
   42.297515904353247     
   42.277601872257179     
   42.257571252872410     
   42.237422540290254     
   42.217154192054302     
   42.196764628023637     
   42.176252229190645     
   42.155615336451277     
   42.134852249325590     
   42.113961224626003     
   42.092940475070932     
   42.071788167841021     
   42.050502423075201     
   42.029081312303589     
   42.007522856814099     
   41.985825025949516     
   41.963985735331356     
   41.942002845006996     
   41.919874157515984     
   41.897597415871381     
   41.875170301451817     
   41.852590431799477     
   41.829855358319115     
   41.806962563872808     
   41.783909460264759     
   41.760693385610423     
   41.737311601583443     
   41.713761290533760     
   41.690039552469770     
   41.666143401896889     
   41.642069764504491     
   41.617815473692552     
   41.593377266928862     
   41.568751781926913     
   41.543935552634167     
   41.518925005019383     
   41.493716452647206     
   41.468306092027198     
   41.442689997723733     
   41.416864117212135     
   41.390824265465525     
   41.364566119255514     
   41.338085211148901     
   41.311376923181200     
   41.284436480186123     
   41.257258942759087     
   41.229839199830650     
   41.202171960824437     
   41.174251747371741     
   41.146072884553199     
   41.117629491635277     
   41.088915472267153     
   41.059924504100479     
   41.030650027791644     
   41.001085235342927     
   40.971223057735180     
   40.941056151800879     
   40.910576886282001     
   40.879777327012434     
   40.848649221159484     
   40.817183980453386     
   40.785372663327337     
   40.753205955883651     
   40.720674151594288     
   40.687767129635247     
   40.654474331745199     
   40.620784737488705     
   40.586686837792428     
   40.552168606610856     
   40.517217470563430     
   40.481820276369938     
   40.445963255893247     
   40.409631988579768     
   40.372811361065871     
   40.335485523694992     
   40.297637843662841     
   40.259250854478289     
   40.220306201393321     
   40.180784582417715     
   40.140665684490905     
   40.099928114335320     
   40.058549323460809     
   40.016505526727762     
   39.973771613806491     
   39.930321052790731     
   39.886125785132251     
   39.841156110960156     
   39.795380563730156     
   39.748765773013588     
   39.701276314080367     
   39.652874542751363     
   39.603520413789411     
   39.553171280859374     
   39.501781675812232     
   39.449303064726593     
   39.395683577767933     
   39.340867709489331     
   39.284795985686273     
   39.227404592318294     
   39.168624961302633     
   39.108383307149630     
   39.046600107418264     
   38.983189518791185     
   38.918058719160463     
   38.851107164427667     
   38.782225746691431     
   38.711295838043135     
   38.638188201215691     
   38.562761744705305     
   38.484862095548984     
   38.404319957482542     
   38.320949215457944     
   38.234544739115314     
   38.144879827329106     
   38.051703222781114     
   37.954735608861469     
   37.853665480004729     
   37.748144249406401     
   37.637780423005090     
   37.522132623013349     
   37.400701184485897     
   37.272917969338103     
   37.138133936698175     
   36.995603866279545     
   36.844467437879203     
   36.683725603677786     
   36.512210819029768     
   36.328549174396038     
   36.131111723838941     
   35.917951222791778     
   35.686718895270516     
   35.434553470610929     
   35.157931112446192     
   34.852459267438249     
   34.512588649519095     
   34.131203447126886     
   33.699026806510709     
   33.203740582901681     
   32.628655097709206     
   31.950660714013566     
   31.137031102792811     
   30.140437087231337     
   28.891435399496640     
   27.288524923690218     
   25.190412603437704     
   22.429336296325268     
   18.884010715635050     
   14.609980394696104     
   9.8692349816261000     
   4.9494364921202330     
   0.0000000000000000     
