   4.5964449545583781     
   4.5963417347585969     
   4.5961443724657114     
   4.5958580112208240     
   4.5954864509627074     
   4.5950327431929736     
   4.5944994506105905     
   4.5938887875504824     
   4.5932027057220592     
   4.5924429508696223     
   4.5916111023881161     
   4.5907086022196903     
   4.5897367766398123     
   4.5886968531247367     
   4.5875899736991617     
   4.5864172056935102     
   4.5851795505494071     
   4.5838779511246139     
   4.5825132978241863     
   4.5810864337993928     
   4.5795981593963253     
   4.5780492359934035     
   4.5764403893358585     
   4.5747723124522022     
   4.5730456682203187     
   4.5712610916375569     
   4.5694191918389802     
   4.5675205538999206     
   4.5655657404526826     
   4.5635552931422270     
   4.5614897339416096     
   4.5593695663447047     
   4.5571952764510320     
   4.5549673339553811     
   4.5526861930530389     
   4.5503522932699703     
   4.5479660602260159     
   4.5455279063381191     
   4.5430382314696862     
   4.5404974235314297     
   4.5379058590383892     
   4.5352639036272757     
   4.5325719125377786     
   4.5298302310610978     
   4.5270391949585900     
   4.5241991308530745     
   4.5213103565951309     
   4.5183731816064272     
   4.5153879072019425     
   4.5123548268927527     
   4.5092742266708772     
   4.5061463852775558     
   4.5029715744561871     
   4.4997500591910455     
   4.4964820979328053     
   4.4931679428117892     
   4.4898078398397914     
   4.4864020291012601     
   4.4829507449345405     
   4.4794542161038269     
   4.4759126659624293     
   4.4723263126079029     
   4.4686953690295388     
   4.4650200432486926     
   4.4613005384523907     
   4.4575370531205811     
   4.4537297811474339     
   4.4498789119570148     
   4.4459846306136575     
   4.4420471179273182     
   4.4380665505541979     
   4.4340431010928860     
   4.4299769381762601     
   4.4258682265593627     
   4.4217171272034692     
   4.4175237973565284     
   4.4132883906301670     
   4.4090110570734300     
   4.4046919432433969     
   4.4003311922728470     
   4.3959289439350933     
   4.3914853347061262     
   4.3870004978241912     
   4.3824745633469036     
   4.3779076582060288     
   4.3732999062600086     
   4.3686514283443483     
   4.3639623423199492     
   4.3592327631194641     
   4.3544628027917671     
   4.3496525705446114     
   4.3448021727855455     
   4.3399117131611558     
   4.3349812925947004     
   4.3300110093222015     
   4.3250009589270366     
   4.3199512343731055     
   4.3148619260366070     
   4.3097331217364845     
   4.3045649067635816     
   4.2993573639085545     
   4.2941105734885809     
   4.2888246133729062     
   4.2834995590072653     
   4.2781354834372154     
   4.2727324573304086     
   4.2672905489978463     
   4.2618098244141338     
   4.2562903472367770     
   4.2507321788245402     
   4.2451353782548873     
   4.2395000023405451     
   4.2338261056452007     
   4.2281137404983520     
   4.2223629570093557     
   4.2165738030806610     
   4.2107463244202679     
   4.2048805645534264     
   4.1989765648335871     
   4.1930343644526307     
   4.1870540004503773     
   4.1810355077233989     
   4.1749789190331539     
   4.1688842650134434     
   4.1627515741772108     
   4.1565808729226958     
   4.1503721855389548     
   4.1441255342107484     
   4.1378409390228184     
   4.1315184179635596     
   4.1251579869280919     
   4.1187596597207392     
   4.1123234480569293     
   4.1058493615645224     
   4.0993374077845646     
   4.0927875921714794     
   4.0861999180927091     
   4.0795743868277965     
   4.0729109975669200     
   4.0662097474088936     
   4.0594706313586197     
   4.0526936423240087     
   4.0458787711123696     
   4.0390260064262646     
   4.0321353348588431     
   4.0252067408886454     
   4.0182402068738829     
   4.0112357130461955     
   4.0041932375038929     
   3.9971127562046616     
   3.9899942429577648     
   3.9828376694157113     
   3.9756430050654035     
   3.9684102172187665     
   3.9611392710028506     
   3.9538301293494054     
   3.9464827529839304     
   3.9390971004141924     
   3.9316731279182160     
   3.9242107895317297     
   3.9167100370350836     
   3.9091708199396176     
   3.9015930854734893     
   3.8939767785669490     
   3.8863218418370606     
   3.8786282155718634     
   3.8708958377139742     
   3.8631246438436118     
   3.8553145671610496     
   3.8474655384684908     
   3.8395774861513465     
   3.8316503361589276     
   3.8236840119845277     
   3.8156784346449006     
   3.8076335226591196     
   3.7995491920268054     
   3.7914253562057278     
   3.7832619260887554     
   3.7750588099801567     
   3.7668159135712376     
   3.7585331399153019     
   3.7502103894019339     
   3.7418475597305778     
   3.7334445458834171     
   3.7250012400975301     
   3.7165175318363173     
   3.7079933077601810     
   3.6994284516964480     
   3.6908228446085229     
   3.6821763645642527     
   3.6734888867034892     
   3.6647602832048363     
   3.6559904232515619     
   3.6471791729966614     
   3.6383263955270566     
   3.6294319508269064     
   3.6204956957400127     
   3.6115174839313067     
   3.6024971658473928     
   3.5934345886761228     
   3.5843295963051984     
   3.5751820292797549     
   3.5659917247589217     
   3.5567585164713256     
   3.5474822346695252     
   3.5381627060833321     
   3.5287997538720108     
   3.5193931975753205     
   3.5099428530633698     
   3.5004485324852639     
   3.4909100442165029     
   3.4813271928051104     
   3.4716997789164523     
   3.4620275992767189     
   3.4523104466150283     
   3.4425481096041191     
   3.4327403727995991     
   3.4228870165777048     
   3.4129878170715364     
   3.4030425461057208     
   3.3930509711294681     
   3.3830128551479710     
   3.3729279566521013     
   3.3627960295463568     
   3.3526168230750137     
   3.3423900817464189     
   3.3321155452553834     
   3.3217929484036137     
   3.3114220210181236     
   3.3010024878675681     
   3.2905340685764362     
   3.2800164775370346     
   3.2694494238192009     
   3.2588326110776702     
   3.2481657374570245     
   3.2374484954941463     
   3.2266805720181062     
   3.2158616480473867     
   3.2049913986843714     
   3.1940694930069968     
   3.1830955939574879     
   3.1720693582280668     
   3.1609904361435426     
   3.1498584715406692     
   3.1386731016441716     
   3.1274339569393095     
   3.1161406610408782     
   3.1047928305585040     
   3.0933900749581142     
   3.0819319964194394     
   3.0704181896894083     
   3.0588482419312841     
   3.0472217325693891     
   3.0355382331292522     
   3.0237973070730066     
   3.0119985096298665     
   3.0001413876214866     
   2.9882254792820175     
   2.9762503140726428     
   2.9642154124903954     
   2.9521202858710169     
   2.9399644361856287     
   2.9277473558309728     
   2.9154685274129521     
   2.9031274235232121     
   2.8907235065084631     
   2.8782562282322628     
   2.8657250298289259     
   2.8531293414492462     
   2.8404685819976740     
   2.8277421588605933     
   2.8149494676253104     
   2.8020898917893531     
   2.7891628024596637     
   2.7761675580412328     
   2.7631035039147158     
   2.7499699721025306     
   2.7367662809229274     
   2.7234917346314842     
   2.7101456230494532     
   2.6967272211783562     
   2.6832357888001930     
   2.6696705700625971     
   2.6560307930482274     
   2.6423156693276613     
   2.6285243934949958     
   2.6146561426853472     
   2.6007100760733657     
   2.5866853343518525     
   2.5725810391895196     
   2.5583962926668646     
   2.5441301766890865     
   2.5297817523749195     
   2.5153500594201716     
   2.5008341154347207     
   2.4862329152516347     
   2.4715454302070006     
   2.4567706073889997     
   2.4419073688546455     
   2.4269546108125524     
   2.4119112027699812     
   2.3967759866423339     
   2.3815477758231522     
   2.3662253542125833     
   2.3508074752021488     
   2.3352928606135439     
   2.3196801995890657     
   2.3039681474311449     
   2.2881553243882977     
   2.2722403143846983     
   2.2562216636903942     
   2.2400978795290474     
   2.2238674286198958     
   2.2075287356504809     
   2.1910801816764756     
   2.1745201024447796     
   2.1578467866358375     
   2.1410584740209275     
   2.1241533535299610     
   2.1071295612251055     
   2.0899851781753136     
   2.0727182282266066     
   2.0553266756627142     
   2.0378084227504267     
   2.0201613071637654     
   2.0023830992808196     
   1.9844714993468378     
   1.9664241344969229     
   1.9482385556314075     
   1.9299122341367700     
   1.9114425584446941     
   1.8928268304216846     
   1.8740622615814435     
   1.8551459691120600     
   1.8360749717099356     
   1.8168461852122950     
   1.7974564180201196     
   1.7779023663033935     
   1.7581806089807066     
   1.7382876024655212     
   1.7182196751718031     
   1.6979730217722808     
   1.6775436972033453     
   1.6569276104116022     
   1.6361205178383551     
   1.6151180166398982     
   1.5939155376435146     
   1.5725083380415366     
   1.5508914938288771     
   1.5290598919931366     
   1.5070082224708796     
   1.4847309698891011     
   1.4622224051174071     
   1.4394765766642563     
   1.4164873019599358     
   1.3932481585800784     
   1.3697524754767698     
   1.3459933243000122     
   1.3219635109109531     
   1.2976555672103367     
   1.2730617434316842     
   1.2481740010794613     
   1.2229840067286832     
   1.1974831269450179     
   1.1716624246344702     
   1.1455126571904037     
   1.1190242768743521     
   1.0921874339473445     
   1.0649919831621191     
   1.0374274943355697     
   1.0094832678473009     
  0.98114835605668138     
  0.95241159179990309     
  0.92326162532311473     
  0.89368697123067897     
  0.86367606728206869     
  0.83321734715999141     
  0.80229932965914985     
  0.77091072711277386     
  0.73904057628607756     
  0.70667839542629929     
  0.67381437167416247     
  0.64043958362244513     
  0.60654626447512572     
  0.57212811205780079     
  0.53718065294215822     
  0.50170166934529770     
  0.46569169959032919     
  0.42915462645160851     
  0.39209837402943143     
  0.35453574566942903     
  0.31648545835840075     
  0.27797347324885247     
  0.23903480200399807     
  0.19971607481317616     
  0.16007905522594382     
  0.12020366673853262     
   8.0182960333126121E-002
   4.0099497787226074E-002
   0.0000000000000000     
