   18.741863624548721     
   18.741078311268819     
   18.739914712751354     
   18.738459273458677     
   18.736757238584712     
   18.734837667532418     
   18.732721260724553     
   18.730423731388427     
   18.727957533388466     
   18.725332851365220     
   18.722558214656200     
   18.719640901005288     
   18.716587214449426     
   18.713402683722901     
   18.710092208223138     
   18.706660168118848     
   18.703110509190616     
   18.699446809404698     
   18.695672331986597     
   18.691790068323332     
   18.687802773071773     
   18.683712993204548     
   18.679523092276785     
   18.675235270879746     
   18.670851584018880     
   18.666373955986636     
   18.661804193176163     
   18.657143995188534     
   18.652394964515054     
   18.647558615021349     
   18.642636379417446     
   18.637629615864448     
   18.632539613841971     
   18.627367599379383     
   18.622114739736833     
   18.616782147608209     
   18.611370884906954     
   18.605881966186505     
   18.600316361739328     
   18.594675000412309     
   18.588958772171026     
   18.583168530440791     
   18.577305094248878     
   18.571369250188962     
   18.565361754226284     
   18.559283333359673     
   18.553134687154596     
   18.546916489159784     
   18.540629388218452     
   18.534274009683916     
   18.527850956548299     
   18.521360810492123     
   18.514804132861613     
   18.508181465580002     
   18.501493331998315     
   18.494740237690682     
   18.487922671198586     
   18.481041104728238     
   18.474095994804586     
   18.467087782885390     
   18.460016895938335     
   18.452883746983915     
   18.445688735606577     
   18.438432248436417     
   18.431114659603473     
   18.423736331166541     
   18.416297613518235     
   18.408798845767841     
   18.401240356103532     
   18.393622462135173     
   18.385945471219021     
   18.378209680765423     
   18.370415378530634     
   18.362562842893617     
   18.354652343118783     
   18.346684139605554     
   18.338658484125418     
   18.330575620047249     
   18.322435782551544     
   18.314239198834201     
   18.305986088300411     
   18.297676662749176     
   18.289311126548967     
   18.280889676805000     
   18.272412503518549     
   18.263879789738670     
   18.255291711706807     
   18.246648438994473     
   18.237950134634538     
   18.229196955246252     
   18.220389051154424     
   18.211526566502940     
   18.202609639362930     
   18.193638401835798     
   18.184612980151368     
   18.175533494761300     
   18.166400060428050     
   18.157212786309515     
   18.147971776039508     
   18.138677127804335     
   18.129328934415526     
   18.119927283378885     
   18.110472256960072     
   18.100963932246746     
   18.091402381207462     
   18.081787670747385     
   18.072119862761021     
   18.062399014181935     
   18.052625177029686     
   18.042798398453961     
   18.032918720776077     
   18.022986181527891     
   18.013000813488205     
   18.002962644716725     
   17.992871698585663     
   17.982727993809043     
   17.972531544469739     
   17.962282360044394     
   17.951980445426106     
   17.941625800945140     
   17.931218422387548     
   17.920758301011784     
   17.910245423563442     
   17.899679772288014     
   17.889061324941807     
   17.878390054801041     
   17.867665930669109     
   17.856888916882074     
   17.846058973312399     
   17.835176055370983     
   17.824240114007484     
   17.813251095708935     
   17.802208942496723     
   17.791113591921949     
   17.779964977059095     
   17.768763026498103     
   17.757507664334902     
   17.746198810160259     
   17.734836379047113     
   17.723420281536285     
   17.711950423620667     
   17.700426706727796     
   17.688849027700901     
   17.677217278778386     
   17.665531347571733     
   17.653791117041866     
   17.641996465473941     
   17.630147266450575     
   17.618243388823490     
   17.606284696683616     
   17.594271049329546     
   17.582202301234442     
   17.570078302011328     
   17.557898896376770     
   17.545663924112912     
   17.533373220027862     
   17.521026613914444     
   17.508623930507262     
   17.496164989438075     
   17.483649605189424     
   17.471077587046580     
   17.458448739047675     
   17.445762859932142     
   17.433019743087229     
   17.420219176492783     
   17.407360942664113     
   17.394444818593012     
   17.381470575686816     
   17.368437979705533     
   17.355346790696991     
   17.342196762929941     
   17.328987644825123     
   17.315719178884233     
   17.302391101616756     
   17.289003143464598     
   17.275555028724511     
   17.262046475468239     
   17.248477195460381     
   17.234846894073815     
   17.221155270202775     
   17.207402016173418     
   17.193586817651891     
   17.179709353549747     
   17.165769295926790     
   17.151766309891194     
   17.137700053496783     
   17.123570177637550     
   17.109376325939216     
   17.095118134647823     
   17.080795232515243     
   17.066407240681567     
   17.051953772554256     
   17.037434433684005     
   17.022848821637176     
   17.008196525864783     
   16.993477127567868     
   16.978690199559225     
   16.963835306121283     
   16.948912002860176     
   16.933919836555759     
   16.918858345007518     
   16.903727056876281     
   16.888525491521534     
   16.873253158834263     
   16.857909559065199     
   16.842494182648277     
   16.827006510019213     
   16.811446011429034     
   16.795812146752393     
   16.780104365290523     
   16.764322105568670     
   16.748464795127791     
   16.732531850310387     
   16.716522676040249     
   16.700436665595934     
   16.684273200377746     
   16.668031649668052     
   16.651711370384650     
   16.635311706827032     
   16.618831990415242     
   16.602271539421086     
   16.585629658691484     
   16.568905639363631     
   16.552098758571685     
   16.535208279144772     
   16.518233449295877     
   16.501173502301381     
   16.484027656170895     
   16.466795113307029     
   16.449475060154739     
   16.432066666839823     
   16.414569086796277     
   16.396981456381976     
   16.379302894482308     
   16.361532502101277     
   16.343669361939643     
   16.325712537959550     
   16.307661074935115     
   16.289513997988500     
   16.271270312110790     
   16.252929001667209     
   16.234489029885896     
   16.215949338329708     
   16.197308846350307     
   16.178566450523746     
   16.159721024066940     
   16.140771416234081     
   16.121716451692222     
   16.102554929875151     
   16.083285624314613     
   16.063907281947902     
   16.044418622400833     
   16.024818337244973     
   16.005105089228010     
   15.985277511476099     
   15.965334206666888     
   15.945273746171907     
   15.925094669166945     
   15.904795481708918     
   15.884374655777700     
   15.863830628281246     
   15.843161800022308     
   15.822366534624900     
   15.801443157418586     
   15.780389954278537     
   15.759205170419245     
   15.737887009139532     
   15.716433630516518     
   15.694843150045939     
   15.673113637226109     
   15.651243114082664     
   15.629229553631054     
   15.607070878273518     
   15.584764958127122     
   15.562309609279255     
   15.539702591966666     
   15.516941608673926     
   15.494024302147011     
   15.470948253317276     
   15.447710979130902     
   15.424309930278554     
   15.400742488819615     
   15.377005965695018     
   15.353097598122270     
   15.329014546865887     
   15.304753893375928     
   15.280312636786872     
   15.255687690768529     
   15.230875880220086     
   15.205873937797792     
   15.180678500266085     
   15.155286104661275     
   15.129693184256070     
   15.103896064312400     
   15.077890957609089     
   15.051673959729941     
   15.025241044096630     
   14.998588056729776     
   14.971710710720194     
   14.944604580390919     
   14.917265095129240     
   14.889687532866166     
   14.861867013179136     
   14.833798489991713     
   14.805476743842004     
   14.776896373689150     
   14.748051788224792     
   14.718937196653604     
   14.689546598903993     
   14.659873775226822     
   14.629912275136290     
   14.599655405643212     
   14.569096218726562     
   14.538227497984350     
   14.507041744399586     
   14.475531161151338     
   14.443687637394396     
   14.411502730924031     
   14.378967649634449     
   14.346073231670868     
   14.312809924165609     
   14.279167760437781     
   14.245136335524389     
   14.210704779897457     
   14.175861731207078     
   14.140595303873905     
   14.104893056336225     
   14.068741955736366     
   14.032128339808150     
   13.995037875701343     
   13.957455515450164     
   13.919365447760244     
   13.880751045751749     
   13.841594810254815     
   13.801878308206572     
   13.761582105645749     
   13.720685694740471     
   13.679167414216160     
   13.637004362472055     
   13.594172302585443     
   13.550645558300348     
   13.506396899979919     
   13.461397419366955     
   13.415616391841453     
   13.369021124684659     
   13.321576789651433     
   13.273246237911753     
   13.223989795141899     
   13.173765034219072     
   13.122526522591007     
   13.070225540943895     
   13.016809769264967     
   12.962222935774291     
   12.906404423464741     
   12.849288828115789     
   12.790805460606695     
   12.730877785111652     
   12.669422783268365     
   12.606350232616620     
   12.541561885433836     
   12.474950531462213     
   12.406398924814239     
   12.335778551417835     
   12.262948208536372     
   12.187752361938339     
   12.110019238893576     
   12.029558605944395     
   11.946159168826718     
   11.859585517323183     
   11.769574519323250     
   11.675831044756109     
   11.578022869758090     
   11.475774572290835     
   11.368660179527238     
   11.256194260691879     
   11.137821071216022     
   11.012901237489592     
   10.880695315665822     
   10.740343348250448     
   10.590839258098280     
   10.430998532303990     
   10.259417118488747     
   10.074418728543694     
   9.8739867473286544     
   9.6556755854355707     
   9.4164944990499624     
   9.1527545699218233     
   8.8598668210387519     
   8.5320770437195250     
   8.1621231728944856     
   7.7408107394073591     
   7.2565394470599420     
   6.6949270817919215     
   6.0389813654066886     
   5.2709931962211529     
   4.3785817858960439     
   3.3671699290489925     
   2.2710729354160564     
   1.1387503917071560     
   0.0000000000000000     
