   20.273314144244114     
   20.272599637524110     
   20.271554962127155     
   20.270257087992437     
   20.268745833788088     
   20.267046628766671     
   20.265177525158066     
   20.263152194116511     
   20.260981452738715     
   20.258674135796614     
   20.256237634694880     
   20.253678251090676     
   20.251001439861927     
   20.248211982322101     
   20.245314113494480     
   20.242311618017943     
   20.239207903976141     
   20.236006060784113     
   20.232708905303564     
   20.229319019096856     
   20.225838778896062     
   20.222270381797870     
   20.218615866303271     
   20.214877130043870     
   20.211055944836939     
   20.207153969565610     
   20.203172761272231     
   20.199113784771491     
   20.194978421027972     
   20.190767974495053     
   20.186483679575126     
   20.182126706331807     
   20.177698165561939     
   20.173199113316734     
   20.168630554946603     
   20.163993448732228     
   20.159288709154751     
   20.154517209849789     
   20.149679786283514     
   20.144777238183398     
   20.139810331751843     
   20.134779801686840     
   20.129686353030710     
   20.124530662865290     
   20.119313381869400     
   20.114035135752648     
   20.108696526577809     
   20.103298133982644     
   20.097840516310658     
   20.092324211659282     
   20.086749738853054     
   20.081117598348374     
   20.075428273075946     
   20.069682229226185     
   20.063879916982387     
   20.058021771205983     
   20.052108212077801     
   20.046139645698723     
   20.040116464653057     
   20.034039048537323     
   20.027907764457222     
   20.021722967495013     
   20.015485001149511     
   20.009194197750663     
   20.002850878850484     
   19.996455355591991     
   19.990007929057640     
   19.983508890598610     
   19.976958522146223     
   19.970357096506671     
   19.963704877640073     
   19.957002120924866     
   19.950249073408482     
   19.943445974045041     
   19.936593053920959     
   19.929690536469089     
   19.922738637672115     
   19.915737566255789     
   19.908687523872601     
   19.901588705276382     
   19.894441298488385     
   19.887245484955251     
   19.880001439699317     
   19.872709331461635     
   19.865369322838156     
   19.857981570409301     
   19.850546224863351     
   19.843063431113897     
   19.835533328411678     
   19.827956050451032     
   19.820331725471242     
   19.812660476352978     
   19.804942420710109     
   19.797177670976982     
   19.789366334491529     
   19.781508513574202     
   19.773604305603030     
   19.765653803084916     
   19.757657093723310     
   19.749614260482424     
   19.741525381648128     
   19.733390530885590     
   19.725209777293884     
   19.716983185457554     
   19.708710815495365     
   19.700392723106201     
   19.692028959612344     
   19.683619572000097     
   19.675164602957938     
   19.666664090912167     
   19.658118070060237     
   19.649526570401758     
   19.640889617767243     
   19.632207233844717     
   19.623479436204153     
   19.614706238319876     
   19.605887649590887     
   19.597023675359292     
   19.588114316926720     
   19.579159571568876     
   19.570159432548248     
   19.561113889124957     
   19.552022926565844     
   19.542886526151779     
   19.533704665183244     
   19.524477316984203     
   19.515204450904278     
   19.505886032319239     
   19.496522022629911     
   19.487112379259358     
   19.477657055648528     
   19.468156001250254     
   19.458609161521643     
   19.449016477914931     
   19.439377887866712     
   19.429693324785632     
   19.419962718038494     
   19.410185992934785     
   19.400363070709698     
   19.390493868505512     
   19.380578299351445     
   19.370616272141952     
   19.360607691613403     
   19.350552458319221     
   19.340450468603407     
   19.330301614572459     
   19.320105784065696     
   19.309862860623934     
   19.299572723456553     
   19.289235247406896     
   19.278850302915988     
   19.268417755984558     
   19.257937468133381     
   19.247409296361873     
   19.236833093104895     
   19.226208706187826     
   19.215535978779815     
   19.204814749345175     
   19.194044851592931     
   19.183226114424460     
   19.172358361879223     
   19.161441413078489     
   19.150475082167098     
   19.139459178253162     
   19.128393505345684     
   19.117277862290052     
   19.106112042701376     
   19.094895834895599     
   19.083629021818354     
   19.072311380971477     
   19.060942684337189     
   19.049522698299846     
   19.038051183565187     
   19.026527895077077     
   19.014952581931595     
   19.003324987288515     
   18.991644848280021     
   18.979911895916619     
   18.968125854990141     
   18.956286443973852     
   18.944393374919485     
   18.932446353351146     
   18.920445078156067     
   18.908389241472015     
   18.896278528571330     
   18.884112617741508     
   18.871891180162180     
   18.859613879778411     
   18.847280373170204     
   18.834890309418100     
   18.822443329964763     
   18.809939068472424     
   18.797377150676027     
   18.784757194232032     
   18.772078808562640     
   18.759341594695336     
   18.746545145097627     
   18.733689043506828     
   18.720772864754640     
   18.707796174586498     
   18.694758529475429     
   18.681659476430223     
   18.668498552797818     
   18.655275286059620     
   18.641989193621605     
   18.628639782597965     
   18.615226549588130     
   18.601748980446875     
   18.588206550047328     
   18.574598722036580     
   18.560924948583700     
   18.547184670119883     
   18.533377315070368     
   18.519502299577955     
   18.505559027217757     
   18.491546888702874     
   18.477465261580690     
   18.463313509919399     
   18.449090983984465     
   18.434797019904629     
   18.420430939327030     
   18.405992049061119     
   18.391479640710848     
   18.376892990294809     
   18.362231357853727     
   18.347493987044945     
   18.332680104723387     
   18.317788920508377     
   18.302819626335864     
   18.287771395995492     
   18.272643384651804     
   18.257434728349111     
   18.242144543499244     
   18.226771926351553     
   18.211315952444469     
   18.195775676037830     
   18.180150129525199     
   18.164438322825387     
   18.148639242752267     
   18.132751852362013     
   18.116775090276814     
   18.100707869984056     
   18.084549079109969     
   18.068297578666577     
   18.051952202270886     
   18.035511755335065     
   18.018975014226353     
   18.002340725395403     
   17.985607604471610     
   17.968774335324010     
   17.951839569086221     
   17.934801923143709     
   17.917659980081808     
   17.900412286592598     
   17.883057352338795     
   17.865593648772656     
   17.848019607907801     
   17.830333621041763     
   17.812534037426868     
   17.794619162887077     
   17.776587258378122     
   17.758436538488272     
   17.740165169876747     
   17.721771269646791     
   17.703252903650164     
   17.684608084719606     
   17.665834770825725     
   17.646930863154420     
   17.627894204100848     
   17.608722575175612     
   17.589413694818642     
   17.569965216115989     
   17.550374724414382     
   17.530639734828174     
   17.510757689632886     
   17.490725955539304     
   17.470541820841600     
   17.450202492432599     
   17.429705092678873     
   17.409046656147822     
   17.388224126178553     
   17.367234351287504     
   17.346074081399632     
   17.324739963894920     
   17.303228539459592     
   17.281536237730538     
   17.259659372720755     
   17.237594138012721     
   17.215336601705744     
   17.192882701102317     
   17.170228237117531     
   17.147368868394324     
   17.124300105106276     
   17.101017302428200     
   17.077515653653361     
   17.053790182934669     
   17.029835737625358     
   17.005646980192974     
   16.981218379678349     
   16.956544202669182     
   16.931618503755406     
   16.906435115430988     
   16.880987637403983     
   16.855269425273622     
   16.829273578529826     
   16.802992927826967     
   16.776420021479655     
   16.749547111123960     
   16.722366136482698     
   16.694868709168251     
   16.667046095450452     
   16.638889197910959     
   16.610388535898394     
   16.581534224690994     
   16.552315953265083     
   16.522722960558159     
   16.492744010105476     
   16.462367362917270     
   16.431580748451371     
   16.400371333522020     
   16.368725688970049     
   16.336629753902589     
   16.304068797291205     
   16.271027376696054     
   16.237489293859902     
   16.203437546889308     
   16.168854278710519     
   16.133720721454395     
   16.098017136387334     
   16.061722748963295     
   16.024815678524817     
   15.987272862127814     
   15.949069971904889     
   15.910181325314214     
   15.870579787544125     
   15.830236665256546     
   15.789121590753325     
   15.747202395536890     
   15.704444972108107     
   15.660813122697219     
   15.616268393455638     
   15.570769892443158     
   15.524274089523345     
   15.476734596023920     
   15.428101921723563     
   15.378323206384566     
   15.327341922653968     
   15.275097546694184     
   15.221525192366087     
   15.166555204158241     
   15.110112703318677     
   15.052117080778949     
   14.992481429438714     
   14.931111907171886     
   14.867907020484170     
   14.802756817049930     
   14.735541973326482     
   14.666132761014735     
   14.594387873218764     
   14.520153087643680     
   14.443259739924414     
   14.363522975026363     
   14.280739738387046     
   14.194686460804727     
   14.105116381682254     
   14.011756443667215     
   13.914303677440230     
   13.812420977688099     
   13.705732149260824     
   13.593816075008748     
   13.476199822374612     
   13.352350462634863     
   13.221665322431253     
   13.083460319040002     
   12.936955945217242     
   12.781260362395804     
   12.615348928140689     
   12.438039321173333     
   12.247961233168464     
   12.043519375007151     
   11.822848313953370     
   11.583757464355164     
   11.323664505661489     
   11.039515827824532     
   10.727693777262449     
   10.383913434941721     
   10.003118210108534     
   9.5793970046287331     
   9.1059717075577815     
   8.5753501001245169     
   7.9798108288621208     
   7.3124648619180999     
   6.5691229332567946     
   5.7508429327513095     
   4.8660862567860139     
   3.9304245399919284     
   2.9626042191168502     
   1.9789741123582973     
  0.98995207563399723     
   0.0000000000000000     
