   19.589484224190368     
   19.588690603302695     
   19.587536342479385     
   19.586104818259358     
   19.584439362674690     
   19.582567714340790     
   19.580509593766276     
   19.578279950417709     
   19.575890621378743     
   19.573351279749460     
   19.570670021721217     
   19.567853752140390     
   19.564908449633897     
   19.561839355743949     
   19.558651113976879     
   19.555347874631241     
   19.551933375528662     
   19.548411005334650     
   19.544783854019045     
   19.541054753631894     
   19.537226311661367     
   19.533300938623839     
   19.529280871108593     
   19.525168191196986     
   19.520964842958197     
   19.516672646564228     
   19.512293310448566     
   19.507828441843920     
   19.503279555966692     
   19.498648084063785     
   19.493935380496644     
   19.489142729005835     
   19.484271348273978     
   19.479322396884992     
   19.474296977761270     
   19.469196142147307     
   19.464020893197652     
   19.458772189218259     
   19.453450946603041     
   19.448058042501490     
   19.442594317248041     
   19.437060576579956     
   19.431457593666590     
   19.425786110970172     
   19.420046841955592     
   19.414240472664510     
   19.408367663167240     
   19.402429048904253     
   19.396425241927851     
   19.390356832053193     
   19.384224387927002     
   19.378028458021273     
   19.371769571558541     
   19.365448239374569     
   19.359064954723735     
   19.352620194031836     
   19.346114417600585     
   19.339548070267597     
   19.332921582025396     
   19.326235368602575     
   19.319489832009886     
   19.312685361054001     
   19.305822331821155     
   19.298901108132902     
   19.291922041975955     
   19.284885473907824     
   19.277791733440058     
   19.270641139400389     
   19.263434000275343     
   19.256170614534469     
   19.248851270937433     
   19.241476248825045     
   19.234045818395170     
   19.226560240964474     
   19.219019769216864     
   19.211424647439419     
   19.203775111746474     
   19.196071390292627     
   19.188313703475238     
   19.180502264127014     
   19.172637277699234     
   19.164718942436092     
   19.156747449540688     
   19.148722983333041     
   19.140645721400560     
   19.132515834741376     
   19.124333487900856     
   19.116098839101660     
   19.107812040367637     
   19.099473237641870     
   19.091082570899143     
   19.082640174253051     
   19.074146176058068     
   19.065600699006719     
   19.057003860222135     
   19.048355771346117     
   19.039656538623014     
   19.030906262979467     
   19.022105040100250     
   19.013252960500370     
   19.004350109593553     
   18.995396567757233     
   18.986392410394238     
   18.977337707991243     
   18.968232526174152     
   18.959076925760435     
   18.949870962808625     
   18.940614688665008     
   18.931308150007617     
   18.921951388887642     
   18.912544442768262     
   18.903087344561065     
   18.893580122660076     
   18.884022800973479     
   18.874415398953094     
   18.864757931621654     
   18.855050409597975     
   18.845292839120045     
   18.835485222066083     
   18.825627555973639     
   18.815719834056729     
   18.805762045221122     
   18.795754174077736     
   18.785696200954259     
   18.775588101904976     
   18.765429848718817     
   18.755221408925738     
   18.744962745801374     
   18.734653818370042     
   18.724294581406095     
   18.713884985433673     
   18.703424976724829     
   18.692914497296083     
   18.682353484903402     
   18.671741873035653     
   18.661079590906478     
   18.650366563444685     
   18.639602711283064     
   18.628787950745757     
   18.617922193834076     
   18.607005348210851     
   18.596037317183264     
   18.585017999684215     
   18.573947290252178     
   18.562825079009567     
   18.551651251639647     
   18.540425689361896     
   18.529148268905921     
   18.517818862483821     
   18.506437337761099     
   18.495003557826013     
   18.483517381157416     
   18.471978661591066     
   18.460387248284377     
   18.448742985679623     
   18.437045713465562     
   18.425295266537479     
   18.413491474955627     
   18.401634163902042     
   18.389723153635693     
   18.377758259446011     
   18.365739291604722     
   18.353666055315980     
   18.341538350664749     
   18.329355972563448     
   18.317118710696835     
   18.304826349465053     
   18.292478667924843     
   18.280075439728904     
   18.267616433063328     
   18.255101410583134     
   18.242530129345795     
   18.229902340742790     
   18.217217790429082     
   18.204476218250534     
   18.191677358169173     
   18.178820938186309     
   18.165906680263422     
   18.152934300240783     
   18.139903507753779     
   18.126814006146837     
   18.113665492384978     
   18.100457656962885     
   18.087190183811394     
   18.073862750201478     
   18.060475026645513     
   18.047026676795873     
   18.033517357340703     
   18.019946717896886     
   18.006314400900077     
   17.992620041491726     
   17.978863267403032     
   17.965043698835778     
   17.951160948339879     
   17.937214620687669     
   17.923204312744737     
   17.909129613337292     
   17.894990103115898     
   17.880785354415568     
   17.866514931111997     
   17.852178388473970     
   17.837775273011665     
   17.823305122320914     
   17.808767464923168     
   17.794161820101102     
   17.779487697729735     
   17.764744598102901     
   17.749932011754982     
   17.735049419277683     
   17.720096291131810     
   17.705072087453800     
   17.689976257856877     
   17.674808241226692     
   17.659567465511234     
   17.644253347504865     
   17.628865292626287     
   17.613402694690230     
   17.597864935672696     
   17.582251385469490     
   17.566561401647899     
   17.550794329191234     
   17.534949500236035     
   17.519026233801686     
   17.503023835512163     
   17.486941597309681     
   17.470778797159980     
   17.454534698748915     
   17.438208551170089     
   17.421799588603228     
   17.405307029982922     
   17.388730078657460     
   17.372067922037406     
   17.355319731233468     
   17.338484660683399     
   17.321561847767427     
   17.304550412411896     
   17.287449456680580     
   17.270258064353367     
   17.252975300491652     
   17.235600210990132     
   17.218131822114358     
   17.200569140023610     
   17.182911150278439     
   17.165156817332356     
   17.147305084007034     
   17.129354870950415     
   17.111305076076970     
   17.093154573989505     
   17.074902215381719     
   17.056546826420774     
   17.038087208109047     
   17.019522135624253     
   17.000850357637006     
   16.982070595604927     
   16.963181543042342     
   16.944181864764467     
   16.925070196105082     
   16.905845142106546     
   16.886505276680936     
   16.867049141741102     
   16.847475246300306     
   16.827782065539068     
   16.807968039837757     
   16.788031573773416     
   16.767971035079203     
   16.747784753564709     
   16.727471019995420     
   16.707028084929430     
   16.686454157509338     
   16.665747404207274     
   16.644905947520865     
   16.623927864617691     
   16.602811185925809     
   16.581553893667710     
   16.560153920334894     
   16.538609147100079     
   16.516917402164008     
   16.495076459033442     
   16.473084034726853     
   16.450937787904046     
   16.428635316915791     
   16.406174157769190     
   16.383551782004290     
   16.360765594477176     
   16.337812931044468     
   16.314691056143729     
   16.291397160264061     
   16.267928357300693     
   16.244281681786962     
   16.220454085996639     
   16.196442436909095     
   16.172243513029212     
   16.147854001053449     
   16.123270492372772     
   16.098489479402591     
   16.073507351729020     
   16.048320392060081     
   16.022924771969532     
   15.997316547420132     
   15.971491654052191     
   15.945445902221978     
   15.919174971773598     
   15.892674406526456     
   15.865939608459120     
   15.838965831568757     
   15.811748175383686     
   15.784281578104704     
   15.756560809348764     
   15.728580462466413     
   15.700334946401926     
   15.671818477062333     
   15.643025068158655     
   15.613948521479342     
   15.584582416552321     
   15.554920099648138     
   15.524954672072266     
   15.494678977689809     
   15.464085589620549     
   15.433166796036252     
   15.401914584985692     
   15.370320628165429     
   15.338376263546367     
   15.306072476757050     
   15.273399881114587     
   15.240348696182846     
   15.206908724725052     
   15.173069327903859     
   15.138819398566268     
   15.104147332433014     
   15.069040996992374     
   15.033487697875902     
   14.997474142468478     
   14.960986400476697     
   14.924009861147452     
   14.886529186792258     
   14.848528262231541     
   14.809990139726237     
   14.770896978910587     
   14.731229981179069     
   14.690969317910680     
   14.650094051833932     
   14.608582050744182     
   14.566409892679422     
   14.523552761538946     
   14.479984331988510     
   14.435676642332604     
   14.390599953844937     
   14.344722594827354     
   14.298010787409659     
   14.250428454800536     
   14.201937006344764     
   14.152495097323470     
   14.102058359939399     
   14.050579101342176     
   13.998005963849883     
   13.944283541688426     
   13.889351947569285     
   13.833146321221118     
   13.775596270534214     
   13.716625234208790     
   13.656149752642612     
   13.594078631153216     
   13.530311976380608     
   13.464740082696842     
   13.397242140450578     
   13.327684731624490     
   13.255920070622471     
   13.181783937955755     
   13.105093241927658     
   13.025643127171188     
   12.943203527913576     
   12.857515036542514     
   12.768283922242663     
   12.675176087110168     
   12.577809683946523     
   12.475746034777631     
   12.368478373257556     
   12.255417774714621     
   12.135875415832738     
   12.009039993678602     
   11.873948688337279     
   11.729449409251554     
   11.574151120164201     
   11.406357629124779     
   11.223978097000421     
   11.024404232565233     
   10.804338994052845     
   10.559553411981684     
   10.284534868546761     
   9.9719684361174998     
   9.6119572729561735     
   9.1908310989134758     
   8.6893086866472391     
   8.0796987549057722     
   7.3219477831857693     
   6.3596985355128659     
   5.1244088269855030     
   3.5780472421810652     
   1.8142839094976200     
   0.0000000000000000     
