   67.304196484546736     
   67.303117623637490     
   67.301651478829925     
   67.299888042839783     
   67.297873906348002     
   67.295638851457298     
   67.293204035672602     
   67.290585490399749     
   67.287795905397161     
   67.284845648147609     
   67.281743394459966     
   67.278496542425287     
   67.275111496964414     
   67.271593872761215     
   67.267948643422429     
   67.264180253907512     
   67.260292707100561     
   67.256289631703609     
   67.252174336334775     
   67.247949853239547     
   67.243618974046910     
   67.239184279340833     
   67.234648163358173     
   67.230012854799753     
   67.225280434507539     
   67.220452850589737     
   67.215531931448908     
   67.210519397072886     
   67.205416868875218     
   67.200225878316360     
   67.194947874493238     
   67.189584230850457     
   67.184136251139776     
   67.178605174732724     
   67.172992181373658     
   67.167298395446963     
   67.161524889820342     
   67.155672689316603     
   67.149742773859060     
   67.143736081328626     
   67.137653510165805     
   67.131495921745937     
   67.125264142552581     
   67.118958966170212     
   67.112581155115265     
   67.106131442521857     
   67.099610533696350     
   67.093019107554014     
   67.086357817948468     
   67.079627294904157     
   67.072828145760454     
   67.065960956235813     
   67.059026291418178     
   67.052024696688520     
   67.044956698583164     
   67.037822805599447     
   67.030623508949915     
   67.023359283268704     
   67.016030587274074     
   67.008637864390309     
   67.001181543332152     
   66.993662038654563     
   66.986079751270253     
   66.978435068937216     
   66.970728366718646     
   66.962960007416896     
   66.955130341983278     
   66.947239709905503     
   66.939288439574042     
   66.931276848628784     
   66.923205244287502     
   66.915073923656777     
   66.906883174027016     
   66.898633273152242     
   66.890324489515521     
   66.881957082580996     
   66.873531303033289     
   66.865047393004986     
   66.856505586292883     
   66.847906108563564     
   66.839249177548965     
   66.830535003232413     
   66.821763788025677     
   66.812935726937496     
   66.804051007734031     
   66.795109811091578     
   66.786112310742070     
   66.777058673611492     
   66.767949059951945     
   66.758783623467053     
   66.749562511431748     
   66.740285864806040     
   66.730953818343522     
   66.721566500694493     
   66.712124034504242     
   66.702626536506472     
   66.693074117611985     
   66.683466882993272     
   66.673804932164714     
   66.664088359058766     
   66.654317252098252     
   66.644491694264900     
   66.634611763164273     
   66.624677531087286     
   66.614689065068262     
   66.604646426939922     
   66.594549673385131     
   66.584398855985555     
   66.574194021267616     
   66.563935210745399     
   66.553622460960938     
   66.543255803521902     
   66.532835265136399     
   66.522360867645631     
   66.511832628053909     
   66.501250558556237     
   66.490614666563772     
   66.479924954726741     
   66.469181420955437     
   66.458384058438781     
   66.447532855660967     
   66.436627796415905     
   66.425668859819737     
   66.414656020321189     
   66.403589247710102     
   66.392468507123937     
   66.381293759052497     
   66.370064959340567     
   66.358782059188911     
   66.347445005153318     
   66.336053739141875     
   66.324608198410417     
   66.313108315556192     
   66.301554018509833     
   66.289945230525518     
   66.278281870169394     
   66.266563851306316     
   66.254791083084811     
   66.242963469920284     
   66.231080911476667     
   66.219143302646145     
   66.207150533527326     
   66.195102489401592     
   66.182999050707807     
   66.170840093015272     
   66.158625486994893     
   66.146355098388753     
   66.134028787977712     
   66.121646411547488     
   66.109207819852770     
   66.096712858579693     
   66.084161368306397     
   66.071553184461806     
   66.058888137282580     
   66.046166051768168     
   66.033386747634012     
   66.020550039262844     
   66.007655735653984     
   65.994703640370801     
   65.981693551486032     
   65.968625261525162     
   65.955498557407765     
   65.942313220386694     
   65.929069025985228     
   65.915765743931885     
   65.902403138093291     
   65.888980966404489     
   65.875498980797246     
   65.861956927125803     
   65.848354545090331     
   65.834691568158007     
   65.820967723481417     
   65.807182731814549     
   65.793336307426173     
   65.779428158010518     
   65.765457984595116     
   65.751425481446020     
   65.737330335970128     
   65.723172228614416     
   65.708950832762341     
   65.694665814626958     
   65.680316833141092     
   65.665903539844010     
   65.651425578764986     
   65.636882586303187     
   65.622274191104268     
   65.607600013933066     
   65.592859667542783     
   65.578052756540302     
   65.563178877247381     
   65.548237617557916     
   65.533228556791073     
   65.518151265539913     
   65.503005305515728     
   65.487790229387699     
   65.472505580617920     
   65.457150893291498     
   65.441725691941613     
   65.426229491369469     
   65.410661796458768     
   65.395022101984821     
   65.379309892417879     
   65.363524641720517     
   65.347665813139074     
   65.331732858988701     
   65.315725220432014     
   65.299642327250936     
   65.283483597611649     
   65.267248437822346     
   65.250936242083611     
   65.234546392231081     
   65.218078257470097     
   65.201531194102230     
   65.184904545243157     
   65.168197640531858     
   65.151409795830475     
   65.134540312914950     
   65.117588479155444     
   65.100553567186964     
   65.083434834569246     
   65.066231523435562     
   65.048942860130353     
   65.031568054835034     
   65.014106301181371     
   64.996556775852312     
   64.978918638169532     
   64.961191029667305     
   64.943373073652026     
   64.925463874747024     
   64.907462518421852     
   64.889368070505668     
   64.871179576683858     
   64.852896061977390     
   64.834516530204098     
   64.816039963421218     
   64.797465321348298     
   64.778791540769888     
   64.760017534916898     
   64.741142192825919     
   64.722164378675515     
   64.703082931098507     
   64.683896662469223     
   64.664604358164638     
   64.645204775798234     
   64.625696644425517     
   64.606078663719799     
   64.586349503116978     
   64.566507800928008     
   64.546552163417473     
   64.526481163846867     
   64.506293341480884     
   64.485987200555130     
   64.465561209203344     
   64.445013798342373     
   64.424343360512879     
   64.403548248673658     
   64.382626774947454     
   64.361577209315868     
   64.340397778261021     
   64.319086663351356     
   64.297641999768729     
   64.276061874774129     
   64.254344326108892     
   64.232487340328035     
   64.210488851062721     
   64.188346737207780     
   64.166058821030887     
   64.143622866198996     
   64.121036575718136     
   64.098297589781808     
   64.075403483523203     
   64.052351764666312     
   64.029139871070271     
   64.005765168161460     
   63.982224946247250     
   63.958516417704637     
   63.934636714037218     
   63.910582882793122     
   63.886351884335902     
   63.861940588460413     
   63.837345770844522     
   63.812564109327525     
   63.787592180004943     
   63.762426453129287     
   63.737063288804983     
   63.711498932465581     
   63.685729510119863     
   63.659751023353195     
   63.633559344068779     
   63.607150208953108     
   63.580519213648245     
   63.553661806612624     
   63.526573282650439     
   63.499248776088606     
   63.471683253578476     
   63.443871506497487     
   63.415808142924824     
   63.387487579162283     
   63.358904030770049     
   63.330051503084178     
   63.300923781180188     
   63.271514419244490     
   63.241816729311815     
   63.211823769323765     
   63.181528330459983     
   63.150922923688917     
   63.119999765481090     
   63.088750762622865     
   63.057167496063002     
   63.025241203718942     
   62.992962762162620     
   62.960322667099263     
   62.927311012543797     
   62.893917468591617     
   62.860131257670446     
   62.825941129149413     
   62.791335332169723     
   62.756301586548446     
   62.720827051591925     
   62.684898292639630     
   62.648501245141347     
   62.611621176050043     
   62.574242642290869     
   62.536349446041655     
   62.497924586532100     
   62.458950208037542     
   62.419407543707941     
   62.379276854832874     
   62.338537365098958     
   62.297167189345039     
   62.255143256264105     
   62.212441224435672     
   62.169035390999227     
   62.124898592195962     
   62.080002094910760     
   62.034315478238284     
   61.987806503972415     
   61.940440974776592     
   61.892182578628862     
   61.842992717947482     
   61.792830321585654     
   61.741651637633019     
   61.689410004669995     
   61.636055598782299     
   61.581535153248169     
   61.525791647348861     
   61.468763960211419     
   61.410386484955886     
   61.350588697667717     
   61.289294674826685     
   61.226422551767435     
   61.161883913487877     
   61.095583107616264     
   61.027416467539716     
   60.957271431517817     
   60.885025540967320     
   60.810545297897171     
   60.733684857557115     
   60.654284527558495     
   60.572169038800475     
   60.487145546191435     
   60.399001308001615     
   60.307500981208953     
   60.212383455729537     
   60.113358132056888     
   60.010100523363683     
   59.902247032912832     
   59.789388718453068     
   59.671063804068105     
   59.546748632438998     
   59.415846660663867     
   59.277674982130016     
   59.131447693184242     
   58.976255198638640     
   58.811038238120744     
   58.634554976470007     
   58.445338875811771     
   58.241644161916611     
   58.021374367223189     
   57.781987443914772     
   57.520367910856599     
   57.232651790177876     
   56.913982612627009     
   56.558164616500640     
   56.157159004298450     
   55.700334435205392     
   55.173321876681605     
   54.556213436355208     
   53.820639628091818     
   52.924871666662760     
   51.805363460521420     
   50.361841225705703     
   48.431216831783843     
   45.745833152073736     
   41.888526019455284     
   36.334701151661491     
   28.789480204809788     
   19.680968566442154     
   9.8981257854610263     
   0.0000000000000000     
