   23.031529967561298     
   23.030710960356821     
   23.029511958737938     
   23.028026579268701     
   23.026300675352843     
   23.024363143114929     
   23.022234384132933     
   23.019929804737576     
   23.017461573685587     
   23.014839617688786     
   23.012072234006183     
   23.009166491154136     
   23.006128503661877     
   23.002963627662858     
   22.999676604458937     
   22.996271668616135     
   22.992752631128038     
   22.989122944590974     
   22.985385755106929     
   22.981543944201071     
   22.977600163097062     
   22.973556861054096     
   22.969416309026961     
   22.965180619597472     
   22.960851763900639     
   22.956431586104362     
   22.951921815879480     
   22.947324079205174     
   22.942639907785050     
   22.937870747295413     
   22.933017964645611     
   22.928082854397509     
   22.923066644465269     
   22.917970501195889     
   22.912795533914352     
   22.907542799003725     
   22.902213303579575     
   22.896808008809067     
   22.891327832917629     
   22.885773653919944     
   22.880146312106845     
   22.874446612315364     
   22.868675326005597     
   22.862833193164899     
   22.856920924057373     
   22.850939200834350     
   22.844888679019650     
   22.838769988881793     
   22.832583736703882     
   22.826330505960705     
   22.820010858411464     
   22.813625335115706     
   22.807174457379137     
   22.800658727635351     
   22.794078630268864     
   22.787434632384290     
   22.780727184526025     
   22.773956721352373     
   22.767123662267679     
   22.760228412015667     
   22.753271361236948     
   22.746252886993290     
   22.739173353261137     
   22.732033111396518     
   22.724832500573410     
   22.717571848197338     
   22.710251470295958     
   22.702871671888104     
   22.695432747332774     
   22.687934980659300     
   22.680378645879955     
   22.672764007286073     
   22.665091319728692     
   22.657360828884691     
   22.649572771509263     
   22.641727375675558     
   22.633824861002203     
   22.625865438869443     
   22.617849312624489     
   22.609776677776722     
   22.601647722183266     
   22.593462626225485     
   22.585221562976844     
   22.576924698362628     
   22.568572191311898     
   22.560164193902100     
   22.551700851496683     
   22.543182302876069     
   22.534608680362304     
   22.525980109937660     
   22.517296711357517     
   22.508558598257732     
   22.499765878256799     
   22.490918653052972     
   22.482017018516636     
   22.473061064778047     
   22.464050876310722     
   22.454986532010590     
   22.445868105271110     
   22.436695664054504     
   22.427469270959257     
   22.418188983284022     
   22.408854853088066     
   22.399466927248394     
   22.390025247513641     
   22.380529850554868     
   22.370980768013368     
   22.361378026545548     
   22.351721647865030     
   22.342011648782012     
   22.332248041240007     
   22.322430832350005     
   22.312560024422169     
   22.302635614995101     
   22.292657596862753     
   22.282625958099054     
   22.272540682080301     
   22.262401747505368     
   22.252209128413778     
   22.241962794201704     
   22.231662709635923     
   22.221308834865777     
   22.210901125433161     
   22.200439532280615     
   22.189924001757504     
   22.179354475624336     
   22.168730891055276     
   22.158053180638831     
   22.147321272376765     
   22.136535089681256     
   22.125694551370323     
   22.114799571661525     
   22.103850060163957     
   22.092845921868573     
   22.081787057136822     
   22.070673361687611     
   22.059504726582649     
   22.048281038210103     
   22.037002178266647     
   22.025668023737861     
   22.014278446876993     
   22.002833315182112     
   21.991332491371608     
   21.979775833358079     
   21.968163194220576     
   21.956494422175211     
   21.944769360544129     
   21.932987847722821     
   21.921149717145791     
   21.909254797250547     
   21.897302911439919     
   21.885293878042688     
   21.873227510272503     
   21.861103616185098     
   21.848921998633756     
   21.836682455223034     
   21.824384778260711     
   21.812028754707942     
   21.799614166127611     
   21.787140788630840     
   21.774608392821634     
   21.762016743739647     
   21.749365600801031     
   21.736654717737348     
   21.723883842532491     
   21.711052717357621     
   21.698161078504064     
   21.685208656314114     
   21.672195175109742     
   21.659120353119164     
   21.645983902401198     
   21.632785528767407     
   21.619524931701957     
   21.606201804279173     
   21.592815833078706     
   21.579366698098301     
   21.565854072664088     
   21.552277623338355     
   21.538637009824754     
   21.524931884870863     
   21.511161894168055     
   21.497326676248623     
   21.483425862380084     
   21.469459076456587     
   21.455425934887376     
   21.441326046482235     
   21.427159012333806     
   21.412924425696769     
   21.398621871863721     
   21.384250928037751     
   21.369811163201572     
   21.355302137983134     
   21.340723404517647     
   21.326074506305872     
   21.311354978068643     
   21.296564345597460     
   21.281702125601083     
   21.266767825547987     
   21.251760943504603     
   21.236680967969185     
   21.221527377701204     
   21.206299641546131     
   21.190997218255493     
   21.175619556302035     
   21.160166093689881     
   21.144636257759512     
   21.129029464987429     
   21.113345120780348     
   21.097582619263736     
   21.081741343064532     
   21.065820663087894     
   21.049819938287744     
   21.033738515430958     
   21.017575728854990     
   21.001330900218715     
   20.985003338246290     
   20.968592338463797     
   20.952097182928451     
   20.935517139950122     
   20.918851463804920     
   20.902099394440604     
   20.885260157173509     
   20.868332962376737     
   20.851317005159331     
   20.834211465036073     
   20.817015505587669     
   20.799728274110922     
   20.782348901258594     
   20.764876500668574     
   20.747310168582011     
   20.729648983449987     
   20.711892005528362     
   20.694038276460361     
   20.676086818846443     
   20.658036635801029     
   20.639886710495603     
   20.621636005687673     
   20.603283463235101     
   20.584828003595245     
   20.566268525308352     
   20.547603904464619     
   20.528832994154300     
   20.509954623900221     
   20.490967599072043     
   20.471870700281542     
   20.452662682758206     
   20.433342275704366     
   20.413908181629051     
   20.394359075659757     
   20.374693604831204     
   20.354910387350216     
   20.335008011835704     
   20.314985036532800     
   20.294839988500026     
   20.274571362768441     
   20.254177621471545     
   20.233657192944783     
   20.213008470793309     
   20.192229812926694     
   20.171319540559164     
   20.150275937173873     
   20.129097247449639     
   20.107781676148537     
   20.086327386962573     
   20.064732501317664     
   20.042995097132970     
   20.021113207533599     
   19.999084819514536     
   19.976907872553557     
   19.954580257170768     
   19.932099813432295     
   19.909464329395448     
   19.886671539492628     
   19.863719122851013     
   19.840604701544915     
   19.817325838777556     
   19.793880036988725     
   19.770264735884705     
   19.746477310386545     
   19.722515068492509     
   19.698375249050383     
   19.674055019434942     
   19.649551473125666     
   19.624861627179431     
   19.599982419592649     
   19.574910706546866     
   19.549643259531550     
   19.524176762337312     
   19.498507807912450     
   19.472632895075087     
   19.446548425072837     
   19.420250697981242     
   19.393735908931667     
   19.367000144158737     
   19.340039376856634     
   19.312849462832840     
   19.285426135947134     
   19.257765003322660     
   19.229861540315053     
   19.201711085224431     
   19.173308833733994     
   19.144649833057727     
   19.115728975778318     
   19.086540993354941     
   19.057080449278974     
   19.027341731853877     
   18.997319046573665     
   18.967006408072141     
   18.936397631612891     
   18.905486324087402     
   18.874265874485939     
   18.842729443802728     
   18.810869954333633     
   18.778680078320800     
   18.746152225894626     
   18.713278532258915     
   18.680050844060048     
   18.646460704875491     
   18.612499339750766     
   18.578157638707253     
   18.543426139135590     
   18.508295006981001     
   18.472754016617518     
   18.436792529297577     
   18.400399470051791     
   18.363563302900584     
   18.326272004224748     
   18.288513034125568     
   18.250273305586624     
   18.211539151228706     
   18.172296287425787     
   18.132529775523679     
   18.092223979873051     
   18.051362522354804     
   18.009928233037382     
   17.967903096562125     
   17.925268193803181     
   17.882003638292005     
   17.838088506831994     
   17.793500763654801     
   17.748217177385264     
   17.702213229984427     
   17.655463016727943     
   17.607939136147628     
   17.559612568714055     
   17.510452542864144     
   17.460426386775566     
   17.409499364053897     
   17.357634491222779     
   17.304792334584153     
   17.250930783635379     
   17.196004797781693     
   17.139966122551833     
   17.082762970894564     
   17.024339664383220     
   16.964636228257806     
   16.903587933156821     
   16.841124775092727     
   16.777170883654168     
   16.711643846509073     
   16.644453935952534     
   16.575503220385389     
   16.504684540086746     
   16.431880322279287     
   16.356961205049366     
   16.279784432872290     
   16.200191977907821     
   16.118008330341127     
   16.033037887139269     
   15.945061850712543     
   15.853834525804949     
   15.759078872690383     
   15.660481134923655     
   15.557684306987962     
   15.450280136231388     
   15.337799257382462     
   15.219698926358898     
   15.095347637865295     
   14.964005655808117     
   14.824800122648817     
   14.676692890937876     
   14.518438455345889     
   14.348528225961955     
   14.165115661723314     
   13.965914126115178     
   13.748055143012833     
   13.507887993378755     
   13.240690488362958     
   12.940241995155006     
   12.598177313356462     
   12.202982484591578     
   11.738390199638651     
   11.180747603390520     
   10.494621794299164     
   9.6255582095419019     
   8.4895859896509620     
   6.9676579693346028     
   4.9555900788935201     
   2.5430770214343412     
   0.0000000000000000     
