   19.767076796267315     
   19.766250591386292     
   19.765046420981346     
   19.763551551679772     
   19.761811373741732     
   19.759854954202606     
   19.757702962569184     
   19.755371070018477     
   19.752871686395025     
   19.750214953652296     
   19.747409360924035     
   19.744462148533188     
   19.741379585833027     
   19.738167169431708     
   19.734829768935352     
   19.731371736830212     
   19.727796993110744     
   19.724109091660452     
   19.720311273153300     
   19.716406507803661     
   19.712397530340429     
   19.708286868934767     
   19.704076869362726     
   19.699769715367051     
   19.695367445953980     
   19.690871970194067     
   19.686285079971814     
   19.681608461035811     
   19.676843702629995     
   19.671992305931965     
   19.667055691481892     
   19.662035205752044     
   19.656932126980703     
   19.651747670372973     
   19.646482992754141     
   19.641139196747488     
   19.635717334537116     
   19.630218411267364     
   19.624643388122550     
   19.618993185124683     
   19.613268683681408     
   19.607470728912027     
   19.601600131775822     
   19.595657671023652     
   19.589644094991215     
   19.583560123249981     
   19.577406448129967     
   19.571183736126770     
   19.564892629203843     
   19.558533745999785     
   19.552107682949224     
   19.545615015325073     
   19.539056298209008     
   19.532432067396329     
   19.525742840240675     
   19.518989116443635     
   19.512171378793678     
   19.505290093858392     
   19.498345712633771     
   19.491338671153759     
   19.484269391063066     
   19.477138280156037     
   19.469945732883936     
   19.462692130833020     
   19.455377843175363     
   19.448003227094404     
   19.440568628186831     
   19.433074380842527     
   19.425520808603885     
   19.417908224505958     
   19.410236931398543     
   19.402507222251444     
   19.394719380443885     
   19.386873680039081     
   19.378970386044841     
   19.371009754661017     
   19.362992033514598     
   19.354917461883108     
   19.346786270907028     
   19.338598683791822     
   19.330354916000108     
   19.322055175434556     
   19.313699662612027     
   19.305288570829283     
   19.296822086320855     
   19.288300388409382     
   19.279723649648826     
   19.271092035960869     
   19.262405706764913     
   19.253664815101907     
   19.244869507752295     
   19.236019925348415     
   19.227116202481525     
   19.218158467803782     
   19.209146844125282     
   19.200081448506520     
   19.190962392346300     
   19.181789781465433     
   19.172563716186286     
   19.163284291408424     
   19.153951596680422     
   19.144565716268115     
   19.135126729219252     
   19.125634709424837     
   19.116089725677227     
   19.106491841725031     
   19.096841116325056     
   19.087137603291282     
   19.077381351541028     
   19.067572405138364     
   19.057710803334903     
   19.047796580607979     
   19.037829766696358     
   19.027810386633522     
   19.017738460778588     
   19.007614004844964     
   18.997437029926722     
   18.987207542522860     
   18.976925544559364     
   18.966591033409276     
   18.956204001910695     
   18.945764438382795     
   18.935272326639911     
   18.924727646003717     
   18.914130371313554     
   18.903480472934891     
   18.892777916766025     
   18.882022664242989     
   18.871214672342681     
   18.860353893584335     
   18.849440276029245     
   18.838473763278827     
   18.827454294471007     
   18.816381804274986     
   18.805256222884374     
   18.794077476008695     
   18.782845484863287     
   18.771560166157638     
   18.760221432082126     
   18.748829190293151     
   18.737383343896742     
   18.725883791430579     
   18.714330426844452     
   18.702723139479151     
   18.691061814043810     
   18.679346330591660     
   18.667576564494258     
   18.655752386414107     
   18.643873662275716     
   18.631940253235083     
   18.619952015647574     
   18.607908801034228     
   18.595810456046419     
   18.583656822428924     
   18.571447736981341     
   18.559183031517858     
   18.546862532825386     
   18.534486062619955     
   18.522053437501452     
   18.509564468906625     
   18.497018963060366     
   18.484416720925189     
   18.471757538148971     
   18.459041205010838     
   18.446267506365231     
   18.433436221584120     
   18.420547124497304     
   18.407599983330780     
   18.394594560643156     
   18.381530613260107     
   18.368407892206740     
   18.355226142637935     
   18.341985103766572     
   18.328684508789632     
   18.315324084812065     
   18.301903552768486     
   18.288422627342538     
   18.274881016883981     
   18.261278423323368     
   18.247614542084332     
   18.233889061993374     
   18.220101665187105     
   18.206252027016937     
   18.192339815951080     
   18.178364693473846     
   18.164326313982201     
   18.150224324679407     
   18.136058365465818     
   18.121828068826655     
   18.107533059716726     
   18.093172955442007     
   18.078747365538014     
   18.064255891644862     
   18.049698127378925     
   18.035073658201068     
   18.020382061281232     
   18.005622905359431     
   17.990795750602931     
   17.975900148459552     
   17.960935641507046     
   17.945901763298330     
   17.930798038202560     
   17.915623981241843     
   17.900379097923516     
   17.885062884067850     
   17.869674825631051     
   17.854214398523386     
   17.838681068422343     
   17.823074290580639     
   17.807393509628930     
   17.791638159373058     
   17.775807662585674     
   17.759901430792077     
   17.743918864050055     
   17.727859350723588     
   17.711722267250149     
   17.695506977901513     
   17.679212834537715     
   17.662839176354090     
   17.646385329621058     
   17.629850607416476     
   17.613234309350318     
   17.596535721281359     
   17.579754115025711     
   17.562888748056817     
   17.545938863196707     
   17.528903688298190     
   17.511782435917628     
   17.494574302978069     
   17.477278470422284     
   17.459894102855475     
   17.442420348177176     
   17.424856337202069     
   17.407201183269244     
   17.389453981839548     
   17.371613810080547     
   17.353679726438656     
   17.335650770198029     
   17.317525961025641     
   17.299304298502090     
   17.280984761637590     
   17.262566308372591     
   17.244047875062439     
   17.225428375945480     
   17.206706702593983     
   17.187881723347179     
   17.168952282725762     
   17.149917200827126     
   17.130775272700529     
   17.111525267701452     
   17.092165928824294     
   17.072695972012482     
   17.053114085445209     
   17.033418928799676     
   17.013609132487975     
   16.993683296867466     
   16.973639991423603     
   16.953477753924012     
   16.933195089542572     
   16.912790469952334     
   16.892262332385769     
   16.871609078661095     
   16.850829074173028     
   16.829920646846556     
   16.808882086051938     
   16.787711641479319     
   16.766407521971029     
   16.744967894309699     
   16.723390881960153     
   16.701674563762889     
   16.679816972576965     
   16.657816093869791     
   16.635669864251426     
   16.613376169950595     
   16.590932845229709     
   16.568337670735804     
   16.545588371784280     
   16.522682616572144     
   16.499618014317104     
   16.476392113318820     
   16.453002398938349     
   16.429446291491427     
   16.405721144051221     
   16.381824240155680     
   16.357752791414445     
   16.333503935009858     
   16.309074731086373     
   16.284462160022120     
   16.259663119576206     
   16.234674421904646     
   16.209492790437530     
   16.184114856609430     
   16.158537156434541     
   16.132756126917389     
   16.106768102289401     
   16.080569310060831     
   16.054155866876808     
   16.027523774165513     
   16.000668913565466     
   15.973587042118087     
   15.946273787210496     
   15.918724641252469     
   15.890934956070202     
   15.862899936998060     
   15.834614636648174     
   15.806073948335932     
   15.777272599137802     
   15.748205142555783     
   15.718865950760799     
   15.689249206384956     
   15.659348893829858     
   15.629158790055605     
   15.598672454811700     
   15.567883220267838     
   15.536784179998646     
   15.505368177272276     
   15.473627792588095     
   15.441555330403677     
   15.409142804985402     
   15.376381925310888     
   15.343264078944326     
   15.309780314797983     
   15.275921324684528     
   15.241677423555119     
   15.207038528307308     
   15.171994135034879     
   15.136533294578019     
   15.100644586217223     
   15.064316089337206     
   15.027535352867952     
   14.990289362288554     
   14.952564503955079     
   14.914346526486350     
   14.875620498910404     
   14.836370765239227     
   14.796580895099433     
   14.756233630001068     
   14.715310824775083     
   14.673793383650807     
   14.631661190377358     
   14.588893031715369     
   14.545466513536651     
   14.501357968667007     
   14.456542355489502     
   14.410993146189009     
   14.364682203360829     
   14.317579643522432     
   14.269653685853523     
   14.220870484239661     
   14.171193940402048     
   14.120585495552234     
   14.069003897605516     
   14.016404940507874     
   13.962741171663604     
   13.907961562775121     
   13.852011138599657     
   13.794830557160479     
   13.736355633786609     
   13.676516799949308     
   13.615238486157871     
   13.552438416098896     
   13.488026796658621     
   13.421905385337825     
   13.353966412698746     
   13.284091332673329     
   13.212149367550154     
   13.137995806899653     
   13.061470010137663     
   12.982393050257928     
   12.900564920666893     
   12.815761206920040     
   12.727729098971603     
   12.636182585216336     
   12.540796624207241     
   12.441200029374201     
   12.336966720508691     
   12.227604884823871     
   12.112543437824689     
   11.991114962009940     
   11.862534002655613     
   11.725869173803510     
   11.580006911368487     
   11.423603806002028     
   11.255023100490668     
   11.072248894064453     
   10.872768447317229     
   10.653408040275529     
   10.410099943149991     
   10.137545239211988     
   9.8287161369352560     
   9.4741064944270406     
   9.0605823605082438     
   8.5695977298526884     
   7.9744406532117980     
   7.2362225322326008     
   6.2993927177838920     
   5.0935888537446337     
   3.5710721036985600     
   1.8141692775674236     
   0.0000000000000000     
