   18.620455687317541     
   18.619676769487949     
   18.618523420680997     
   18.617081260869700     
   18.615395086475637     
   18.613493663322103     
   18.611397480390806     
   18.609122089218840     
   18.606679814833051     
   18.604080736083223     
   18.601333293426006     
   18.598444688569504     
   18.595421159545687     
   18.592268177095864     
   18.588990589145300     
   18.585592729782682     
   18.582078503228527     
   18.578451449722852     
   18.574714798050532     
   18.570871507999531     
   18.566924305105260     
   18.562875709394881     
   18.558728059401620     
   18.554483532405509     
   18.550144161630211     
   18.545711850960675     
   18.541188387622924     
   18.536575453175153     
   18.531874633088702     
   18.527087425143307     
   18.522215246818877     
   18.517259441832863     
   18.512221285946101     
   18.507101992139162     
   18.501902715244150     
   18.496624556103470     
   18.491268565315853     
   18.485835746620772     
   18.480327059964857     
   18.474743424287649     
   18.469085720058793     
   18.463354791594465     
   18.457551449176961     
   18.451676470998436     
   18.445730604947020     
   18.439714570251276     
   18.433629058997077     
   18.427474737529259     
   18.421252247748985     
   18.414962208316506     
   18.408605215767953     
   18.402181845553791     
   18.395692653005820     
   18.389138174238834     
   18.382518926992375     
   18.375835411417647     
   18.369088110813895     
   18.362277492318341     
   18.355404007553318     
   18.348468093233812     
   18.341470171738457     
   18.334410651646671     
   18.327289928244372     
   18.320108384000587     
   18.312866389016886     
   18.305564301451685     
   18.298202467920973     
   18.290781223877129     
   18.283300893967269     
   18.275761792372425     
   18.268164223128792     
   18.260508480432154     
   18.252794848926595     
   18.245023603978353     
   18.237195011935807     
   18.229309330376310     
   18.221366808340782     
   18.213367686556612     
   18.205312197649615     
   18.197200566345636     
   18.189033009662381     
   18.180809737091966     
   18.172530950774711     
   18.164196845664620     
   18.155807609686999     
   18.147363423888560     
   18.138864462580479     
   18.130310893474626     
   18.121702877813419     
   18.113040570493546     
   18.104324120183836     
   18.095553669437585     
   18.086729354799569     
   18.077851306907942     
   18.068919650591354     
   18.059934504961362     
   18.050895983500425     
   18.041804194145637     
   18.032659239368378     
   18.023461216250016     
   18.014210216553874     
   18.004906326793545     
   17.995549628297752     
   17.986140197271823     
   17.976678104855964     
   17.967163417180366     
   17.957596195417345     
   17.947976495830545     
   17.938304369821349     
   17.928579863972530     
   17.918803020089317     
   17.908973875237859     
   17.899092461781240     
   17.889158807413072     
   17.879172935188720     
   17.869134863554326     
   17.859044606373519     
   17.848902172952055     
   17.838707568060258     
   17.828460791953493     
   17.818161840390566     
   17.807810704650173     
   17.797407371545429     
   17.786951823436514     
   17.776444038241433     
   17.765883989445012     
   17.755271646106053     
   17.744606972862766     
   17.733889929936456     
   17.723120473133505     
   17.712298553845670     
   17.701424119048710     
   17.690497111299369     
   17.679517468730765     
   17.668485125046111     
   17.657400009510877     
   17.646262046943356     
   17.635071157703653     
   17.623827257681118     
   17.612530258280184     
   17.601180066404705     
   17.589776584440699     
   17.578319710237576     
   17.566809337087808     
   17.555245353705043     
   17.543627644200715     
   17.531956088059069     
   17.520230560110633     
   17.508450930504164     
   17.496617064677022     
   17.484728823323948     
   17.472786062364307     
   17.460788632907697     
   17.448736381217998     
   17.436629148675781     
   17.424466771739102     
   17.412249081902640     
   17.399975905655200     
   17.387647064435512     
   17.375262374586359     
   17.362821647306962     
   17.350324688603656     
   17.337771299238771     
   17.325161274677757     
   17.312494405034464     
   17.299770475014604     
   17.286989263857361     
   17.274150545275042     
   17.261254087390856     
   17.248299652674696     
   17.235286997876919     
   17.222215873960103     
   17.209086026028725     
   17.195897193256723     
   17.182649108812889     
   17.169341499784061     
   17.155974087096094     
   17.142546585432509     
   17.129058703150807     
   17.115510142196403     
   17.101900598014073     
   17.088229759456951     
   17.074497308692919     
   17.060702921108408     
   17.046846265209489     
   17.032927002520250     
   17.018944787478329     
   17.004899267327566     
   16.990790082007720     
   16.976616864041141     
   16.962379238416311     
   16.948076822468234     
   16.933709225755521     
   16.919276049934137     
   16.904776888627676     
   16.890211327294097     
   16.875578943088808     
   16.860879304724023     
   16.846111972324266     
   16.831276497277905     
   16.816372422084598     
   16.801399280198584     
   16.786356595867648     
   16.771243883967639     
   16.756060649832413     
   16.740806389079097     
   16.725480587428457     
   16.710082720520308     
   16.694612253723736     
   16.679068641942049     
   16.663451329412222     
   16.647759749498675     
   16.631993324481272     
   16.616151465337250     
   16.600233571516970     
   16.584239030713245     
   16.568167218624019     
   16.552017498708242     
   16.535789221934628     
   16.519481726523150     
   16.503094337678942     
   16.486626367318383     
   16.470077113787124     
   16.453445861569726     
   16.436731880990628     
   16.419934427906181     
   16.403052743387377     
   16.386086053392976     
   16.369033568432663     
   16.351894483219876     
   16.334667976313938     
   16.317353209751101     
   16.299949328664052     
   16.282455460889505     
   16.264870716563397     
   16.247194187703176     
   16.229424947776778     
   16.211562051257705     
   16.193604533165676     
   16.175551408592305     
   16.157401672211193     
   16.139154297771825     
   16.120808237576568     
   16.102362421940185     
   16.083815758631065     
   16.065167132293421     
   16.046415403849728     
   16.027559409882475     
   16.008597961994443     
   15.989529846146532     
   15.970353821972246     
   15.951068622067726     
   15.931672951256331     
   15.912165485826623     
   15.892544872742590     
   15.872809728824841     
   15.852958639901447     
   15.832990159927123     
   15.812902810069186     
   15.792695077758825     
   15.772365415706043     
   15.751912240876555     
   15.731333933428800     
   15.710628835609224     
   15.689795250603751     
   15.668831441343348     
   15.647735629261376     
   15.626505993000375     
   15.605140667065719     
   15.583637740423505     
   15.561995255039744     
   15.540211204357911     
   15.518283531711663     
   15.496210128669205     
   15.473988833305881     
   15.451617428401002     
   15.429093639554923     
   15.406415133222003     
   15.383579514654860     
   15.360584325755001     
   15.337427042824606     
   15.314105074213931     
   15.290615757858335     
   15.266956358698701     
   15.243124065978378     
   15.219115990409554     
   15.194929161201276     
   15.170560522940919     
   15.146006932320319     
   15.121265154697097     
   15.096331860481143     
   15.071203621335419     
   15.045876906179512     
   15.020348076983508     
   14.994613384338852     
   14.968668962791870     
   14.942510825924579     
   14.916134861166194     
   14.889536824317588     
   14.862712333769457     
   14.835656864393597     
   14.808365741084943     
   14.780834131930414     
   14.753057040978531     
   14.725029300581815     
   14.696745563281599     
   14.668200293202450     
   14.639387756920636     
   14.610302013768100     
   14.580936905530157     
   14.551286045491469     
   14.521342806781067     
   14.491100309962643     
   14.460551409811844     
   14.429688681216833     
   14.398504404132751     
   14.366990547514359     
   14.335138752143990     
   14.302940312264322     
   14.270386155916761     
   14.237466823876773     
   14.204172447066874     
   14.170492722316254     
   14.136416886322889     
   14.101933687659518     
   14.067031356648473     
   14.031697572912313     
   13.995919430386804     
   13.959683399560058     
   13.922975286676110     
   13.885780189612436     
   13.848082450108702     
   13.809865601987472     
   13.771112314966512     
   13.731804333615813     
   13.691922410959478     
   13.651446236162954     
   13.610354355677705     
   13.568624087137772     
   13.526231425214004     
   13.483150938529972     
   13.439355656627281     
   13.394816945833956     
   13.349504372735385     
   13.303385553769219     
   13.256425989259414     
   13.208588879965500     
   13.159834923944894     
   13.110122091201653     
   13.059405373215490     
   13.007636504000004     
   12.954763648815499     
   12.900731056044398     
   12.845478667006516     
   12.788941677623882     
   12.731050044811523     
   12.671727929235351     
   12.610893064596537     
   12.548456041817593     
   12.484319494348547     
   12.418377168194233     
   12.350512857073571     
   12.280599179216953     
   12.208496167506553     
   12.134049638732961     
   12.057089300377722     
   11.977426544143219     
   11.894851863925121     
   11.809131821384248     
   11.720005463831074     
   11.627180075598522     
   11.530326113854334     
   11.429071140743941     
   11.322992512940509     
   11.211608523122637     
   11.094367600115765     
   10.970635057829099     
   10.839676727132012     
   10.700638594678750     
   10.552521287718495     
   10.394147855126590     
   10.224122761824541     
   10.040779280735407     
   9.8421114588723633     
   9.6256854579897411     
   9.3885232225424158     
   9.1269490415084888     
   8.8363867535841489     
   8.5110927700297108     
   8.1438100483872802     
   7.7253373489617250     
   7.2440449248999341     
   6.6854803780550194     
   6.0325141092026389     
   5.2672060106443404     
   4.3768640081076251     
   3.3666633228215512     
   2.2710042623860991     
   1.1387493631583241     
   0.0000000000000000     
