   20.264641015707110     
   20.263937426021407     
   20.262909505419156     
   20.261632904758628     
   20.260146745292740     
   20.258476006255229     
   20.256638418299371     
   20.254647407855913     
   20.252513597615419     
   20.250245663018031     
   20.247850861743988     
   20.245335381100386     
   20.242704576695104     
   20.239963142583285     
   20.237115236282975     
   20.234164572976251     
   20.231114498024432     
   20.227968043823264     
   20.224727975095682     
   20.221396825480742     
   20.217976927458317     
   20.214470437093507     
   20.210879354699959     
   20.207205542248779     
   20.203450738153961     
   20.199616569921744     
   20.195704565045048     
   20.191716160444166     
   20.187652710693957     
   20.183515495231006     
   20.179305724697766     
   20.175024546552148     
   20.170673050048343     
   20.166252270676647     
   20.161763194135521     
   20.157206759897321     
   20.152583864419572     
   20.147895364045787     
   20.143142077633321     
   20.138324788940299     
   20.133444248799275     
   20.128501177101448     
   20.123496264612033     
   20.118430174634799     
   20.113303544541367     
   20.108116987179123     
   20.102871092169647     
   20.097566427108379     
   20.092203538674902     
   20.086782953662105     
   20.081305179931711     
   20.075770707302574     
   20.070180008377839     
   20.064533539316006     
   20.058831740550769     
   20.053075037463785     
   20.047263841014164     
   20.041398548328225     
   20.035479543252489     
   20.029507196872821     
   20.023481868002232     
   20.017403903639678     
   20.011273639401960     
   20.005091399930649     
   19.998857499275768     
   19.992572241257939     
   19.986235919810298     
   19.979848819301683     
   19.973411214842230     
   19.966923372572591     
   19.960385549937758     
   19.953797995946481     
   19.947160951417199     
   19.940474649211254     
   19.933739314454190     
   19.926955164745817     
   19.920122410359717     
   19.913241254432744     
   19.906311893145158     
   19.899334515891844     
   19.892309305445128     
   19.885236438109647     
   19.878116083869692     
   19.870948406529401     
   19.863733563846186     
   19.856471707657708     
   19.849162984002771     
   19.841807533236352     
   19.834405490139140     
   19.826956984021766     
   19.819462138824004     
   19.811921073209216     
   19.804333900654083     
   19.796700729534106     
   19.789021663204803     
   19.781296800078920     
   19.773526233699780     
   19.765710052810917     
   19.757848341422203     
   19.749941178872525     
   19.741988639889193     
   19.733990794644164     
   19.725947708807261     
   19.717859443596453     
   19.709726055825236     
   19.701547597947350     
   19.693324118098818     
   19.685055660137408     
   19.676742263679625     
   19.668383964135280     
   19.659980792739759     
   19.651532776583949     
   19.643039938642016     
   19.634502297797003     
   19.625919868864322     
   19.617292662613224     
   19.608620685786228     
   19.599903941116661     
   19.591142427344206     
   19.582336139228637     
   19.573485067561680     
   19.564589199177103     
   19.555648516958978     
   19.546662999848248     
   19.537632622847564     
   19.528557357024411     
   19.519437169512582     
   19.510272023511952     
   19.501061878286688     
   19.491806689161780     
   19.482506407517995     
   19.473160980785224     
   19.463770352434235     
   19.454334461966901     
   19.444853244904792     
   19.435326632776231     
   19.425754553101829     
   19.416136929378393     
   19.406473681061318     
   19.396764723545431     
   19.387009968144230     
   19.377209322067586     
   19.367362688397883     
   19.357469966064560     
   19.347531049817068     
   19.337545830196230     
   19.327514193504001     
   19.317436021771577     
   19.307311192725912     
   19.297139579754536     
   19.286921051868724     
   19.276655473664974     
   19.266342705284778     
   19.255982602372629     
   19.245575016032301     
   19.235119792781354     
   19.224616774503765     
   19.214065798400817     
   19.203466696940023     
   19.192819297802224     
   19.182123423826695     
   19.171378892954326     
   19.160585518168741     
   19.149743107435427     
   19.138851463638744     
   19.127910384516799     
   19.116919662594153     
   19.105879085112303     
   19.094788433957895     
   19.083647485588614     
   19.072456010956675     
   19.061213775429916     
   19.049920538710367     
   19.038576054750269     
   19.027180071665516     
   19.015732331646383     
   19.004232570865501     
   18.992680519383025     
   18.981075901048911     
   18.969418433402218     
   18.957707827567361     
   18.945943788147222     
   18.934126013113044     
   18.922254193691046     
   18.910328014245565     
   18.898347152158770     
   18.886311277706739     
   18.874220053931829     
   18.862073136511263     
   18.849870173621735     
   18.837610805800022     
   18.825294665799408     
   18.812921378441818     
   18.800490560465523     
   18.788001820368290     
   18.775454758245807     
   18.762848965625299     
   18.750184025294068     
   18.737459511122950     
   18.724674987884367     
   18.711830011064926     
   18.698924126672296     
   18.685956871036240     
   18.672927770603561     
   18.659836341726784     
   18.646682090446383     
   18.633464512266251     
   18.620183091922307     
   18.606837303143905     
   18.593426608407828     
   18.579950458684657     
   18.566408293177169     
   18.552799539050479     
   18.539123611153773     
   18.525379911733165     
   18.511567830135451     
   18.497686742502420     
   18.483736011455335     
   18.469714985769301     
   18.455623000037086     
   18.441459374322026     
   18.427223413799634     
   18.412914408387437     
   18.398531632362616     
   18.384074343967050     
   18.369541784999193     
   18.354933180392301     
   18.340247737778558     
   18.325484647038429     
   18.310643079834779     
   18.295722189131070     
   18.280721108693072     
   18.265638952573404     
   18.250474814578180     
   18.235227767715156     
   18.219896863622463     
   18.204481131977253     
   18.188979579883434     
   18.173391191237535     
   18.157714926071908     
   18.141949719874212     
   18.126094482882273     
   18.110148099353207     
   18.094109426805741     
   18.077977295234561     
   18.061750506295507     
   18.045427832460337     
   18.029008016139670     
   18.012489768772795     
   17.995871769882822     
   17.979152666095619     
   17.962331070120932     
   17.945405559693956     
   17.928374676475542     
   17.911236924909193     
   17.893990771032755     
   17.876634641242777     
   17.859166921009308     
   17.841585953538672     
   17.823890038381954     
   17.806077429986399     
   17.788146336187044     
   17.770094916635696     
   17.751921281164137     
   17.733623488078337     
   17.715199542380201     
   17.696647393913310     
   17.677964935428630     
   17.659150000566360     
   17.640200361749386     
   17.621113727983911     
   17.601887742562340     
   17.582519980663353     
   17.563007946843658     
   17.543349072415666     
   17.523540712704943     
   17.503580144180916     
   17.483464561453868     
   17.463191074130883     
   17.442756703522871     
   17.422158379194286     
   17.401392935346689     
   17.380457107026594     
   17.359347526147555     
   17.338060717315646     
   17.316593093446784     
   17.294940951163674     
   17.273100465959171     
   17.251067687111906     
   17.228838532339292     
   17.206408782171650     
   17.183774074030286     
   17.160929895990932     
   17.137871580212774     
   17.114594296011717     
   17.091093042555016     
   17.067362641152688     
   17.043397727119231     
   17.019192741177253     
   16.994741920372238     
   16.970039288465546     
   16.945078645769893     
   16.919853558388922     
   16.894357346819316     
   16.868583073870472     
   16.842523531853217     
   16.816171228984938     
   16.789518374954064     
   16.762556865582123     
   16.735278266516207     
   16.707673795878936     
   16.679734305796615     
   16.651450262719241     
   16.622811726438336     
   16.593808327700064     
   16.564429244301671     
   16.534663175548928     
   16.504498314940836     
   16.473922320935053     
   16.442922285633532     
   16.411484701212192     
   16.379595423901044     
   16.347239635302081     
   16.314401800810405     
   16.281065624880455     
   16.247214002852065     
   16.212828969021388     
   16.177891640607967     
   16.142382157231708     
   16.106279615471131     
   16.069561998026689     
   16.032206096959463     
   15.994187430414732     
   15.955480152171829     
   15.916056953283913     
   15.875888954983537     
   15.834945591929927     
   15.793194484760184     
   15.750601300776768     
   15.707129601455442     
   15.662740675287919     
   15.617393354278667     
   15.571043812191141     
   15.523645342380506     
   15.475148112751615     
   15.425498895035640     
   15.374640765178189     
   15.322512771165584     
   15.269049564072542     
   15.214180987479235     
   15.157831619660948     
   15.099920262078269     
   15.040359366664251     
   14.979054393185493     
   14.915903086508585     
   14.850794661884445     
   14.783608884312523     
   14.714215025593324     
   14.642470679731675     
   14.568220413804482     
   14.491294227116795     
   14.411505786266433     
   14.328650397402154     
   14.242502669220436     
   14.152813810754370     
   14.059308496326846     
   13.961681215611636     
   13.859592008861091     
   13.752661465115256     
   13.640464833454857     
   13.522525062639975     
   13.398304540941165     
   13.267195253306051     
   13.128507004352096     
   12.981453269589140     
   12.825134129778105     
   12.658515610213470     
   12.480404584322860     
   12.289418208047579     
   12.083946633077394     
   11.862107522698080     
   11.621690714170366     
   11.360091350026957     
   11.074230178531053     
   10.760460991996515     
   10.414468302010018     
   10.031165201519482     
   9.6046153218568993     
   9.1280294865255698     
   8.5939346315947400     
   7.9946836466498103     
   7.3235478266909348     
   6.5766044950143092     
   5.7552537403238393     
   4.8682533773187329     
   3.9312581801423003     
   2.9628307749506031     
   1.9790080205067082     
  0.98995224599298737     
   0.0000000000000000     
