   17.577005711197287     
   17.576288092400841     
   17.575198444233674     
   17.573819904523241     
   17.572196559905212     
   17.570356904101541     
   17.568321311971925     
   17.566105289667167     
   17.563721150139145     
   17.561178977362275     
   17.558487226081102     
   17.555653117176362     
   17.552682910351265     
   17.549582099142707     
   17.546355554588679     
   17.543007633730074     
   17.539542263298358     
   17.535963005442930     
   17.532273110170745     
   17.528475557765457     
   17.524573093521990     
   17.520568256499153     
   17.516463403553509     
   17.512260729606009     
   17.507962284868402     
   17.503569989591931     
   17.499085646778596     
   17.494510953203207     
   17.489847509024333     
   17.485096826208320     
   17.480260335948351     
   17.475339395227660     
   17.470335292649732     
   17.465249253637449     
   17.460082445086364     
   17.454835979543539     
   17.449510918972354     
   17.444108278154513     
   17.438629027772940     
   17.433074097212916     
   17.427444377113737     
   17.421740721698626     
   17.415963950906999     
   17.410114852350095     
   17.404194183108249     
   17.398202671385810     
   17.392141018037886     
   17.386009897981253     
   17.379809961500435     
   17.373541835458688     
   17.367206124422559     
   17.360803411707654     
   17.354334260352527     
   17.347799214026871     
   17.341198797879485     
   17.334533519330986     
   17.327803868815774     
   17.321010320477221     
   17.314153332819757     
   17.307233349321191     
   17.300250799008179     
   17.293206096997640     
   17.286099645006558     
   17.278931831832434     
   17.271703033806471     
   17.264413615221351     
   17.257063928735331     
   17.249654315754281     
   17.242185106793084     
   17.234656621817727     
   17.227069170569369     
   17.219423052871431     
   17.211718558920850     
   17.203955969564422     
   17.196135556561103     
   17.188257582831131     
   17.180322302692723     
   17.172329962087083     
   17.164280798792340     
   17.156175042627055     
   17.148012915643868     
   17.139794632313809     
   17.131520399701774     
   17.123190417633651     
   17.114804878855448     
   17.106363969184933     
   17.097867867656099     
   17.089316746656795     
   17.080710772059895     
   17.072050103348285     
   17.063334893733991     
   17.054565290271633     
   17.045741433966608     
   17.036863459878070     
   17.027931497217057     
   17.018945669439930     
   17.009906094337328     
   17.000812884118798     
   16.991666145493326     
   16.982465979745900     
   16.973212482810272     
   16.963905745338025     
   16.954545852764177     
   16.945132885369365     
   16.935666918338743     
   16.926148021817745     
   16.916576260964806     
   16.906951696001126     
   16.897274382257613     
   16.887544370219018     
   16.877761705565469     
   16.867926429211348     
   16.858038577341720     
   16.848098181446254     
   16.838105268350819     
   16.828059860246757     
   16.817961974717893     
   16.807811624765350     
   16.797608818830245     
   16.787353560814260     
   16.777045850098183     
   16.766685681558446     
   16.756273045581697     
   16.745807928077436     
   16.735290310488779     
   16.724720169801348     
   16.714097478550340     
   16.703422204825792     
   16.692694312276078     
   16.681913760109648     
   16.671080503095023     
   16.660194491559135     
   16.649255671383887     
   16.638263984001121     
   16.627219366385869     
   16.616121751047960     
   16.604971066022010     
   16.593767234855754     
   16.582510176596742     
   16.571199805777461     
   16.559836032398795     
   16.548418761911876     
   16.536947895198342     
   16.525423328548953     
   16.513844953640611     
   16.502212657511738     
   16.490526322536031     
   16.478785826394581     
   16.466991042046363     
   16.455141837697042     
   16.443238076766146     
   16.431279617852532     
   16.419266314698167     
   16.407198016150225     
   16.395074566121398     
   16.382895803548536     
   16.370661562349458     
   16.358371671378009     
   16.346025954377293     
   16.333624229931079     
   16.321166311413304     
   16.308652006935752     
   16.296081119293735     
   16.283453445909888     
   16.270768778775928     
   16.258026904392384     
   16.245227603706326     
   16.232370652046910     
   16.219455819058858     
   16.206482868633696     
   16.193451558838802     
   16.180361641844147     
   16.167212863846743     
   16.154004964992687     
   16.140737679296780     
   16.127410734559678     
   16.114023852282454     
   16.100576747578621     
   16.087069129083410     
   16.073500698860375     
   16.059871152305160     
   16.046180178046392     
   16.032427457843653     
   16.018612666482372     
   16.004735471665658     
   15.990795533902912     
   15.976792506395151     
   15.962726034916995     
   15.948595757695156     
   15.934401305283371     
   15.920142300433675     
   15.905818357963886     
   15.891429084621230     
   15.876974078941931     
   15.862452931106716     
   15.847865222792048     
   15.833210527017005     
   15.818488407985637     
   15.803698420924674     
   15.788840111916461     
   15.773913017726905     
   15.758916665628359     
   15.743850573217214     
   15.728714248226037     
   15.713507188330121     
   15.698228880948218     
   15.682878803037260     
   15.667456420880910     
   15.651961189871665     
   15.636392554286381     
   15.620749947054914     
   15.605032789521667     
   15.589240491199826     
   15.573372449517972     
   15.557428049558869     
   15.541406663790076     
   15.525307651786145     
   15.509130359942086     
   15.492874121177760     
   15.476538254632938     
   15.460122065352566     
   15.443624843962004     
   15.427045866331762     
   15.410384393231391     
   15.393639669972139     
   15.376810926037875     
   15.359897374703891     
   15.342898212643107     
   15.325812619519168     
   15.308639757565963     
   15.291378771152958     
   15.274028786335888     
   15.256588910392145     
   15.239058231340270     
   15.221435817442929     
   15.203720716692699     
   15.185911956279925     
   15.168008542041980     
   15.150009457893086     
   15.131913665233974     
   15.113720102340448     
   15.095427683730028     
   15.077035299505742     
   15.058541814676053     
   15.039946068449922     
   15.021246873505950     
   15.002443015234443     
   14.983533250951234     
   14.964516309082002     
   14.945390888315806     
   14.926155656726440     
   14.906809250860157     
   14.887350274788270     
   14.867777299123018     
   14.848088859994990     
   14.828283457990372     
   14.808359557046144     
   14.788315583301223     
   14.768149923901527     
   14.747860925756742     
   14.727446894246500     
   14.706906091873551     
   14.686236736861316     
   14.665437001693173     
   14.644505011590532     
   14.623438842926779     
   14.602236521573788     
   14.580896021177679     
   14.559415261360220     
   14.537792105842120     
   14.516024360484158     
   14.494109771241929     
   14.472046022029680     
   14.449830732488527     
   14.427461455653907     
   14.404935675516969     
   14.382250804474165     
   14.359404180658986     
   14.336393065149446     
   14.313214639044428     
   14.289866000401656     
   14.266344161029515     
   14.242646043124552     
   14.218768475745780     
   14.194708191116526     
   14.170461820743764     
   14.146025891344356     
   14.121396820566829     
   14.096570912496498     
   14.071544352931046     
   14.046313204412643     
   14.020873401001795     
   13.995220742776988     
   13.969350890043209     
   13.943259357230993     
   13.916941506466516     
   13.890392540791687     
   13.863607497011731     
   13.836581238145982     
   13.809308445455860     
   13.781783610021964     
   13.754001023840070     
   13.725954770403520     
   13.697638714736813     
   13.669046492842590     
   13.640171500521003     
   13.611006881517264     
   13.581545514949498     
   13.551780001965049     
   13.521702651569091     
   13.491305465564615     
   13.460580122537685     
   13.429517960816129     
   13.398109960323515     
   13.366346723243451     
   13.334218453401560     
   13.301714934264112     
   13.268825505443095     
   13.235539037587301     
   13.201843905527621     
   13.167727959532410     
   13.133178494514759     
   13.098182217018286     
   13.062725209790907     
   13.026792893737092     
   12.990369987017953     
   12.953440461044956     
   12.915987493086623     
   12.877993415178294     
   12.839439658991855     
   12.800306696285523     
   12.760573974512132     
   12.720219847117729     
   12.679221498009582     
   12.637554859613465     
   12.595194523872879     
   12.552113645467022     
   12.508283836438185     
   12.463675051321509     
   12.418255461758791     
   12.371991319451206     
   12.324846806161061     
   12.276783869306989     
   12.227762041507145     
   12.177738242206757     
   12.126666559275424     
   12.074498008169853     
   12.021180265923109     
   11.966657376833627     
   11.910869426277090     
   11.853752178540326     
   11.795236673965336     
   11.735248779976981     
   11.673708689730280     
   11.610530361129223     
   11.545620887809427     
   11.478879792307627     
   11.410198230019295     
   11.339458090620095     
   11.266530981334380     
   11.191277073697417     
   11.113543792182440     
   11.033164319132810     
   10.949955885709963     
   10.863717812863371     
   10.774229259431822     
   10.681246626129770     
   10.584500554030422     
   10.483692443829870     
   10.378490407179969     
   10.268524543133040     
   10.153381410569182     
   10.032597540602175     
   9.9056518005465168     
   9.7719563822594786     
   9.6308461419318014     
   9.4815659656281959     
   9.3232557762527772     
   9.1549327368295437     
   8.9754701506088868     
   8.7835725282781798     
   8.5777463212168197     
   8.3562659732399478     
   8.1171353443195020     
   7.8580454333578755     
   7.5763310800673231     
   7.2689326802976808     
   6.9323751453112568     
   6.5627873753757786     
   6.1560041995558459     
   5.7078214823794315     
   5.2145104585479558     
   4.6737126159097295     
   4.0857443701092500     
   3.4549747098185435     
   2.7902709053704386     
   2.1033048756694570     
   1.4050498613145039     
  0.70286666268153120     
   0.0000000000000000     
