   23.240532810042044     
   23.239713802837567     
   23.238514801218685     
   23.237029421749448     
   23.235303517833589     
   23.233365985595675     
   23.231237226613679     
   23.228932647218322     
   23.226464416166333     
   23.223842460169532     
   23.221075076486930     
   23.218169333634883     
   23.215131346142623     
   23.211966470143604     
   23.208679446939684     
   23.205274511096881     
   23.201755473608785     
   23.198125787071721     
   23.194388597587675     
   23.190546786681818     
   23.186603005577808     
   23.182559703534842     
   23.178419151507708     
   23.174183462078219     
   23.169854606381385     
   23.165434428585108     
   23.160924658360226     
   23.156326921685920     
   23.151642750265797     
   23.146873589776160     
   23.142020807126357     
   23.137085696878255     
   23.132069486946016     
   23.126973343676635     
   23.121798376395098     
   23.116545641484471     
   23.111216146060322     
   23.105810851289814     
   23.100330675398375     
   23.094776496400691     
   23.089149154587592     
   23.083449454796110     
   23.077678168486344     
   23.071836035645646     
   23.065923766538120     
   23.059942043315097     
   23.053891521500397     
   23.047772831362540     
   23.041586579184628     
   23.035333348441451     
   23.029013700892211     
   23.022628177596452     
   23.016177299859883     
   23.009661570116098     
   23.003081472749610     
   22.996437474865036     
   22.989730027006768     
   22.982959563833116     
   22.976126504748422     
   22.969231254496410     
   22.962274203717691     
   22.955255729474032     
   22.948176195741880     
   22.941035953877261     
   22.933835343054152     
   22.926574690678081     
   22.919254312776701     
   22.911874514368847     
   22.904435589813517     
   22.896937823140043     
   22.889381488360698     
   22.881766849766816     
   22.874094162209435     
   22.866363671365434     
   22.858575613990006     
   22.850730218156301     
   22.842827703482946     
   22.834868281350186     
   22.826852155105232     
   22.818779520257465     
   22.810650564664009     
   22.802465468706227     
   22.794224405457587     
   22.785927540843371     
   22.777575033792640     
   22.769167036382843     
   22.760703693977426     
   22.752185145356812     
   22.743611522843047     
   22.734982952418402     
   22.726299553838256     
   22.717561440738471     
   22.708768720737538     
   22.699921495533712     
   22.691019860997372     
   22.682063907258780     
   22.673053718791451     
   22.663989374491315     
   22.654870947751835     
   22.645698506535229     
   22.636472113439979     
   22.627191825764740     
   22.617857695568784     
   22.608469769729108     
   22.599028089994352     
   22.589532693035579     
   22.579983610494075     
   22.570380869026252     
   22.560724490345731     
   22.551014491262709     
   22.541250883720700     
   22.531433674830694     
   22.521562866902855     
   22.511638457475783     
   22.501660439343429     
   22.491628800579726     
   22.481543524560969     
   22.471404589986030     
   22.461211970894432     
   22.450965636682351     
   22.440665552116563     
   22.430311677346406     
   22.419903967913779     
   22.409442374761223     
   22.398926844238098     
   22.388357318104916     
   22.377733733535841     
   22.367056023119378     
   22.356324114857294     
   22.345537932161765     
   22.334697393850810     
   22.323802414141987     
   22.312852902644391     
   22.301848764348978     
   22.290789899617192     
   22.279676204167945     
   22.268507569062940     
   22.257283880690348     
   22.246005020746843     
   22.234670866218000     
   22.223281289357072     
   22.211836157662120     
   22.200335333851537     
   22.188778675837924     
   22.177166036700324     
   22.165497264654853     
   22.153772203023653     
   22.141990690202217     
   22.130152559625046     
   22.118257639729649     
   22.106305753918850     
   22.094296720521427     
   22.082230352751033     
   22.070106458663396     
   22.057924841111799     
   22.045685297700793     
   22.033387620738154     
   22.021031597185040     
   22.008617008604329     
   21.996143631107135     
   21.983611235297460     
   21.971019586214954     
   21.958368443275766     
   21.945657560211448     
   21.932886685005890     
   21.920055559830249     
   21.907163920975837     
   21.894211498784941     
   21.881198017579525     
   21.868123195587792     
   21.854986744868548     
   21.841788371233342     
   21.828527774166332     
   21.815204646741822     
   21.801818675539447     
   21.788369540556932     
   21.774856915120385     
   21.761280465792076     
   21.747639852275626     
   21.733934727318584     
   21.720164736612293     
   21.706329518689014     
   21.692428704816223     
   21.678461918888026     
   21.664428777313621     
   21.650328888902738     
   21.636161854747968     
   21.621927268103921     
   21.607624714263125     
   21.593253770428596     
   21.578814005582956     
   21.564304980354063     
   21.549726246877018     
   21.535077348652475     
   21.520357820401134     
   21.505567187914359     
   21.490704967900751     
   21.475770667828616     
   21.460763785764197     
   21.445683810205534     
   21.430530219911866     
   21.415302483728411     
   21.400000060406413     
   21.384622398418308     
   21.369168935767874     
   21.353639099795206     
   21.338032306976391     
   21.322347962717679     
   21.306585461144021     
   21.290744184881792     
   21.274823504835521     
   21.258822779958439     
   21.242741357016662     
   21.226578570346796     
   21.210333741606785     
   21.194006179519757     
   21.177595179610659     
   21.161100023935447     
   21.144519980802603     
   21.127854304486711     
   21.111102234933831     
   21.094262997458433     
   21.077335802431559     
   21.060319844959963     
   21.043214304555917     
   21.026018344797343     
   21.008731112977973     
   20.991351739747177     
   20.973879338739103     
   20.956313006190754     
   20.938651820548653     
   20.920894842063614     
   20.903041112373284     
   20.885089654071969     
   20.867039470267297     
   20.848889544123249     
   20.830638838389042     
   20.812286294913388     
   20.793830834143542     
   20.775271354608584     
   20.756606732386388     
   20.737835820553595     
   20.718957448618006     
   20.699970421932683     
   20.680873521091073     
   20.661665501302426     
   20.642345091746726     
   20.622910994908331     
   20.603361885887480     
   20.583696411688805     
   20.563913190485902     
   20.544010810861000     
   20.523987831018719     
   20.503842777972853     
   20.483574146705063     
   20.463180399294320     
   20.442659964015846     
   20.422011234408306     
   20.401232568307858     
   20.380322286847672     
   20.359278673421397     
   20.338099972609029     
   20.316784389063535     
   20.295330086356451     
   20.273735185780676     
   20.251997765108516     
   20.230115857302938     
   20.208087449179899     
   20.185910480019526     
   20.163582840123702     
   20.141102369317618     
   20.118466855392583     
   20.095674032487320     
   20.072721579404774     
   20.049607117861299     
   20.026328210664907     
   20.002882359819079     
   19.979267004548415     
   19.955479519242164     
   19.931517211311501     
   19.907377318956065     
   19.883057008835085     
   19.858553373638095     
   19.833863429549901     
   19.808984113604172     
   19.783912280919633     
   19.758644701812443     
   19.733178058777959     
   19.707508943334581     
   19.681633852721941     
   19.655549186445107     
   19.629251242655993     
   19.602736214362452     
   19.576000185454944     
   19.549039126539931     
   19.521848890568318     
   19.494425208246540     
   19.466763683216818     
   19.438859786992271     
   19.410708853631352     
   19.382306074135023     
   19.353646490548716     
   19.324724989749743     
   19.295536296899368     
   19.266074968536984     
   19.236335385292108     
   19.206311744187875     
   19.175998050507545     
   19.145388109193135     
   19.114475515742729     
   19.083253646570046     
   19.051715648786736     
   19.019854429364422     
   18.987662643629569     
   18.955132683040130     
   18.922256662188140     
   18.889026404967346     
   18.855433429839149     
   18.821468934123835     
   18.787123777236999     
   18.752388462783216     
   18.717253119410373     
   18.681707480318252     
   18.645740861304251     
   18.609342137216931     
   18.572499716674638     
   18.535201514891256     
   18.497434924434192     
   18.459186783720597     
   18.420443343036421     
   18.381190227838655     
   18.341412399073963     
   18.301094110215988     
   18.260218860688841     
   18.218769345304668     
   18.176727399298354     
   18.134073938491259     
   18.090788894057727     
   18.046851141301477     
   18.002238421772915     
   17.956927257971127     
   17.910892859773867     
   17.864109021623428     
   17.816548009362773     
   17.768180435462011     
   17.718975121196227     
   17.668898944127506     
   17.617916669001175     
   17.565990759882517     
   17.513081171027380     
   17.459145113588807     
   17.404136794800142     
   17.348007125728781     
   17.290703393046101     
   17.232168889486214     
   17.172342496741965     
   17.111158213437211     
   17.048544619477397     
   16.984424266462590     
   16.918712981880798     
   16.851319072398969     
   16.782142408624569     
   16.711073370081110     
   16.637991624643707     
   16.562764711077925     
   16.485246386305047     
   16.405274690168163     
   16.322669669248924     
   16.237230686951712     
   16.148733228640356     
   16.056925086733795     
   15.961521779487734     
   15.862201016136826     
   15.758595966540211     
   15.650287020353094     
   15.536791621715855     
   15.417551629889221     
   15.291917468563712     
   15.159128063488611     
   15.018285194464589     
   14.868320349680930     
   14.707951383640900     
   14.535625110682050     
   14.349440197626190     
   14.147041993241924     
   13.925476644490935     
   13.680984957038032     
   13.408705120502976     
   13.102234322880262     
   12.752966348036324     
   12.349064271707020     
   11.873824059606354     
   11.303003113001038     
   10.600395905653688     
   9.7106534634501021     
   8.5492698464252648     
   6.9989995646231380     
   4.9640800670289149     
   2.5435755626404695     
   0.0000000000000000     
