   15.532030905474764     
   15.531568660938937     
   15.530835969939078     
   15.529891945640848     
   15.528768502338973     
   15.527486361762298     
   15.526060356170621     
   15.524501769430563     
   15.522819552823607     
   15.521021027545586     
   15.519112322677515     
   15.517098664296840     
   15.514984575033985     
   15.512774016843503     
   15.510470496203496     
   15.508077143566052     
   15.505596774631307     
   15.503031938462708     
   15.500384955866004     
   15.497657950425953     
   15.494852873912576     
   15.491971527304960     
   15.489015578358583     
   15.485986576413522     
   15.482885964976440     
   15.479715092488638     
   15.476475221602751     
   15.473167537223288     
   15.469793153514752     
   15.466353120041465     
   15.462848427172487     
   15.459280010860700     
   15.455648756886051     
   15.451955504637532     
   15.448201050496277     
   15.444386150872015     
   15.440511524937071     
   15.436577857095367     
   15.432585799218389     
   15.428535972675428     
   15.424428970181665     
   15.420265357484375     
   15.416045674904874     
   15.411770438751534     
   15.407440142617203     
   15.403055258572756     
   15.398616238267081     
   15.394123513942535     
   15.389577499373898     
   15.384978590737902     
   15.380327167419660     
   15.375623592761594     
   15.370868214759879     
   15.366061366712895     
   15.361203367825672     
   15.356294523774002     
   15.351335127231406     
   15.346325458361939     
   15.341265785281440     
   15.336156364489673     
   15.330997441275516     
   15.325789250097158     
   15.320532014939133     
   15.315225949647839     
   15.309871258246986     
   15.304468135234398     
   15.299016765861390     
   15.293517326395893     
   15.287969984370338     
   15.282374898815341     
   15.276732220479964     
   15.271042092039497     
   15.265304648291441     
   15.259520016340405     
   15.253688315772555     
   15.247809658820254     
   15.241884150517370     
   15.235911888845825     
   15.229892964873837     
   15.223827462886311     
   15.217715460507725     
   15.211557028817998     
   15.205352232461573     
   15.199101129750142     
   15.192803772759270     
   15.186460207419207     
   15.180070473600155     
   15.173634605192253     
   15.167152630180476     
   15.160624570714718     
   15.154050443175219     
   15.147430258233497     
   15.140764020909058     
   15.134051730621950     
   15.127293381241337     
   15.120488961130315     
   15.113638453186937     
   15.106741834881795     
   15.099799078292042     
   15.092810150132168     
   15.085775011781465     
   15.078693619308385     
   15.071565923491857     
   15.064391869839604     
   15.057171398603582     
   15.049904444792588     
   15.042590938182110     
   15.035230803321484     
   15.027823959538390     
   15.020370320940788     
   15.012869796416290     
   15.005322289629049     
   14.997727699014188     
   14.990085917769793     
   14.982396833846533     
   14.974660329934917     
   14.966876283450221     
   14.959044566515113     
   14.951165045939961     
   14.943237583200904     
   14.935262034415658     
   14.927238250317060     
   14.919166076224395     
   14.911045352012511     
   14.902875912078670     
   14.894657585307225     
   14.886390195032028     
   14.878073558996666     
   14.869707489312436     
   14.861291792414091     
   14.852826269013343     
   14.844310714050135     
   14.835744916641609     
   14.827128660028810     
   14.818461721521100     
   14.809743872438206     
   14.800974878050003     
   14.792154497513842     
   14.783282483809561     
   14.774358583672043     
   14.765382537521305     
   14.756354079390157     
   14.747272936849290     
   14.738138830929859     
   14.728951476043429     
   14.719710579899331     
   14.710415843419327     
   14.701066960649539     
   14.691663618669628     
   14.682205497499154     
   14.672692270001084     
   14.663123601782324     
   14.653499151091321     
   14.643818568712616     
   14.634081497858251     
   14.624287574056089     
   14.614436425034805     
   14.604527670605659     
   14.594560922540811     
   14.584535784448256     
   14.574451851643165     
   14.564308711015654     
   14.554105940894832     
   14.543843110909043     
   14.533519781842273     
   14.523135505486543     
   14.512689824490245     
   14.502182272202276     
   14.491612372511943     
   14.480979639684387     
   14.470283578191598     
   14.459523682538716     
   14.448699437085644     
   14.437810315863747     
   14.426855782387552     
   14.415835289461308     
   14.404748278980255     
   14.393594181726449     
   14.382372417159004     
   14.371082393198618     
   14.359723506006114     
   14.348295139755001     
   14.336796666397696     
   14.325227445425361     
   14.313586823621092     
   14.301874134806292     
   14.290088699580021     
   14.278229825051108     
   14.266296804562808     
   14.254288917409786     
   14.242205428547175     
   14.230045588291498     
   14.217808632013133     
   14.205493779820179     
   14.193100236233304     
   14.180627189851400     
   14.168073813007728     
   14.155439261416218     
   14.142722673807626     
   14.129923171555253     
   14.117039858289827     
   14.104071819503242     
   14.091018122140774     
   14.077877814181363     
   14.064649924205607     
   14.051333460951057     
   14.037927412854328     
   14.024430747579652     
   14.010842411533391     
   13.997161329363960     
   13.983386403446795     
   13.969516513353707     
   13.955550515306181     
   13.941487241612014     
   13.927325500084685     
   13.913064073444907     
   13.898701718703682     
   13.884237166526207     
   13.869669120575935     
   13.854996256838096     
   13.840217222921908     
   13.825330637340718     
   13.810335088769248     
   13.795229135277083     
   13.780011303537583     
   13.764680088011195     
   13.749233950102310     
   13.733671317288591     
   13.717990582221763     
   13.702190101798742     
   13.686268196202004     
   13.670223147907961     
   13.654053200662123     
   13.637756558419754     
   13.621331384250652     
   13.604775799206610     
   13.588087881150125     
   13.571265663542770     
   13.554307134191594     
   13.537210233951885     
   13.519972855384488     
   13.502592841365841     
   13.485067983648751     
   13.467396021371895     
   13.449574639515896     
   13.431601467303732     
   13.413474076543125     
   13.395189979908464     
   13.376746629159667     
   13.358141413295249     
   13.339371656636809     
   13.320434616841908     
   13.301327482842211     
   13.282047372703630     
   13.262591331404959     
   13.242956328531445     
   13.223139255879401     
   13.203136924967904     
   13.182946064453336     
   13.162563317442345     
   13.141985238698517     
   13.121208291737894     
   13.100228845808122     
   13.079043172745815     
   13.057647443706337     
   13.036037725760009     
   13.014209978348337     
   12.992160049593501     
   12.969883672454065     
   12.947376460719370     
   12.924633904834749     
   12.901651367549162     
   12.878424079376499     
   12.854947133861186     
   12.831215482638283     
   12.807223930277649     
   12.782967128901159     
   12.758439572561381     
   12.733635591369300     
   12.708549345358147     
   12.683174818069430     
   12.657505809846587     
   12.631535930820709     
   12.605258593571939     
   12.578667005449061     
   12.551754160528819     
   12.524512831195333     
   12.496935559318743     
   12.469014647010999     
   12.440742146935269     
   12.412109852144001     
   12.383109285419073     
   12.353731688085832     
   12.323968008270951     
   12.293808888572212     
   12.263244653106149     
   12.232265293897385     
   12.200860456571091     
   12.169019425307466     
   12.136731107014493     
   12.103984014672253     
   12.070766249799084     
   12.037065483986469     
   12.002868939446071     
   11.968163368508447     
   11.932935032009000     
   11.897169676492275     
   11.860852510161147     
   11.823968177492368     
   11.786500732434686     
   11.748433610099925     
   11.709749596851459     
   11.670430798687857     
   11.630458607812612     
   11.589813667273358     
   11.548475833546142     
   11.506424136931827     
   11.463636739622803     
   11.420090891288609     
   11.375762882019110     
   11.330627992453104     
   11.284660440909191     
   11.237833327323814     
   11.190118573789217     
   11.141486861471188     
   11.091907563673221     
   11.041348674800156     
   10.989776734960483     
   10.937156749932615     
   10.883452106206610     
   10.828624480799430     
   10.772633745529262     
   10.715437865422951     
   10.656992790921000     
   10.597252343537617     
   10.536168094629472     
   10.473689236928013     
   10.409762448497094     
   10.344331748792513     
   10.277338346525069     
   10.208720479066361     
   10.138413243190513     
   10.066348417019265     
   9.9924542731376942     
   9.9166553829794442     
   9.8388724127514759     
   9.7590219113885048     
   9.6770160913078396     
   9.5927626030902324     
   9.5061643056584302     
   9.4171190340826438     
   9.3255193678352786     
   9.2312524031748993     
   9.1341995343953322     
   9.0342362499698119     
   8.9312319511973222     
   8.8250498028702999     
   8.7155466277860505     
   8.6025728596779309     
   8.4859725724067303     
   8.3655836070809233     
   8.2412378232054326     
   8.1127615050008206     
   7.9799759596463735     
   7.8426983502576322     
   7.7007428126640871     
   7.5539219110786187     
   7.4020484928673431     
   7.2449380058209609     
   7.0824113411512339     
   6.9142982599325995     
   6.7404414473708725     
   6.5607012151011705     
   6.3749608334157539     
   6.1831324198466602     
   5.9851632359356257     
   5.7810421508142014     
   5.5708059230571090     
   5.3545448418145902     
   5.1324071723681461     
   4.9046017947722023     
   4.6713984356624874     
   4.4331249981621514     
   4.1901617059062000     
   3.9429320845403710     
   3.6918911690672003     
   3.4375116843604574     
   3.1802692246678208     
   2.9206275931901846     
   2.6590254249408498     
   2.3958650185074148     
   2.1315039965871199     
   1.8662500724236084     
   1.6003588876967032     
   1.3340346546819966     
   1.0674332017873738     
  0.80066698251580770     
  0.53381164318200569     
  0.26691382749208703     
   0.0000000000000000     
