   54.391515220237054     
   54.390464272066410     
   54.389029007141410     
   54.387299124126123     
   54.385320925059133     
   54.383123970390905     
   54.380729245329206     
   54.378152643506589     
   54.375406741646017     
   54.372501812489652     
   54.369446451034783     
   54.366247985434974     
   54.362912759345825     
   54.359446333229499     
   54.355853632281907     
   54.352139057911167     
   54.348306573562276     
   54.344359772014492     
   54.340301928997853     
   54.336136046510376     
   54.331864888248433     
   54.327491008906073     
   54.323016778643883     
   54.318444403705442     
   54.313775943928121     
   54.309013327724877     
   54.304158364988353     
   54.299212758273683     
   54.294178112544287     
   54.289055943709805     
   54.283847686141975     
   54.278554699320665     
   54.273178273735063     
   54.267719636144200     
   54.262179954283411     
   54.256560341089461     
   54.250861858505829     
   54.245085520920185     
   54.239232298278502     
   54.233303118913810     
   54.227298872122212     
   54.221220410514505     
   54.215068552167708     
   54.208844082597928     
   54.202547756572955     
   54.196180299781027     
   54.189742410369909     
   54.183234760368926     
   54.176657997005051     
   54.170012743922932     
   54.163299602317551     
   54.156519151987425     
   54.149671952315074     
   54.142758543181287     
   54.135779445818514     
   54.128735163608539     
   54.121626182828933     
   54.114452973352250     
   54.107215989301800     
   54.099915669667311     
   54.092552438883374     
   54.085126707373583     
   54.077638872062806     
   54.070089316859764     
   54.062478413112281     
   54.054806520036763     
   54.047073985123895     
   54.039281144522114     
   54.031428323400185     
   54.023515836290386     
   54.015543987413558     
   54.007513070986995     
   53.999423371516301     
   53.991275164072405     
   53.983068714554300     
   53.974804279938489     
   53.966482108515962     
   53.958102440117379     
   53.949665506327108     
   53.941171530686717     
   53.932620728888551     
   53.924013308959879     
   53.915349471438219     
   53.906629409538120     
   53.897853309309930     
   53.889021349791065     
   53.880133703150051     
   53.871190534823491     
   53.862192003646783     
   53.853138261978387     
   53.844029455818315     
   53.834865724920839     
   53.825647202901841     
   53.816374017340991     
   53.807046289879011     
   53.797664136310139     
   53.788227666670082     
   53.778736985319696     
   53.769192191024409     
   53.759593377029667     
   53.749940631132525     
   53.740234035749573     
   53.730473667981215     
   53.720659599672594     
   53.710791897471196     
   53.700870622881190     
   53.690895832314773     
   53.680867577140411     
   53.670785903728358     
   53.660650853493152     
   53.650462462933625     
   53.640220763670122     
   53.629925782479219     
   53.619577541325960     
   53.609176057393647     
   53.598721343111293     
   53.588213406178767     
   53.577652249589725     
   53.567037871652310     
   53.556370266007704     
   53.545649421646601     
   53.534875322923689     
   53.524047949569969     
   53.513167276703250     
   53.502233274836577     
   53.491245909884846     
   53.480205143169449     
   53.469110931421149     
   53.457963226781025     
   53.446761976799685     
   53.435507124434629     
   53.424198608045920     
   53.412836361390006     
   53.401420313611865     
   53.389950389235388     
   53.378426508152032     
   53.366848585607819     
   53.355216532188592     
   53.343530253803507     
   53.331789651666973     
   53.319994622278784     
   53.308145057402584     
   53.296240844042650     
   53.284281864418965     
   53.272267995940631     
   53.260199111177471     
   53.248075077829995     
   53.235895758697616     
   53.223661011645149     
   53.211370689567502     
   53.199024640352697     
   53.186622706842954     
   53.174164726794153     
   53.161650532833370     
   53.149079952414546     
   53.136452807772422     
   53.123768915874521     
   53.111028088371157     
   53.098230131543581     
   53.085374846250190     
   53.072462027870635     
   53.059491466247962     
   53.046462945628740     
   53.033376244600966     
   53.020231136029949     
   53.007027386991922     
   52.993764758705503     
   52.980443006460860     
   52.967061879546591     
   52.953621121174187     
   52.940120468400153     
   52.926559652045654     
   52.912938396613569     
   52.899256420203102     
   52.885513434421647     
   52.871709144294002     
   52.857843248168827     
   52.843915437622243     
   52.829925397358558     
   52.815872805107986     
   52.801757331521358     
   52.787578640061675     
   52.773336386892424     
   52.759030220762639     
   52.744659782888604     
   52.730224706831876     
   52.715724618374004     
   52.701159135387350     
   52.686527867702182     
   52.671830416969932     
   52.657066376522337     
   52.642235331226530     
   52.627336857335820     
   52.612370522336114     
   52.597335884787825     
   52.582232494163058     
   52.567059890678152     
   52.551817605121030     
   52.536505158673656     
   52.521122062729113     
   52.505667818703266     
   52.490141917840781     
   52.474543841015368     
   52.458873058524020     
   52.443129029875031     
   52.427311203569680     
   52.411419016877211     
   52.395451895603053     
   52.379409253849872     
   52.363290493771416     
   52.347095005318671     
   52.330822165978255     
   52.314471340502642     
   52.298041880631999     
   52.281533124807318     
   52.264944397874523     
   52.248275010779267     
   52.231524260251923     
   52.214691428482652     
   52.197775782786024     
   52.180776575254797     
   52.163693042402464     
   52.146524404794285     
   52.129269866666071     
   52.111928615530587     
   52.094499821770782     
   52.076982638219647     
   52.059376199725882     
   52.041679622705054     
   52.023892004675524     
   52.006012423778529     
   51.988039938281936     
   51.969973586066914     
   51.951812384096712     
   51.933555327867062     
   51.915201390837254     
   51.896749523841159     
   51.878198654477345     
   51.859547686477427     
   51.840795499051765     
   51.821940946211427     
   51.802982856065569     
   51.783920030093022     
   51.764751242387085     
   51.745475238872267     
   51.726090736491791     
   51.706596422364633     
   51.686990952910563     
   51.667272952941914     
   51.647441014720563     
   51.627493696978433     
   51.607429523900002     
   51.587246984064947     
   51.566944529349165     
   51.546520573782104     
   51.525973492358546     
   51.505301619802495     
   51.484503249281005     
   51.463576631065479     
   51.442519971137997     
   51.421331429739844     
   51.400009119859533     
   51.378551105657309     
   51.356955400822955     
   51.335219966863498     
   51.313342711317453     
   51.291321485891622     
   51.269154084516686     
   51.246838241317256     
   51.224371628492115     
   51.201751854099662     
   51.178976459743836     
   51.156042918154910     
   51.132948630659889     
   51.109690924536189     
   51.086267050242348     
   51.062674178519103     
   51.038909397353542     
   51.014969708798596     
   50.990852025639917     
   50.966553167901239     
   50.942069859179128     
   50.917398722797181     
   50.892536277769004     
   50.867478934559045     
   50.842222990628862     
   50.816764625756264     
   50.791099897113455     
   50.765224734089493     
   50.739134932841260     
   50.712826150556253     
   50.686293899408788     
   50.659533540190395     
   50.632540275593634     
   50.605309143126711     
   50.577835007634938     
   50.550112553403068     
   50.522136275810745     
   50.493900472510752     
   50.465399234097973     
   50.436626434233794     
   50.407575719188316     
   50.378240496759751     
   50.348613924526347     
   50.318688897383623     
   50.288458034314857     
   50.257913664338552     
   50.227047811572291     
   50.195852179346481     
   50.164318133296241     
   50.132436683352843     
   50.100198464549706     
   50.067593716549588     
   50.034612261791629     
   50.001243482147181     
   49.967476293963031     
   49.933299121359127     
   49.898699867635031     
   49.863665884625426     
   49.828183939828648     
   49.792240181115268     
   49.755820098803774     
   49.718908484868599     
   49.681489389021394     
   49.643546071378971     
   49.605060951400759     
   49.566015552744112     
   49.526390443646832     
   49.486165172403155     
   49.445318197449538     
   49.403826811521270     
   49.361667059277863     
   49.318813647723346     
   49.275239848666537     
   49.230917392373634     
   49.185816351459735     
   49.139905013945089     
   49.093149744263471     
   49.045514830850898     
   48.996962318760019     
   48.947451825534358     
   48.896940338332300     
   48.845381990007731     
   48.792727811525339     
   48.738925457704944     
   48.683918902841214     
   48.627648102220206     
   48.570048614936404     
   48.511051182686643     
   48.450581258355818     
   48.388558477187935     
   48.324896062118661     
   48.259500153391471     
   48.192269050833964     
   48.123092355069140     
   48.051849991394526     
   47.978411096974241     
   47.902632748222366     
   47.824358500638695     
   47.743416707670818     
   47.659618578134967     
   47.572755922962955     
   47.482598531070110     
   47.388891100319817     
   47.291349632048657     
   47.189657175274085     
   47.083458778005500     
   46.972355465931336     
   46.855897020298144     
   46.733573263058091     
   46.604803472776325     
   46.468923441479923     
   46.325169529309143     
   46.172658864139940     
   46.010364543257481     
   45.837084287902734     
   45.651400425049516     
   45.451628241183229     
   45.235748540800856     
   45.001318442493194     
   44.745351725683499     
   44.464155853588963     
   44.153106220579559     
   43.806327619610421     
   43.416235615491793     
   42.972861463408229     
   42.462834379938741     
   41.867807802250219     
   41.161961912580971     
   40.307942858178656     
   39.250143785397086     
   37.903603747795188     
   36.136593640567206     
   33.748440082508289     
   30.462618800479358     
   26.003520553311379     
   20.328203166333360     
   13.800420036533886     
   6.9289969160984866     
   0.0000000000000000     
