   28.507219519342520     
   28.506416662429103     
   28.505286681650798     
   28.503906897453650     
   28.502316919769864     
   28.500541943808074     
   28.498599816458075     
   28.496504034488950     
   28.494265266593608     
   28.491892219996213     
   28.489392175242930     
   28.486771336600992     
   28.484035072555763     
   28.481188087117371     
   28.478234545605471     
   28.475178169377962     
   28.472022308718582     
   28.468769999961665     
   28.465424010984108     
   28.461986877944398     
   28.458460935322236     
   28.454848340752271     
   28.451151095757755     
   28.447371063215471     
   28.443509982186310     
   28.439569480601261     
   28.435551086185985     
   28.431456235926365     
   28.427286284316430     
   28.423042510582892     
   28.418726125043946     
   28.414338274731325     
   28.409880048381698     
   28.405352480885650     
   28.400756557267524     
   28.396093216257974     
   28.391363353511103     
   28.386567824510401     
   28.381707447201066     
   28.376783004380886     
   28.371795245877333     
   28.366744890534775     
   28.361632628032584     
   28.356459120552021     
   28.351225004307626     
   28.345930890956996     
   28.340577368900860     
   28.335165004484239     
   28.329694343107981     
   28.324165910259168     
   28.318580212467580     
   28.312937738194979     
   28.307238958663063     
   28.301484328625239     
   28.295674287087099     
   28.289809257979766     
   28.283889650789877     
   28.277915861149776     
   28.271888271390861     
   28.265807251063077     
   28.259673157422988     
   28.253486335892813     
   28.247247120492510     
   28.240955834246876     
   28.234612789569361     
   28.228218288624291     
   28.221772623668866     
   28.215276077376384     
   28.208728923141852     
   28.202131425371189     
   28.195483839755024     
   28.188786413528078     
   28.182039385714983     
   28.175242987363458     
   28.168397441765457     
   28.161502964667125     
   28.154559764468189     
   28.147568042411269     
   28.140527992761857     
   28.133439802979339     
   28.126303653879631     
   28.119119719789850     
   28.111888168695387     
   28.104609162379909     
   28.097282856558508     
   28.089909401004448     
   28.082488939669762     
   28.075021610800007     
   28.067507547043505     
   28.059946875555276     
   28.052339718095919     
   28.044686191125713     
   28.036986405894044     
   28.029240468524527     
   28.021448480095859     
   28.013610536718641     
   28.005726729608369     
   27.997797145154674     
   27.989821864987029     
   27.981800966037014     
   27.973734520597308     
   27.965622596377472     
   27.957465256556738     
   27.949262559833784     
   27.941014560473686     
   27.932721308352150     
   27.924382848997045     
   27.915999223627352     
   27.907570469189647     
   27.899096618392143     
   27.890577699736422     
   27.882013737546782     
   27.873404751997455     
   27.864750759137642     
   27.856051770914380     
   27.847307795193434     
   27.838518835778064     
   27.829684892425949     
   27.820805960864089     
   27.811882032801854     
   27.802913095942170     
   27.793899133990902     
   27.784840126664410     
   27.775736049695382     
   27.766586874836918     
   27.757392569864887     
   27.748153098578605     
   27.738868420799854     
   27.729538492370203     
   27.720163265146759     
   27.710742686996205     
   27.701276701787322     
   27.691765249381799     
   27.682208265623551     
   27.672605682326353     
   27.662957427259986     
   27.653263424134696     
   27.643523592584142     
   27.633737848146744     
   27.623906102245453     
   27.614028262165906     
   27.604104231033002     
   27.594133907785931     
   27.584117187151506     
   27.574053959615924     
   27.563944111394935     
   27.553787524402292     
   27.543584076216607     
   27.533333640046521     
   27.523036084694166     
   27.512691274516971     
   27.502299069387679     
   27.491859324652648     
   27.481371891088408     
   27.470836614856363     
   27.460253337455701     
   27.449621895674465     
   27.438942121538712     
   27.428213842259783     
   27.417436880179611     
   27.406611052714062     
   27.395736172294239     
   27.384812046305736     
   27.373838477025817     
   27.362815261558406     
   27.351742191766935     
   27.340619054204925     
   27.329445630044315     
   27.318221695001444     
   27.306947019260640     
   27.295621367395395     
   27.284244498287006     
   27.272816165040677     
   27.261336114898985     
   27.249804089152690     
   27.238219823048766     
   27.226583045695577     
   27.214893479965216     
   27.203150842392827     
   27.191354843072858     
   27.179505185552237     
   27.167601566720233     
   27.155643676695075     
   27.143631198707158     
   27.131563808978669     
   27.119441176599704     
   27.107262963400622     
   27.095028823820599     
   27.082738404772233     
   27.070391345502099     
   27.057987277447172     
   27.045525824086909     
   27.033006600790930     
   27.020429214662123     
   27.007793264375032     
   26.995098340009413     
   26.982344022878767     
   26.969529885353662     
   26.956655490679843     
   26.943720392790681     
   26.930724136114037     
   26.917666255373227     
   26.904546275381922     
   26.891363710832746     
   26.878118066079448     
   26.864808834912306     
   26.851435500326687     
   26.837997534284366     
   26.824494397467472     
   26.810925539024780     
   26.797290396310025     
   26.783588394612046     
   26.769818946876381     
   26.755981453418087     
   26.742075301625448     
   26.728099865654173     
   26.714054506111879     
   26.699938569732360     
   26.685751389039361     
   26.671492281999427     
   26.657160551663456     
   26.642755485796474     
   26.628276356495267     
   26.613722419793319     
   26.599092915252697     
   26.584387065542224     
   26.569604076001539     
   26.554743134190474     
   26.539803409423097     
   26.524784052285924     
   26.509684194139581     
   26.494502946603326     
   26.479239401021726     
   26.463892627912738     
   26.448461676396498     
   26.432945573603945     
   26.417343324064571     
   26.401653909072316     
   26.385876286028751     
   26.370009387762636     
   26.354052121824775     
   26.338003369757203     
   26.321861986335517     
   26.305626798783319     
   26.289296605957428     
   26.272870177502689     
   26.256346252975021     
   26.239723540931255     
   26.223000717984362     
   26.206176427822477     
   26.189249280190047     
   26.172217849829522     
   26.155080675381623     
   26.137836258242366     
   26.120483061374891     
   26.103019508073821     
   26.085443980680115     
   26.067754819243962     
   26.049950320133224     
   26.032028734584859     
   26.013988267196609     
   25.995827074355901     
   25.977543262603049     
   25.959134886925352     
   25.940599948978768     
   25.921936395233441     
   25.903142115039298     
   25.884214938607560     
   25.865152634903900     
   25.845952909448698     
   25.826613402019412     
   25.807131684250120     
   25.787505257122522     
   25.767731548342866     
   25.747807909598425     
   25.727731613687109     
   25.707499851513141     
   25.687109728941543     
   25.666558263503408     
   25.645842380943680     
   25.624958911602405     
   25.603904586620022     
   25.582676033956485     
   25.561269774213319     
   25.539682216247186     
   25.517909652562430     
   25.495948254469486     
   25.473794066994987     
   25.451443003528397     
   25.428890840189016     
   25.406133209896005     
   25.383165596122744     
   25.359983326315607     
   25.336581564955701     
   25.312955306240511     
   25.289099366360713     
   25.265008375345445     
   25.240676768447443     
   25.216098777037061     
   25.191268418971905     
   25.166179488406062     
   25.140825545000215     
   25.115199902490563     
   25.089295616571288     
   25.063105472041428     
   25.036621969162915     
   25.009837309172230     
   24.982743378882933     
   24.955331734311301     
   24.927593583250971     
   24.899519766716452     
   24.871100739167755     
   24.842326547420811     
   24.813186808139523     
   24.783670683795702     
   24.753766856972572     
   24.723463502875582     
   24.692748259901538     
   24.661608198102282     
   24.630029785363330     
   24.597998851099852     
   24.565500547252544     
   24.532519306343776     
   24.499038796329465     
   24.465041871954618     
   24.430510522289079     
   24.395425814085574     
   24.359767830562689     
   24.323515605171494     
   24.286647049854814     
   24.249138877252154     
   24.210966516239822     
   24.172104020124010     
   24.132523966723131     
   24.092197349482898     
   24.051093458662255     
   24.009179751507588     
   23.966421710194961     
   23.922782686162080     
   23.878223729270335     
   23.832703400028386     
   23.786177562867831     
   23.738599158182865     
   23.689917950522808     
   23.640080249950930     
   23.589028603145533     
   23.536701450308229     
   23.483032743345376     
   23.427951520085088     
   23.371381428462975     
   23.313240193629447     
   23.253439019768795     
   23.191881917036934     
   23.128464942372851     
   23.063075340959511     
   22.995590572729213     
   22.925877205433864     
   22.853789652315921     
   22.779168728173250     
   22.701839992424102     
   22.621611841407031     
   22.538273304287980     
   22.451591487195440     
   22.361308598048861     
   22.267138469311210     
   22.168762476696845     
   22.065824727528017     
   21.957926361394009     
   21.844618765932182     
   21.725395459090656     
   21.599682322305039     
   21.466825781365031     
   21.326078416111823     
   21.176581326440136     
   21.017342376351220     
   20.847209160338753     
   20.664835159489620     
   20.468637039293430     
   20.256740332358483     
   20.026909770477804     
   19.776459177269444     
   19.502133968368000     
   19.199956768988130     
   18.865023302592405     
   18.491231536345875     
   18.070922637304125     
   17.594409706677784     
   17.049375724549105     
   16.420151896304080     
   15.686980362715802     
   14.825601890325457     
   13.808015187347534     
   12.606054563809025     
   11.199818361240741     
   9.5904935029424649     
   7.8096704368299887     
   5.9126817741380489     
   3.9564345372538625     
   1.9798842902421634     
   0.0000000000000000     
