   4.1304380207270448     
   4.1303375530902517     
   4.1301474638598936     
   4.1298736925496895     
   4.1295205393891621     
   4.1290914047612848     
   4.1285891084272359     
   4.1280160606586280     
   4.1273743658811961     
   4.1266658906693285     
   4.1258923109669805     
   4.1250551463161651     
   4.1241557855118254     
   4.1231955063550867     
   4.1221754912030457     
   4.1210968394388914     
   4.1199605776314296     
   4.1187676679255736     
   4.1175190150544143     
   4.1162154722607509     
   4.1148578463440524     
   4.1134469019976558     
   4.1119833655637148     
   4.1104679283059129     
   4.1089012492792412     
   4.1072839578604476     
   4.1056166559906409     
   4.1038999201720943     
   4.1021343032538615     
   4.1003203360349199     
   4.0984585287088251     
   4.0965493721700401     
   4.0945933391989762     
   4.0925908855402522     
   4.0905424508865531     
   4.0884484597787347     
   4.0863093224313438     
   4.0841254354915284     
   4.0818971827382349     
   4.0796249357277601     
   4.0773090543909403     
   4.0749498875866363     
   4.0725477736156366     
   4.0701030406986067     
   4.0676160074213152     
   4.0650869831500165     
   4.0625162684195519     
   4.0599041552964605     
   4.0572509277191697     
   4.0545568618170984     
   4.0518222262103629     
   4.0490472822915686     
   4.0462322844910643     
   4.0433774805268916     
   4.0404831116405404     
   4.0375494128195459     
   4.0345766130078484     
   4.0315649353047540     
   4.0285145971533050     
   4.0254258105187306     
   4.0222987820576597     
   4.0191337132786815     
   4.0159308006948047     
   4.0126902359683294     
   4.0094122060485882     
   4.0060968933030061     
   4.0027444756418573     
   3.9993551266371035     
   3.9959290156356539     
   3.9924663078673590     
   3.9889671645480398     
   3.9854317429778221     
   3.9818601966350324     
   3.9782526752658942     
   3.9746093249702499     
   3.9709302882835034     
   3.9672157042549903     
   3.9634657085229468     
   3.9596804333862550     
   3.9558600078731088     
   3.9520045578067644     
   3.9481142058685079     
   3.9441890716579633     
   3.9402292717508769     
   3.9362349197544835     
   3.9322061263605645     
   3.9281429993963028     
   3.9240456438730287     
   3.9199141620329434     
   3.9157486533939165     
   3.9115492147924154     
   3.9073159404246760     
   3.9030489218861519     
   3.8987482482093325     
   3.8944140058999861     
   3.8900462789718864     
   3.8856451489800832     
   3.8812106950527707     
   3.8767429939218006     
   3.8722421199518977     
   3.8677081451686113     
   3.8631411392850596     
   3.8585411697274923     
   3.8539083016597280     
   3.8492425980064913     
   3.8445441194756849     
   3.8398129245796406     
   3.8350490696553639     
   3.8302526088838240     
   3.8254235943082944     
   3.8205620758517869     
   3.8156681013336020     
   3.8107417164850124     
   3.8057829649641146     
   3.8007918883698601     
   3.7957685262552925     
   3.7907129161400044     
   3.7856250935218436     
   3.7805050918878780     
   3.7753529427246333     
   3.7701686755276285     
   3.7649523178102173     
   3.7597038951117527     
   3.7544234310050886     
   3.7491109471034263     
   3.7437664630665228     
   3.7383899966062746     
   3.7329815634916788     
   3.7275411775531868     
   3.7220688506864659     
   3.7165645928555611     
   3.7110284120954877     
   3.7054603145142395     
   3.6998603042942380     
   3.6942283836932166     
   3.6885645530445572     
   3.6828688107570735     
   3.6771411533142513     
   3.6713815752729562     
   3.6655900692616039     
   3.6597666259778010     
   3.6539112341854558     
   3.6480238807113752     
   3.6421045504413310     
   3.6361532263156136     
   3.6301698893240664     
   3.6241545185006041     
   3.6181070909172237     
   3.6120275816774927     
   3.6059159639095300     
   3.5997722087584747     
   3.5935962853784353     
   3.5873881609239326     
   3.5811478005408262     
   3.5748751673567156     
   3.5685702224708398     
   3.5622329249434412     
   3.5558632317846151     
   3.5494610979426309     
   3.5430264762917294     
   3.5365593176193837     
   3.5300595706130253     
   3.5235271818462328     
   3.5169620957643759     
   3.5103642546697111     
   3.5037335987059230     
   3.4970700658421054     
   3.4903735918561791     
   3.4836441103177362     
   3.4768815525703110     
   3.4700858477130625     
   3.4632569225818663     
   3.4563947017298062     
   3.4494991074070591     
   3.4425700595401656     
   3.4356074757106736     
   3.4286112711331480     
   3.4215813586325363     
   3.4145176486208859     
   3.4074200490733877     
   3.4002884655037584     
   3.3931228009389245     
   3.3859229558930117     
   3.3786888283406302     
   3.3714203136894283     
   3.3641173047519155     
   3.3567796917165329     
   3.3494073621179616     
   3.3420002008066532     
   3.3345580899175591     
   3.3270809088380600     
   3.3195685341750609     
   3.3120208397212449     
   3.3044376964204636     
   3.2968189723322543     
   3.2891645325954499     
   3.2814742393908745     
   3.2737479519031010     
   3.2659855262812463     
   3.2581868155987848     
   3.2503516698123596     
   3.2424799357195648     
   3.2345714569156714     
   3.2266260737492818     
   3.2186436232768751     
   3.2106239392162279     
   3.2025668518986699     
   3.1944721882201565     
   3.1863397715911224     
   3.1781694218850847     
   3.1699609553859673     
   3.1617141847341110     
   3.1534289188709348     
   3.1451049629822121     
   3.1367421184399213     
   3.1283401827426407     
   3.1198989494544431     
   3.1114182081422435     
   3.1028977443115680     
   3.0943373393406861     
   3.0857367704130745     
   3.0770958104481498     
   3.0684142280302362     
   3.0596917873356992     
   3.0509282480582036     
   3.0421233653320345     
   3.0332768896534268     
   3.0243885667998427     
   3.0154581377471286     
   3.0064853385844921     
   2.9974699004272343     
   2.9884115493271546     
   2.9793100061805671     
   2.9701649866338475     
   2.9609762009864293     
   2.9517433540911697     
   2.9424661452519989     
   2.9331442681187583     
   2.9237774105791416     
   2.9143652546476360     
   2.9049074763513616     
   2.8954037456127066     
   2.8858537261286461     
   2.8762570752466265     
   2.8666134438369011     
   2.8569224761611842     
   2.8471838097374951     
   2.8373970752010607     
   2.8275618961611224     
   2.8176778890535066     
   2.8077446629887945     
   2.7977618195959377     
   2.7877289528611366     
   2.7776456489618124     
   2.7675114860954735     
   2.7573260343032926     
   2.7470888552881805     
   2.7367995022271407     
   2.7264575195776830     
   2.7160624428780524     
   2.7056137985410351     
   2.6951111036410658     
   2.6845538656943808     
   2.6739415824319130     
   2.6632737415646375     
   2.6525498205410436     
   2.6417692862964102     
   2.6309315949935268     
   2.6200361917544956     
   2.6090825103832271     
   2.5980699730782222     
   2.5869979901352189     
   2.5758659596392479     
   2.5646732671456216     
   2.5534192853493685     
   2.5421033737425742     
   2.5307248782590879     
   2.5192831309060049     
   2.5077774493813130     
   2.4962071366770551     
   2.4845714806673267     
   2.4728697536803828     
   2.4611012120541047     
   2.4492650956740141     
   2.4373606274929966     
   2.4253870130318358     
   2.4133434398596174     
   2.4012290770530091     
   2.3890430746333560     
   2.3767845629804927     
   2.3644526522220830     
   2.3520464315972518     
   2.3395649687931983     
   2.3270073092533932     
   2.3143724754558992     
   2.3016594661602570     
   2.2888672556212928     
   2.2759947927681057     
   2.2630410003463988     
   2.2500047740222020     
   2.2368849814449212     
   2.2236804612675347     
   2.2103900221216186     
   2.1970124415447567     
   2.1835464648577356     
   2.1699908039887812     
   2.1563441362419273     
   2.1426051030064284     
   2.1287723084039558     
   2.1148443178701148     
   2.1008196566666184     
   2.0866968083202355     
   2.0724742129844054     
   2.0581502657191493     
   2.0437233146846832     
   2.0291916592438302     
   2.0145535479680650     
   1.9998071765417167     
   1.9849506855585248     
   1.9699821582044177     
   1.9548996178200206     
   1.9397010253360354     
   1.9243842765742316     
   1.9089471994063854     
   1.8933875507630722     
   1.8777030134837722     
   1.8618911929992819     
   1.8459496138369365     
   1.8298757159386565     
   1.8136668507813130     
   1.7973202772883778     
   1.7808331575212928     
   1.7642025521384423     
   1.7474254156090803     
   1.7304985911690134     
   1.7134188055043258     
   1.6961826631489214     
   1.6787866405811911     
   1.6612270800046998     
   1.6435001827974167     
   1.6256020026137679     
   1.6075284381236208     
   1.5892752253723090     
   1.5708379297459918     
   1.5522119375270331     
   1.5333924470248061     
   1.5143744592683503     
   1.4951527682488164     
   1.4757219507016386     
   1.4560763554210350     
   1.4362100921029097     
   1.4161170197166100     
   1.3957907344115845     
   1.3752245569719286     
   1.3544115198404552     
   1.3333443537445877     
   1.3120154739694683     
   1.2904169663396829     
   1.2685405729905104     
   1.2463776780332894     
   1.2239192932481791     
   1.2011560439722482     
   1.1780781553925870     
   1.1546754395043806     
   1.1309372830541817     
   1.1068526368608635     
   1.0824100069931175     
   1.0575974483854351     
   1.0324025615972614     
   1.0068124935658291     
  0.98081394337603900     
  0.95439317427503756     
  0.92753603339990021     
  0.90022798096956780     
  0.87245413102296288     
  0.84419930617051153     
  0.81544810927289546     
  0.78618501547570763     
  0.75639448861864078     
  0.72606112670968304     
  0.69516984191520492     
  0.66370608137333087     
  0.63165609610114393     
  0.59900726635509838     
  0.56574849305790731     
  0.53187066640871483     
  0.49736722472783607     
  0.46223481933592059     
  0.42647410563131621     
  0.39009068817220877     
  0.35309626192106491     
  0.31551001980100329     
  0.27736045143666543     
  0.23868775814029780     
  0.19954724302393018     
  0.16001390529428025     
  0.12018639239817427     
   8.0180595627999077E-002
   4.0099375043822716E-002
   0.0000000000000000     
