   61.138737866221732
   61.137884539887800
   61.136727924937880
   61.135338309669820
   61.133752148766519
   61.131992762584701
   61.130076725058501
   61.128016597892717
   61.125822326221886
   61.123502036283732
   61.121062529052246
   61.118509604369194
   61.115848283794705
   61.113082969566790
   61.110217561455975
   61.107255544855249
   61.104200058616826
   61.101053948256990
   61.097819808353719
   61.094500016805831
   61.091096762859081
   61.087612070285708
   61.084047816744707
   61.080405750096119
   61.076687502258864
   61.072894601068469
   61.069028480491077
   61.065090489475736
   61.061081899669681
   61.057003912177919
   61.052857663513912
   61.048644230861896
   61.044364636749762
   61.040019853214623
   61.035610805530013
   61.031138375551990
   61.026603404732782
   61.022006696843398
   61.017349020440058
   61.012631111104682
   61.007853673485421
   61.003017383159396
   60.998122888336979
   60.993170811424584
   60.988161750460613
   60.983096280437373
   60.977974954520356
   60.972798305174862
   60.967566845208623
   60.962281068738356
   60.956941452087150
   60.951548454618823
   60.946102519514902
   60.940604074498872
   60.935053532512342
   60.929451292347089
   60.923797739236484
   60.918093245409466
   60.912338170610177
   60.906532862585770
   60.900677657544733
   60.894772880588079
   60.888818846115178
   60.882815858206229
   60.876764210982898
   60.870664188948737
   60.864516067310554
   60.858320112282300
   60.852076581372323
   60.845785723655439
   60.839447780030312
   60.833062983463513
   60.826631559220807
   60.820153725086620
   60.813629691572153
   60.807059662113133
   60.800443833257539
   60.793782394844030
   60.787075530171535
   60.780323416160456
   60.773526223506074
   60.766684116824464
   60.759797254791344
   60.752865790274264
   60.745889870458377
   60.738869636966271
   60.731805225972046
   60.724696768309919
   60.717544389577668
   60.710348210235139
   60.703108345698070
   60.695824906427369
   60.688497998014157
   60.681127721260694
   60.673714172257391
   60.666257442456015
   60.658757618739436
   60.651214783487774
   60.643629014641341
   60.636000385760383
   60.628328966081710
   60.620614820572520
   60.612858009981259
   60.605058590885825
   60.597216615739164
   60.589332132912268
   60.581405186734791
   60.573435817533216
   60.565424061666825
   60.557369951561391
   60.549273515740694
   60.541134778856012
   60.532953761713529
   60.524730481299798
   60.516464950805279
   60.508157179646005
   60.499807173483390
   60.491414934242336
   60.482980460127550
   60.474503745638138
   60.465984781580595
   60.457423555080084
   60.448820049590218
   60.440174244901179
   60.431486117146356
   60.422755638807402
   60.413982778717887
   60.405167502065389
   60.396309770392136
   60.387409541594309
   60.378466769919754
   60.369481405964471
   60.360453396667559
   60.351382685304898
   60.342269211481330
   60.333112911121596
   60.323913716459820
   60.314671556027669
   60.305386354641222
   60.296058033386387
   60.286686509603072
   60.277271696867899
   60.267813504975685
   60.258311839919493
   60.248766603869328
   60.239177695149564
   60.229545008214885
   60.219868433624939
   60.210147858017599
   60.200383164080712
   60.190574230522635
   60.180720932041275
   60.170823139291606
   60.160880718851843
   60.150893533188160
   60.140861440617847
   60.130784295271063
   60.120661947051005
   60.110494241592548
   60.100281020219313
   60.090022119899174
   60.079717373198129
   60.069366608232563
   60.058969648619730
   60.048526313426692
   60.038036417117404
   60.027499769498085
   60.016916175660789
   60.006285435925065
   59.995607345777849
   59.984881695811374
   59.974108271659155
   59.963286853929901
   59.952417218139423
   59.941499134640502
   59.930532368550452
   59.919516679676697
   59.908451822439879
   59.897337545794869
   59.886173593149124
   59.874959702278979
   59.863695605243059
   59.852381028293479
   59.841015691784222
   59.829599310076766
   59.818131591443141
   59.806612237965894
   59.795040945435311
   59.783417403243533
   59.771741294275522
   59.760012294796958
   59.748230074338714
   59.736394295578002
   59.724504614215995
   59.712560678851958
   59.700562130853470
   59.688508604222974
   59.676399725460364
   59.664235113421419
   59.652014379172115
   59.639737125838536
   59.627402948452392
   59.615011433791757
   59.602562160217282
   59.590054697503213
   59.577488606663451
   59.564863439772353
   59.552178739779876
   59.539434040321389
   59.526628865521452
   59.513762729791551
   59.500835137621621
   59.487845583365178
   59.474793551017605
   59.461678513987565
   59.448499934861303
   59.435257265159336
   59.421949945085487
   59.408577403267977
   59.395139056492098
   59.381634309424371
   59.368062554327643
   59.354423170767063
   59.340715525306301
   59.326938971193840
   59.313092848038806
   59.299176481476088
   59.285189182820197
   59.271130248707536
   59.256998960726492
   59.242794585034972
   59.228516371964837
   59.214163555612657
   59.199735353416415
   59.185230965717295
   59.170649575306236
   59.155990346954397
   59.141252426926968
   59.126434942479705
   59.111537001337176
   59.096557691152334
   59.081496078946259
   59.066351210527515
   59.051122109889896
   59.035807778588065
   59.020407195089646
   59.004919314103034
   58.989343065879844
   58.973677355490622
   58.957921062072828
   58.942073038049791
   58.926132108319287
   58.910097069410220
   58.893966688606270
   58.877739703034493
   58.861414818717655
   58.844990709588323
   58.828466016462905
   58.811839345973929
   58.795109269458258
   58.778274321799302
   58.761333000220795
   58.744283763029927
   58.727125028307192
   58.709855172540315
   58.692472529199399
   58.674975387250313
   58.657361989603181
   58.639630531492621
   58.621779158786111
   58.603805966216740
   58.585708995536372
   58.567486233584965
   58.549135610271520
   58.530654996461813
   58.512042201768004
   58.493294972234494
   58.474410987914382
   58.455387860330397
   58.436223129813740
   58.416914262713945
   58.397458648472245
   58.377853596550601
   58.358096333207996
   58.338183998114886
   58.318113640796277
   58.297882216893051
   58.277486584230587
   58.256923498682902
   58.236189609819625
   58.215281456322373
   58.194195461155978
   58.172927926478984
   58.151475028276707
   58.129832810699021
   58.107997180083352
   58.085963898642291
   58.063728577793405
   58.041286671107088
   58.018633466846531
   57.995764080071766
   57.972673444277369
   57.949356302531314
   57.925807198079241
   57.902020464376108
   57.877990214503363
   57.853710329926862
   57.829174448546397
   57.804375951983680
   57.779307952051134
   57.753963276338382
   57.728334452848010
   57.702413693605777
   57.676192877163601
   57.649663529906107
   57.622816806063227
   57.595643466321832
   57.568133854919196
   57.540277875089686
   57.512064962723201
   57.483484058079853
   57.454523575389416
   57.425171370146501
   57.395414703892747
   57.365240206255010
   57.334633833983823
   57.303580826708640
   57.272065659094849
   57.240071989052289
   57.207582601605139
   57.174579347987972
   57.141043079481470
   57.106953575443548
   57.072289464925547
   57.037028141188003
   57.001145668344769
   56.964616679266037
   56.927414263758429
   56.889509845910901
   56.850873049346347
   56.811471548947061
   56.771270907423066
   56.730234394861924
   56.688322789130012
   56.645494154682510
   56.601703596973238
   56.556902989226188
   56.511040667825498
   56.464061091984682
   56.415904462650232
   56.366506294756029
   56.315796935946089
   56.263701023686515
   56.210136871251500
   56.155015771335663
   56.098241203947040
   56.039707932683690
   55.979300970379342
   55.916894391276152
   55.852349962161128
   55.785515559045400
   55.716223328662345
   55.644287544897324
   55.569502098698258
   55.491637545326753
   55.410437614022037
   55.325615060948081
   55.236846714877416
   55.143767523951475
   55.045963357587986
   54.942962245311122
   54.834223637026199
   54.719125137055634
   54.596945982512956
   54.466846283739805
   54.327840688171712
   54.178764619731645
   54.018230507063109
   53.844570324638234
   53.655759136251461
   53.449311830475644
   53.222141334036166
   52.970360354673858
   52.688998501424990
   52.371589480905619
   52.009553408140100
   51.591246383346977
   51.100452134294756
   50.513905562848933
   49.797076599707623
   48.896724505896024
   47.727325516187115
   46.145999747464977
   43.908066874171702
   40.603934476973606
   35.646753964058476
   28.563037168391865
   19.649265941909150
   9.8976838532801352
   0.0000000000000000
