   1.7864521586162030     
   1.7864244243576590     
   1.7863695513137732     
   1.7862879351855585     
   1.7861798914970128     
   1.7860456886971054     
   1.7858855632979875     
   1.7856997283208105     
   1.7854883785791777     
   1.7852516942440109     
   1.7849898433824543     
   1.7847029838411976     
   1.7843912646886333     
   1.7840548273477781     
   1.7836938065051600     
   1.7833083308528974     
   1.7828985237037018     
   1.7824645035071414     
   1.7820063842878855     
   1.7815242760213761     
   1.7810182849586582     
   1.7804885139094262     
   1.7799350624903640     
   1.7793580273443990     
   1.7787575023353670     
   1.7781335787217369     
   1.7774863453123726     
   1.7768158886067884     
   1.7761222929219471     
   1.7754056405073020     
   1.7746660116495292     
   1.7739034847681729     
   1.7731181365032429     
   1.7723100417956601     
   1.7714792739613205     
   1.7706259047594450     
   1.7697500044557939     
   1.7688516418812532     
   1.7679308844862376     
   1.7669877983913025     
   1.7660224484343052     
   1.7650348982144266     
   1.7640252101333227     
   1.7629934454336476     
   1.7619396642351637     
   1.7608639255686400     
   1.7597662874077005     
   1.7586468066987908     
   1.7575055393893997     
   1.7563425404546635     
   1.7551578639224716     
   1.7539515628971782     
   1.7527236895820146     
   1.7514742953002922     
   1.7502034305154741     
   1.7489111448501904     
   1.7475974871042641     
   1.7462625052718075     
   1.7449062465574465     
   1.7435287573917295     
   1.7421300834457596     
   1.7407102696451040     
   1.7392693601830160     
   1.7378073985330100     
   1.7363244274608236     
   1.7348204890358012     
   1.7332956246417264     
   1.7317498749871354     
   1.7301832801151331     
   1.7285958794127443     
   1.7269877116198100     
   1.7253588148374621     
   1.7237092265361946     
   1.7220389835635408     
   1.7203481221513863     
   1.7186366779229254     
   1.7169046858992809     
   1.7151521805057992     
   1.7133791955780338     
   1.7115857643674353     
   1.7097719195467509     
   1.7079376932151527     
   1.7060831169031012     
   1.7042082215769552     
   1.7023130376433371     
   1.7003975949532617     
   1.6984619228060396     
   1.6965060499529598     
   1.6945300046007623     
   1.6925338144149018     
   1.6905175065226192     
   1.6884811075158161     
   1.6864246434537464     
   1.6843481398655273     
   1.6822516217524737     
   1.6801351135902656     
   1.6779986393309474     
   1.6758422224047707     
   1.6736658857218771     
   1.6714696516738317     
   1.6692535421350072     
   1.6670175784638241     
   1.6647617815038507     
   1.6624861715847616     
   1.6601907685231700     
   1.6578755916233179     
   1.6555406596776479     
   1.6531859909672415     
   1.6508116032621394     
   1.6484175138215360     
   1.6460037393938607     
   1.6435702962167389     
   1.6411172000168395     
   1.6386444660096116     
   1.6361521088989088     
   1.6336401428765071     
   1.6311085816215136     
   1.6285574382996710     
   1.6259867255625597     
   1.6233964555466946     
   1.6207866398725224     
   1.6181572896433210     
   1.6155084154439983     
   1.6128400273397923     
   1.6101521348748793     
   1.6074447470708848     
   1.6047178724252993     
   1.6019715189098018     
   1.5992056939684924     
   1.5964204045160313     
   1.5936156569356879     
   1.5907914570773007     
   1.5879478102551476     
   1.5850847212457264     
   1.5822021942854503     
   1.5793002330682524     
   1.5763788407431072     
   1.5734380199114630     
   1.5704777726245887     
   1.5674981003808359     
   1.5644990041228179     
   1.5614804842345011     
   1.5584425405382143     
   1.5553851722915719     
   1.5523083781843166     
   1.5492121563350767     
   1.5460965042880421     
   1.5429614190095544     
   1.5398068968846195     
   1.5366329337133333     
   1.5334395247072283     
   1.5302266644855380     
   1.5269943470713769     
   1.5237425658878427     
   1.5204713137540349     
   1.5171805828809937     
   1.5138703648675551     
   1.5105406506961283     
   1.5071914307283900     
   1.5038226947008988     
   1.5004344317206280     
   1.4970266302604189     
   1.4935992781543539     
   1.4901523625930477     
   1.4866858701188599     
   1.4831997866210251     
   1.4796940973307053     
   1.4761687868159619     
   1.4726238389766457     
   1.4690592370392093     
   1.4654749635514395     
   1.4618710003771100     
   1.4582473286905542     
   1.4546039289711588     
   1.4509407809977788     
   1.4472578638430740     
   1.4435551558677653     
   1.4398326347148149     
   1.4360902773035258     
   1.4323280598235641     
   1.4285459577289055     
   1.4247439457317017     
   1.4209219977960710     
   1.4170800871318132     
   1.4132181861880464     
   1.4093362666467693     
   1.4054342994163473     
   1.4015122546249255     
   1.3975701016137652     
   1.3936078089305073     
   1.3896253443223647     
   1.3856226747292406     
   1.3815997662767734     
   1.3775565842693163     
   1.3734930931828415     
   1.3694092566577785     
   1.3653050374917830     
   1.3611803976324410     
   1.3570352981699041     
   1.3528696993294631     
   1.3486835604640568     
   1.3444768400467182     
   1.3402494956629634     
   1.3360014840031178     
   1.3317327608545888     
   1.3274432810940802     
   1.3231329986797540     
   1.3188018666433414     
   1.3144498370822042     
   1.3100768611513471     
   1.3056828890553882     
   1.3012678700404849     
   1.2968317523862201     
   1.2923744833974526     
   1.2878960093961347     
   1.2833962757130946     
   1.2788752266797947     
   1.2743328056200653     
   1.2697689548418178     
   1.2651836156287395     
   1.2605767282319793     
   1.2559482318618211     
   1.2512980646793570     
   1.2466261637881579     
   1.2419324652259540     
   1.2372169039563219     
   1.2324794138603925     
   1.2277199277285786     
   1.2229383772523326     
   1.2181346930159367     
   1.2133088044883384     
   1.2084606400150315     
   1.2035901268099931     
   1.1986971909476865     
   1.1937817573551335     
   1.1888437498040698     
   1.1838830909031870     
   1.1788997020904735     
   1.1738935036256664     
   1.1688644145828198     
   1.1638123528430018     
   1.1587372350871352     
   1.1536389767889892     
   1.1485174922083350     
   1.1433726943842817     
   1.1382044951288017     
   1.1330128050204640     
   1.1277975333983838     
   1.1225585883564133     
   1.1172958767375822     
   1.1120093041288071     
   1.1066987748558883     
   1.1013641919788144     
   1.0960054572873892     
   1.0906224712972046     
   1.0852151332459814     
   1.0797833410902997     
   1.0743269915027380     
   1.0688459798694530     
   1.0633402002882164     
   1.0578095455669441     
   1.0522539072227388     
   1.0466731754814782     
   1.0410672392779781     
   1.0354359862567599     
   1.0297793027734607     
   1.0240970738969153     
   1.0183891834119452     
   1.0126555138228990     
   1.0068959463579761     
   1.0011103609743763     
  0.99529863636432103     
  0.98946064996198646     
  0.98359627795139681     
  0.97770539527532729     
  0.97178787564526359     
  0.96584359155247534     
  0.95987241428025449     
  0.95387421391737715     
  0.94784885937284979     
  0.94179621839199978     
  0.93571615757397875     
  0.92960854239074198     
  0.92347323720757890     
  0.91731010530526524     
  0.91111900890391562     
  0.90489980918861546     
  0.89865236633691681     
  0.89237653954828378     
  0.88607218707557989     
  0.87973916625869053     
  0.87337733356038183     
  0.86698654460449320     
  0.86056665421657796     
  0.85411751646709821     
  0.84763898471729171     
  0.84113091166783416     
  0.83459314941042084     
  0.82802554948239948     
  0.82142796292459341     
  0.81480024034245679     
  0.80814223197071056     
  0.80145378774161580     
  0.79473475735704568     
  0.78798499036452363     
  0.78120433623740593     
  0.77439264445939038     
  0.76754976461354207     
  0.76067554647603564     
  0.75376984011482173     
  0.74683249599343349     
  0.73986336508015849     
  0.73286229896281307     
  0.72582914996936132     
  0.71876377129463620     
  0.71166601713343047     
  0.70453574282023390     
  0.69737280497590914     
  0.69017706166160819     
  0.68294837254024710     
  0.67568659904586981     
  0.66839160456124624     
  0.66106325460406823     
  0.65370141702211915     
  0.64630596219781333     
  0.63887676326252207     
  0.63141369632111743     
  0.62391664068719233     
  0.61638547912943098     
  0.60882009812963567     
  0.60122038815293455     
  0.59358624393072645     
  0.58591756475694834     
  0.57821425479828192     
  0.57047622341895043     
  0.56270338552079546     
  0.55489566189936412     
  0.54705297961678034     
  0.53917527239222396     
  0.53126248101089513     
  0.52331455375239899     
  0.51533144683955057     
  0.50731312490867375     
  0.49925956150254491     
  0.49117073958722240     
  0.48304665209409980     
  0.47488730248863470     
  0.46669270536732493     
  0.45846288708464505     
  0.45019788641181191     
  0.44189775522942437     
  0.43356255925622134     
  0.42519237881642591     
  0.41678730964840000     
  0.40834746375761655     
  0.39987297031728486     
  0.39136397662032718     
  0.38282064908681662     
  0.37424317433144449     
  0.36563176029610045     
  0.35698663745321041     
  0.34830806008609300     
  0.33959630765325571     
  0.33085168624423406     
  0.32207453013526549     
  0.31326520345372172     
  0.30442410196073638     
  0.29555165496172719     
  0.28664832735435325     
  0.27771462182258788     
  0.26875108118363772     
  0.25975829089081892     
  0.25073688168940572     
  0.24168753241277138     
  0.23261097289133270     
  0.22350798692494084     
  0.21437941523803869     
  0.20522615829349303     
  0.19604917878305556     
  0.18684950353864235     
  0.17762822452065666     
  0.16838649844448217     
  0.15912554451984232     
  0.14984663972730122     
  0.14055111108084903     
  0.13124032446989192     
  0.12191566997263194     
  0.11257854398602761     
  0.10323032906757887     
   9.3872372910219284E-002
   8.4505968219188057E-002
   7.5132335302928024E-002
   6.5752608895451328E-002
   5.6367830178643108E-002
   4.6978944334158203E-002
   3.7586803398013152E-002
   2.8192173830649384E-002
   1.8795748081825742E-002
   9.3981594861065939E-003
   0.0000000000000000     
