   17.590255262859472     
   17.589534177942479     
   17.588438618733715     
   17.587052195812941     
   17.585419267935034     
   17.583568511745202     
   17.581520436057403     
   17.579290650633226     
   17.576891551679569     
   17.574333291978238     
   17.571624384384496     
   17.568772099705647     
   17.565782741142492     
   17.562661840569046     
   17.559414303142773     
   17.556044516523830     
   17.552556435119676     
   17.548953646252343     
   17.545239422950761     
   17.541416766656564     
   17.537488442194178     
   17.533457006719214     
   17.529324833916466     
   17.525094134405357     
   17.520766973084648     
   17.516345283982687     
   17.511830883056387     
   17.507225479289460     
   17.502530684370011     
   17.497748021172992     
   17.492878931230862     
   17.487924781342496     
   17.482886869444055     
   17.477766429844447     
   17.472564637911130     
   17.467282614278233     
   17.461921428637748     
   17.456482103165431     
   17.450965615625311     
   17.445372902190588     
   17.439704860013240     
   17.433962349570322     
   17.428146196811323     
   17.422257195127568     
   17.416296107162200     
   17.410263666476812     
   17.404160579088991     
   17.397987524893214     
   17.391745158976196     
   17.385434112836474     
   17.379054995516942     
   17.372608394658027     
   17.366094877478535     
   17.359514991690290     
   17.352869266352148     
   17.346158212668350     
   17.339382324735780     
   17.332542080244107     
   17.325637941132541     
   17.318670354206517     
   17.311639751717294     
   17.304546551907244     
   17.297391159523283     
   17.290173966300806     
   17.282895351420088     
   17.275555681937135     
   17.268155313190725     
   17.260694589187139     
   17.253173842964209     
   17.245593396935853     
   17.237953563218458     
   17.230254643940253     
   17.222496931534614     
   17.214680709018424     
   17.206806250256268     
   17.198873820211379     
   17.190883675184057     
   17.182836063038287     
   17.174731223417268     
   17.166569387948382     
   17.158350780438280     
   17.150075617058523     
   17.141744106522378     
   17.133356450253121     
   17.124912842544393     
   17.116413470712935     
   17.107858515244125     
   17.099248149930627     
   17.090582542004547     
   17.081861852263369     
   17.073086235189944     
   17.064255839066835     
   17.055370806085275     
   17.046431272448967     
   17.037437368472951     
   17.028389218677749     
   17.019286941879010     
   17.010130651272799     
   17.000920454516752     
   16.991656453807245     
   16.982338745952713     
   16.972967422443304     
   16.963542569516992     
   16.954064268222240     
   16.944532594477423     
   16.934947619127026     
   16.925309407994824     
   16.915618021934058     
   16.905873516874784     
   16.896075943868400     
   16.886225349129539     
   16.876321774075322     
   16.866365255362084     
   16.856355824919675     
   16.846293509983322     
   16.836178333123215     
   16.826010312271777     
   16.815789460748771     
   16.805515787284236     
   16.795189296039307     
   16.784809986624996     
   16.774377854118946     
   16.763892889080193     
   16.753355077562031     
   16.742764401122948     
   16.732120836835701     
   16.721424357294556     
   16.710674930620709     
   16.699872520465938     
   16.689017086014491     
   16.678108581983214     
   16.667146958620012     
   16.656132161700562     
   16.645064132523345     
   16.633942807903040     
   16.622768120162231     
   16.611539997121458     
   16.600258362087676     
   16.588923133841025     
   16.577534226620013     
   16.566091550105053     
   16.554595009400398     
   16.543044505014421     
   16.531439932838332     
   16.519781184123211     
   16.508068145455471     
   16.496300698730625     
   16.484478721125466     
   16.472602085068583     
   16.460670658209214     
   16.448684303384425     
   16.436642878584628     
   16.424546236917376     
   16.412394226569479     
   16.400186690767352     
   16.387923467735657     
   16.375604390654136     
   16.363229287612693     
   16.350797981564625     
   16.338310290278045     
   16.325766026285425     
   16.313164996831251     
   16.300507003817753     
   16.287791843748682     
   16.275019307671084     
   16.262189181115087     
   16.249301244031578     
   16.236355270727834     
   16.223351029800963     
   16.210288284069197     
   16.197166790500962     
   16.183986300141633     
   16.170746558038019     
   16.157447303160421     
   16.144088268322321     
   16.130669180097531     
   16.117189758734852     
   16.103649718070095     
   16.090048765435451     
   16.076386601566135     
   16.062662920504234     
   16.048877409499671     
   16.035029748908244     
   16.021119612086625     
   16.007146665284289     
   15.993110567532213     
   15.979010970528350     
   15.964847518519710     
   15.950619848180994     
   15.936327588489677     
   15.921970360597435     
   15.907547777697816     
   15.893059444890016     
   15.878504959038708     
   15.863883908629726     
   15.849195873621547     
   15.834440425292398     
   15.819617126082882     
   15.804725529433977     
   15.789765179620233     
   15.774735611578073     
   15.759636350728991     
   15.744466912797506     
   15.729226803623693     
   15.713915518970124     
   15.698532544323037     
   15.683077354687514     
   15.667549414376499     
   15.651948176793438     
   15.636273084208321     
   15.620523567526901     
   15.604699046052845     
   15.588798927242609     
   15.572822606452712     
   15.556769466679240     
   15.540638878289203     
   15.524430198743515     
   15.508142772311292     
   15.491775929775125     
   15.475328988127027     
   15.458801250254696     
   15.442192004617736     
   15.425500524913472     
   15.408726069731978     
   15.391867882199870     
   15.374925189612473     
   15.357897203053929     
   15.340783117004751     
   15.323582108936328     
   15.306293338891937     
   15.288915949053642     
   15.271449063294627     
   15.253891786716272     
   15.236243205169460     
   15.218502384759420     
   15.200668371333457     
   15.182740189950898     
   15.164716844334468     
   15.146597316302383     
   15.128380565180336     
   15.110065527192532     
   15.091651114830901     
   15.073136216201556     
   15.054519694347526     
   15.035800386546770     
   15.016977103584358     
   14.998048628997745     
   14.979013718293929     
   14.959871098137260     
   14.940619465506616     
   14.921257486820560     
   14.901783797029035     
   14.882196998670123     
   14.862495660890231     
   14.842678318426044     
   14.822743470546492     
   14.802689579952867     
   14.782515071635123     
   14.762218331682309     
   14.741797706044936     
   14.721251499247046     
   14.700577973045455     
   14.679775345033717     
   14.658841787188065     
   14.637775424352476     
   14.616574332659857     
   14.595236537886169     
   14.573760013734134     
   14.552142680042921     
   14.530382400920104     
   14.508476982791835     
   14.486424172367080     
   14.464221654511354     
   14.441867050025254     
   14.419357913322775     
   14.396691730004001     
   14.373865914316545     
   14.350877806499696     
   14.327724670004875     
   14.304403688585573     
   14.280911963249572     
   14.257246509065681     
   14.233404251816870     
   14.209382024490976     
   14.185176563599738     
   14.160784505316181     
   14.136202381419807     
   14.111426615038223     
   14.086453516173201     
   14.061279276998190     
   14.035899966913528     
   14.010311527344561     
   13.984509766266880     
   13.958490352441729     
   13.932248809343413     
   13.905780508759289     
   13.879080664041377     
   13.852144322987190     
   13.824966360325684     
   13.797541469782329     
   13.769864155695444     
   13.741928724153709     
   13.713729273622482     
   13.685259685023947     
   13.656513611233427     
   13.627484465951104     
   13.598165411905127     
   13.568549348338502     
   13.538628897728143     
   13.508396391680249     
   13.477843855941403     
   13.446962994459597     
   13.415745172423721     
   13.384181398203834     
   13.352262304107608     
   13.319978125860843     
   13.287318680711593     
   13.254273344048240     
   13.220831024411702     
   13.186980136770744     
   13.152708573917028     
   13.118003675822544     
   13.082852196787060     
   13.047240270186043     
   13.011153370610744     
   12.974576273171065     
   12.937493009708408     
   12.899886821639514     
   12.861740109122985     
   12.823034376207490     
   12.783750171583772     
   12.743867024521430     
   12.703363375524837     
   12.662216501190482     
   12.620402432688769     
   12.577895867226850     
   12.534670071773437     
   12.490696778241063     
   12.445946069224043     
   12.400386253279851     
   12.353983728615562     
   12.306702833897145     
   12.258505684734699     
   12.209351994208061     
   12.159198875580289     
   12.108000625097167     
   12.055708482482894     
   12.002270366409608     
   11.947630581832914     
   11.891729495638177     
   11.834503176521695     
   11.775882994423359     
   11.715795174117424     
   11.654160296735267     
   11.590892742016058     
   11.525900062928589     
   11.459082282946328     
   11.390331104645638     
   11.319529016382738     
   11.246548281525811     
   11.171249791997550     
   11.093481764626304     
   11.013078254894536     
   10.929857457968966     
   10.843619761221662     
   10.754145505588809     
   10.661192404797502     
   10.564492561394124     
   10.463749006230694     
   10.358631673124096     
   10.248772702215826     
   10.133760943442882     
   10.013135504700488     
   9.8863781568826887     
   9.7529043691854813     
   9.6120527021865652     
   9.4630722331397426     
   9.3051076286899868     
   9.1371814183054543     
   8.9581729653362014     
   8.7667935988762711     
   8.5615573922510126     
   8.3407472172122858     
   8.1023760866697909     
   7.8441446434282103     
   7.5633973576321463     
   7.2570832731599646     
   6.9217332220859813     
   6.5534763057620253     
   6.1481369619720487     
   5.7014827222601143     
   5.2097289635752357     
   4.6704252536394915     
   4.0837627214984726     
   3.4539832043376073     
   2.7898901782219387     
   2.1032063719586627     
   1.4050372742724284     
  0.70286654650071911     
   0.0000000000000000     
