   27.934134260964765     
   27.933205838704946     
   27.931889610139912     
   27.930277218137324     
   27.928415630373891     
   27.926334724820233     
   27.924055665932109     
   27.921594459614472     
   27.918963758104010     
   27.916173887657131     
   27.913233482751764     
   27.910149901620116     
   27.906929511447746     
   27.903577891518982     
   27.900099982377817     
   27.896500198159625     
   27.892782513022034     
   27.888950528883100     
   27.885007529364778     
   27.880956523356858     
   27.876800280636527     
   27.872541361314816     
   27.868182140421137     
   27.863724828611904     
   27.859171489755337     
   27.854524055973407     
   27.849784340595090     
   27.844954049379670     
   27.840034790296290     
   27.835028082090027     
   27.829935361821466     
   27.824757991532753     
   27.819497264165896     
   27.814154408837869     
   27.808730595559570     
   27.803226939471827     
   27.797644504660028     
   27.791984307599780     
   27.786247320278179     
   27.780434473028770     
   27.774546657113156     
   27.768584727077425     
   27.762549502908044     
   27.756441772008532     
   27.750262291015538     
   27.744011787470633     
   27.737690961362162     
   27.731300486549781     
   27.724841012082777     
   27.718313163422160     
   27.711717543575155     
   27.705054734150071     
   27.698325296338393     
   27.691529771830414     
   27.684668683669951     
   27.677742537053273     
   27.670751820076585     
   27.663697004436340     
   27.656578546086003     
   27.649396885852550     
   27.642152450015857     
   27.634845650853581     
   27.627476887154216     
   27.620046544700447     
   27.612554996724992     
   27.605002604340829     
   27.597389716947458     
   27.589716672615026     
   27.581983798447432     
   27.574191410926161     
   27.566339816235775     
   27.558429310572425     
   27.550460180436218     
   27.542432702908680     
   27.534347145916012     
   27.526203768479064     
   27.518002820950766     
   27.509744545241773     
   27.501429175034975     
   27.493056935989497     
   27.484628045934667     
   27.476142715054710     
   27.467601146064432     
   27.459003534376517     
   27.450350068260793     
   27.441640928995898     
   27.432876291013731     
   27.424056322037025     
   27.415181183210400     
   27.406251029225199     
   27.397266008438358     
   27.388226262985629     
   27.379131928889439     
   27.369983136161505     
   27.360780008900591     
   27.351522665385495     
   27.342211218163527     
   27.332845774134622     
   27.323426434631330     
   27.313953295494752     
   27.304426447146724     
   27.294845974658198     
   27.285211957814131     
   27.275524471174961     
   27.265783584134734     
   27.255989360976059     
   27.246141860922027     
   27.236241138185061     
   27.226287242012987     
   27.216280216732255     
   27.206220101788457     
   27.196106931784254     
   27.185940736514763     
   27.175721541000431     
   27.165449365517496     
   27.155124225626171     
   27.144746132196470     
   27.134315091431851     
   27.123831104890662     
   27.113294169505469     
   27.102704277600306     
   27.092061416905867     
   27.081365570572729     
   27.070616717182574     
   27.059814830757539     
   27.048959880767622     
   27.038051832136247     
   27.027090645243987     
   27.016076275930473     
   27.005008675494498     
   26.993887790692401     
   26.982713563734649     
   26.971485932280686     
   26.960204829432111     
   26.948870183724111     
   26.937481919115193     
   26.926039954975263     
   26.914544206071987     
   26.902994582555529     
   26.891390989941570     
   26.879733329092698     
   26.868021496198097     
   26.856255382751637     
   26.844434875528197     
   26.832559856558415     
   26.820630203101700     
   26.808645787617575     
   26.796606477735345     
   26.784512136222016     
   26.772362620948570     
   26.760157784854446     
   26.747897475910317     
   26.735581537079106     
   26.723209806275214     
   26.710782116321965     
   26.698298294907225     
   26.685758164537191     
   26.673161542488302     
   26.660508240757292     
   26.647798066009312     
   26.635030819524083     
   26.622206297140131     
   26.609324289196941     
   26.596384580475149     
   26.583386950134592     
   26.570331171650249     
   26.557217012746090     
   26.544044235326623     
   26.530812595406321     
   26.517521843036597     
   26.504171722230637     
   26.490761970885714     
   26.477292320703089     
   26.463762497105428     
   26.450172219151675     
   26.436521199449317     
   26.422809144063947     
   26.409035752426114     
   26.395200717235358     
   26.381303724361352     
   26.367344452742159     
   26.353322574279360     
   26.339237753730167     
   26.325089648596297     
   26.310877909009580     
   26.296602177614222     
   26.282262089445588     
   26.267857271805436     
   26.253387344133486     
   26.238851917875269     
   26.224250596346035     
   26.209582974590749     
   26.194848639239929     
   26.180047168361295     
   26.165178131307052     
   26.150241088556697     
   26.135235591555173     
   26.120161182546283     
   26.105017394401180     
   26.089803750441774     
   26.074519764258916     
   26.059164939525175     
   26.043738769802001     
   26.028240738341175     
   26.012670317880282     
   25.997026970432028     
   25.981310147067184     
   25.965519287690995     
   25.949653820812770     
   25.933713163308418     
   25.917696720175744     
   25.901603884282206     
   25.885434036104861     
   25.869186543462284     
   25.852860761238077     
   25.836456031095768     
   25.819971681184718     
   25.803407025836773     
   25.786761365253213     
   25.770033985181797     
   25.753224156583368     
   25.736331135287788     
   25.719354161638655     
   25.702292460126522     
   25.685145239010026     
   25.667911689924615     
   25.650590987478267     
   25.633182288833815     
   25.615684733277199     
   25.598097441771280     
   25.580419516494473     
   25.562650040363717     
   25.544788076541060     
   25.526832667923276     
   25.508782836613804     
   25.490637583376195     
   25.472395887068462     
   25.454056704057432     
   25.435618967612257     
   25.417081587276321     
   25.398443448216476     
   25.379703410548757     
   25.360860308639559     
   25.341912950381129     
   25.322860116440374     
   25.303700559479715     
   25.284433003348859     
   25.265056142246131     
   25.245568639847981     
   25.225969128405374     
   25.206256207805417     
   25.186428444596679     
   25.166484370976661     
   25.146422483739478     
   25.126241243182012     
   25.105939071966681     
   25.085514353938564     
   25.064965432894915     
   25.044290611304675     
   25.023488148975641     
   25.002556261666800     
   24.981493119642920     
   24.960296846168930     
   24.938965515940776     
   24.917497153449784     
   24.895889731277123     
   24.874141168314825     
   24.852249327909618     
   24.830212015925682     
   24.808026978722001     
   24.785691901040007     
   24.763204403796657     
   24.740562041778027     
   24.717762301228131     
   24.694802597327236     
   24.671680271553765     
   24.648392588923368     
   24.624936735098455     
   24.601309813360949     
   24.577508841440551     
   24.553530748190486     
   24.529372370101939     
   24.505030447647886     
   24.480501621446603     
   24.455782428234052     
   24.430869296634135     
   24.405758542714636     
   24.380446365316043     
   24.354928841139436     
   24.329201919578839     
   24.303261417282169     
   24.277103012423886     
   24.250722238671344     
   24.224114478825239     
   24.197274958113464     
   24.170198737115811     
   24.142880704295536     
   24.115315568111740     
   24.087497848684755     
   24.059421868984451     
   24.031081745508899     
   24.002471378418615     
   23.973584441088434     
   23.944414369036238     
   23.914954348184384     
   23.885197302406002     
   23.855135880304388     
   23.824762441169302     
   23.794069040049283     
   23.763047411873721     
   23.731688954552741     
   23.699984710976565     
   23.667925349829037     
   23.635501145122326     
   23.602701954351218     
   23.569517195156134     
   23.535935820373538     
   23.501946291340978     
   23.467536549311127     
   23.432693984815170     
   23.397405404800057     
   23.361656997346675     
   23.325434293756487     
   23.288722127772370     
   23.251504591675126     
   23.213764988969782     
   23.175485783345497     
   23.136648543558387     
   23.097233883848300     
   23.057221399457056     
   23.016589596766902     
   22.975315817522592     
   22.933376156538031     
   22.890745372217634     
   22.847396789141857     
   22.803302191875026     
   22.758431709048974     
   22.712753686656786     
   22.666234549354400     
   22.618838648411092     
   22.570528094769859     
   22.521262575471113     
   22.470999151453341     
   22.419692034467118     
   22.367292340516414     
   22.313747816866670     
   22.259002539221630     
   22.202996575159521     
   22.145665609318801     
   22.086940525117669     
   22.026746936957696     
   21.965004665875142     
   21.901627150430887     
   21.836520783232459     
   21.769584161809576     
   21.700707240557676     
   21.629770368044422     
   21.556643191047065     
   21.481183403131652     
   21.403235311244408     
   21.322628188465082     
   21.239174374518775     
   21.152667077532591     
   21.062877820433783     
   20.969553462767795     
   20.872412712844142     
   20.771142025041769     
   20.665390751551914     
   20.554765385104044     
   20.438822687011090     
   20.317061440060264     
   20.188912494084754     
   20.053726677568761     
   19.910760023137758     
   19.759155586727204     
   19.597920913295361     
   19.425899892925024     
   19.241737326768597     
   19.043833934617403     
   18.830288715767136     
   18.598824422698829     
   18.346690280792188     
   18.070533788889680     
   17.766230203744929     
   17.428653843425604     
   17.051369416599382     
   16.626214462650083     
   16.142737651995613     
   15.587459234982683     
   14.942950424634736     
   14.186844344340113     
   13.291225630977729     
   12.223641378821343     
   10.952354560714037     
   9.4590847430834266     
   7.7571614274694776     
   5.8988617999455863     
   3.9546722219014714     
   1.9798646910359594     
   0.0000000000000000     
