   18.437822992431698     
   18.437094982418181     
   18.436022809618038     
   18.434685564790424     
   18.433124507019311     
   18.431366093424213     
   18.429429152610290     
   18.427327967680601     
   18.425073853700688     
   18.422676060703569     
   18.420142333136383     
   18.417479277518161     
   18.414692615383704     
   18.411787363804489     
   18.408767968151565     
   18.405638402214496     
   18.402402245325369     
   18.399062742863968     
   18.395622854483896     
   18.392085293089544     
   18.388452556727334     
   18.384726954966315     
   18.380910630935350     
   18.377005579895400     
   18.373013665017488     
   18.368936630884757     
   18.364776115124151     
   18.360533658488276     
   18.356210713643119     
   18.351808652867835     
   18.347328774833692     
   18.342772310599209     
   18.338140428934132     
   18.333434241065923     
   18.328654804926749     
   18.323803128966595     
   18.318880175587758     
   18.313886864247717     
   18.308824074270330     
   18.303692647399682     
   18.298493390125973     
   18.293227075808922     
   18.287894446620722     
   18.282496215327729     
   18.277033066927640     
   18.271505660156755     
   18.265914628880310     
   18.260260583377125     
   18.254544111528666     
   18.248765779921381     
   18.242926134870192     
   18.237025703370207     
   18.231064993982919     
   18.225044497662481     
   18.218964688527119     
   18.212826024580224     
   18.206628948385141     
   18.200373887697417     
   18.194061256057765     
   18.187691453348780     
   18.181264866318138     
   18.174781869070749     
   18.168242823532161     
   18.161648079885211     
   18.154997976981861     
   18.148292842731909     
   18.141532994470165     
   18.134718739303512     
   18.127850374439209     
   18.120928187495629     
   18.113952456796568     
   18.106923451650172     
   18.099841432613363     
   18.092706651742773     
   18.085519352832861     
   18.078279771642077     
   18.070988136107715     
   18.063644666550115     
   18.056249575866826     
   18.048803069717245     
   18.041305346698348     
   18.033756598511882     
   18.026157010123537     
   18.018506759914530     
   18.010806019825939     
   18.003054955496221     
   17.995253726392143     
   17.987402485933618     
   17.979501381612586     
   17.971550555106294     
   17.963550142385262     
   17.955500273816110     
   17.947401074259542     
   17.939252663163668     
   17.931055154652878     
   17.922808657612467     
   17.914513275769174     
   17.906169107767852     
   17.897776247244348     
   17.889334782894792     
   17.880844798541474     
   17.872306373195350     
   17.863719581115387     
   17.855084491864819     
   17.846401170364430     
   17.837669676942994     
   17.828890067384961     
   17.820062392975423     
   17.811186700542549     
   17.802263032497532     
   17.793291426872070     
   17.784271917353550     
   17.775204533317911     
   17.766089299860365     
   17.756926237823883     
   17.747715363825673     
   17.738456690281566     
   17.729150225428445     
   17.719795973344755     
   17.710393933969073     
   17.700944103116885     
   17.691446472495546     
   17.681901029717427     
   17.672307758311380     
   17.662666637732485     
   17.652977643370125     
   17.643240746554415     
   17.633455914561015     
   17.623623110614361     
   17.613742293889313     
   17.603813419511287     
   17.593836438554785     
   17.583811298040505     
   17.573737940930886     
   17.563616306124207     
   17.553446328447162     
   17.543227938646059     
   17.532961063376487     
   17.522645625191583     
   17.512281542528861     
   17.501868729695577     
   17.491407096852708     
   17.480896549997482     
   17.470336990944471     
   17.459728317305302     
   17.449070422466885     
   17.438363195568254     
   17.427606521475958     
   17.416800280758025     
   17.405944349656455     
   17.395038600058278     
   17.384082899465170     
   17.373077110961553     
   17.362021093181237     
   17.350914700272586     
   17.339757781862126     
   17.328550183016670     
   17.317291744203892     
   17.305982301251330     
   17.294621685303806     
   17.283209722779286     
   17.271746235323089     
   17.260231039760466     
   17.248663948047501     
   17.237044767220340     
   17.225373299342706     
   17.213649341451632     
   17.201872685501449     
   17.190043118305983     
   17.178160421478868     
   17.166224371372028     
   17.154234739012210     
   17.142191290035615     
   17.130093784620513     
   17.117941977417836     
   17.105735617479709     
   17.093474448185866     
   17.081158207167906     
   17.068786626231347     
   17.056359431275400     
   17.043876342210485     
   17.031337072873313     
   17.018741330939616     
   17.006088817834335     
   16.993379228639323     
   16.980612251998398     
   16.967787570019755     
   16.954904858175652     
   16.941963785199242     
   16.928964012978536     
   16.915905196447454     
   16.902786983473746     
   16.889609014743858     
   16.876370923644565     
   16.863072336141293     
   16.849712870653065     
   16.836292137923923     
   16.822809740890804     
   16.809265274547666     
   16.795658325805839     
   16.781988473350452     
   16.768255287492817     
   16.754458330018636     
   16.740597154031946     
   16.726671303794614     
   16.712680314561279     
   16.698623712409624     
   16.684501014065738     
   16.670311726724485     
   16.656055347864733     
   16.641731365059211     
   16.627339255778853     
   16.612878487191438     
   16.598348515954342     
   16.583748788001252     
   16.569078738322464     
   16.554337790738796     
   16.539525357668683     
   16.524640839888335     
   16.509683626284669     
   16.494653093600753     
   16.479548606173545     
   16.464369515663577     
   16.449115160776365     
   16.433784866975184     
   16.418377946184926     
   16.402893696486693     
   16.387331401802793     
   16.371690331571767     
   16.355969740413062     
   16.340168867780989     
   16.324286937607496     
   16.308323157933383     
   16.292276720527475     
   16.276146800493255     
   16.259932555862516     
   16.243633127175478     
   16.227247637046815     
   16.210775189717062     
   16.194214870588748     
   16.177565745746683     
   16.160826861461690     
   16.143997243677120     
   16.127075897477429     
   16.110061806538020     
   16.092953932555595     
   16.075751214658119     
   16.058452568793602     
   16.041056887096655     
   16.023563037231920     
   16.005969861713350     
   15.988276177198177     
   15.970480773754547     
   15.952582414101499     
   15.934579832820138     
   15.916471735534561     
   15.898256798061235     
   15.879933665525249     
   15.861500951441966     
   15.842957236762363     
   15.824301068880338     
   15.805530960600148     
   15.786645389062050     
   15.767642794624052     
   15.748521579697650     
   15.729280107535237     
   15.709916700966726     
   15.690429641082861     
   15.670817165862470     
   15.651077468740786     
   15.631208697115751     
   15.611208950789079     
   15.591076280338692     
   15.570808685418752     
   15.550404112983541     
   15.529860455431017     
   15.509175548661673     
   15.488347170048058     
   15.467373036310008     
   15.446250801290331     
   15.424978053625365     
   15.403552314304381     
   15.381971034111547     
   15.360231590943616     
   15.338331286996130     
   15.316267345810415     
   15.294036909173137     
   15.271637033859575     
   15.249064688211217     
   15.226316748537622     
   15.203389995331726     
   15.180281109287078     
   15.156986667104631     
   15.133503137075795     
   15.109826874427569     
   15.085954116414413     
   15.061880977140497     
   15.037603442094673     
   15.013117362379178     
   14.988418448611663     
   14.963502264478517     
   14.938364219915830     
   14.912999563892331     
   14.887403376766754     
   14.861570562189796     
   14.835495838518375     
   14.809173729707334     
   14.782598555640789     
   14.755764421862178     
   14.728665208658589     
   14.701294559451158     
   14.673645868439138     
   14.645712267440656     
   14.617486611868141     
   14.588961465770877     
   14.560129085870914     
   14.530981404511934     
   14.501510011433099     
   14.471706134271745     
   14.441560617689522     
   14.411063901006548     
   14.380205994216796     
   14.348976452245463     
   14.317364347295124     
   14.285358239111899     
   14.252946142985593     
   14.220115495278325     
   14.186853116254477     
   14.153145169960508     
   14.118977120875851     
   14.084333687025392     
   14.049198789209473     
   14.013555495968303     
   13.977385963853687     
   13.940671372530907     
   13.903391854177167     
   13.865526416578563     
   13.827052859254492     
   13.787947681854842     
   13.748185983980004     
   13.707741355464488     
   13.666585756039618     
   13.624689383146690     
   13.582020526505836     
   13.538545407854015     
   13.494228004043212     
   13.449029851432186     
   13.402909829204713     
   13.355823918897118     
   13.307724937008015     
   13.258562237082254     
   13.208281377095307     
   13.156823747296482     
   13.104126152878672     
   13.050120344903290     
   12.994732491789950     
   12.937882582342345     
   12.879483749675584     
   12.819441503476035     
   12.757652855685361     
   12.694005321860480     
   12.628375776999162     
   12.560629140381678     
   12.490616858765419     
   12.418175150827114     
   12.343122967748414     
   12.265259614858422     
   12.184361966724923     
   12.100181192291902     
   12.012438886627711     
   11.920822480288759     
   11.824979764496577     
   11.724512327952995     
   11.618967646039552     
   11.507829491083609     
   11.390506237462013     
   11.266316509478552     
   11.134471452028500     
   10.994052678576782     
   10.843984646477821     
   10.682999796559876     
   10.509594231815262     
   10.321970945255050     
   10.117966571573866     
   9.8949562547794372     
   9.6497294343231932     
   9.3783271886824515     
   9.0758295758381919     
   8.7360803741358346     
   8.3513402455364965     
   7.9118770079111149     
   7.4055575277756782     
   6.8176583421613843     
   6.1314875788864969     
   5.3311859547276974     
   4.4089661283982906     
   3.3769847465878842     
   2.2724806463299112     
   1.1387687527729760     
   0.0000000000000000     
