   1.7541225946869059     
   1.7540949741917831     
   1.7540404611570548     
   1.7539595357089934     
   1.7538525783425685     
   1.7537199110727628     
   1.7535618162612456     
   1.7533785471198537     
   1.7531703342801785     
   1.7529373902251970     
   1.7526799124446573     
   1.7523980857750354     
   1.7520920841908383     
   1.7517620722113925     
   1.7514082060291045     
   1.7510306344303850     
   1.7506294995586407     
   1.7502049375545905     
   1.7497570790996559     
   1.7492860498816378     
   1.7487919709972601     
   1.7482749593028371     
   1.7477351277218633     
   1.7471725855165086     
   1.7465874385286015     
   1.7459797893946396     
   1.7453497377385174     
   1.7446973803450319     
   1.7440228113166976     
   1.7433261222159950     
   1.7426074021948448     
   1.7418667381128128     
   1.7411042146453581     
   1.7403199143832158     
   1.7395139179238799     
   1.7386863039560110     
   1.7378371493374885     
   1.7369665291677356     
   1.7360745168548692     
   1.7351611841781547     
   1.7342266013462011     
   1.7332708370512691     
   1.7322939585200310     
   1.7312960315610830     
   1.7302771206094778     
   1.7292372887685181     
   1.7281765978490262     
   1.7270951084062842     
   1.7259928797748219     
   1.7248699701012078     
   1.7237264363749927     
   1.7225623344579286     
   1.7213777191115924     
   1.7201726440235123     
   1.7189471618319014     
   1.7177013241490922     
   1.7164351815837464     
   1.7151487837619275     
   1.7138421793470942     
   1.7125154160590896     
   1.7111685406921802     
   1.7098015991322006     
   1.7084146363728572     
   1.7070076965312331     
   1.7055808228625424     
   1.7041340577741739     
   1.7026674428390585     
   1.7011810188083967     
   1.6996748256237844     
   1.6981489024287559     
   1.6966032875797838     
   1.6950380186567557     
   1.6934531324729529     
   1.6918486650845574     
   1.6902246517997073     
   1.6885811271871165     
   1.6869181250842855     
   1.6852356786053173     
   1.6835338201483525     
   1.6818125814026430     
   1.6800719933552808     
   1.6783120862975887     
   1.6765328898311949     
   1.6747344328737952     
   1.6729167436646237     
   1.6710798497696335     
   1.6692237780864052     
   1.6673485548487901     
   1.6654542056312964     
   1.6635407553532291     
   1.6616082282825910     
   1.6596566480397545     
   1.6576860376009059     
   1.6556964193012789     
   1.6536878148381731     
   1.6516602452737743     
   1.6496137310377725     
   1.6475482919297935     
   1.6454639471216406     
   1.6433607151593570     
   1.6412386139651121     
   1.6390976608389165     
   1.6369378724601691     
   1.6347592648890437     
   1.6325618535677142     
   1.6303456533214273     
   1.6281106783594221     
   1.6258569422757039     
   1.6235844580496717     
   1.6212932380466041     
   1.6189832940180087     
   1.6166546371018344     
   1.6143072778225522     
   1.6119412260911028     
   1.6095564912047204     
   1.6071530818466293     
   1.6047310060856146     
   1.6022902713754772     
   1.5998308845543638     
   1.5973528518439850     
   1.5948561788487146     
   1.5923408705545758     
   1.5898069313281182     
   1.5872543649151813     
   1.5846831744395500     
   1.5820933624015037     
   1.5794849306762599     
   1.5768578805123115     
   1.5742122125296620     
   1.5715479267179580     
   1.5688650224345213     
   1.5661634984022823     
   1.5634433527076097     
   1.5607045827980492     
   1.5579471854799607     
   1.5551711569160604     
   1.5523764926228696     
   1.5495631874680669     
   1.5467312356677487     
   1.5438806307835962     
   1.5410113657199505     
   1.5381234327207971     
   1.5352168233666592     
   1.5322915285714012     
   1.5293475385789432     
   1.5263848429598872     
   1.5234034306080524     
   1.5204032897369277     
   1.5173844078760337     
   1.5143467718671975     
   1.5112903678607450     
   1.5082151813116060     
   1.5051211969753322     
   1.5020083989040334     
   1.4988767704422279     
   1.4957262942226108     
   1.4925569521617377     
   1.4893687254556258     
   1.4861615945752720     
   1.4829355392620922     
   1.4796905385232741     
   1.4764265706270532     
   1.4731436130979056     
   1.4698416427116618     
   1.4665206354905402     
   1.4631805666981013     
   1.4598214108341232     
   1.4564431416293990     
   1.4530457320404557     
   1.4496291542441948     
   1.4461933796324586     
   1.4427383788065182     
   1.4392641215714845     
   1.4357705769306479     
   1.4322577130797387     
   1.4287254974011163     
   1.4251738964578857     
   1.4216028759879387     
   1.4180124008979227     
   1.4144024352571427     
   1.4107729422913895     
   1.4071238843766964     
   1.4034552230330322     
   1.3997669189179220     
   1.3960589318200027     
   1.3923312206525127     
   1.3885837434467179     
   1.3848164573452699     
   1.3810293185955071     
   1.3772222825426894     
   1.3733953036231772     
   1.3695483353575486     
   1.3656813303436610     
   1.3617942402496563     
   1.3578870158069125     
   1.3539596068029420     
   1.3500119620742417     
   1.3460440294990907     
   1.3420557559903048     
   1.3380470874879442     
   1.3340179689519782     
   1.3299683443549102     
   1.3258981566743679     
   1.3218073478856531     
   1.3176958589542616     
   1.3135636298283724     
   1.3094105994313110     
   1.3052367056539886     
   1.3010418853473187     
   1.2968260743146187     
   1.2925892073039964     
   1.2883312180007274     
   1.2840520390196259     
   1.2797516018974135     
   1.2754298370850901     
   1.2710866739403115     
   1.2667220407197792     
   1.2623358645716465     
   1.2579280715279444     
   1.2534985864970378     
   1.2490473332561112     
   1.2445742344436945     
   1.2400792115522343     
   1.2355621849207139     
   1.2310230737273340     
   1.2264617959822577     
   1.2218782685204290     
   1.2172724069944691     
   1.2126441258676632     
   1.2079933384070454     
   1.2033199566765862     
   1.1986238915304976     
   1.1939050526066632     
   1.1891633483202022     
   1.1843986858571780     
   1.1796109711684652     
   1.1748001089637852     
   1.1699660027059184     
   1.1651085546051123     
   1.1602276656136934     
   1.1553232354209007     
   1.1503951624479491     
   1.1454433438433460     
   1.1404676754784677     
   1.1354680519434186     
   1.1304443665431860     
   1.1253965112941113     
   1.1203243769206914     
   1.1152278528527353     
   1.1101068272228913     
   1.1049611868645663     
   1.0997908173102617     
   1.0945956027903443     
   1.0893754262322797     
   1.0841301692603491     
   1.0788597121958790     
   1.0735639340580043     
   1.0682427125650020     
   1.0628959241362128     
   1.0575234438945906     
   1.0521251456699059     
   1.0467009020026370     
   1.0412505841485817     
   1.0357740620842282     
   1.0302712045129176     
   1.0247418788718401     
   1.0191859513399004     
   1.0136032868464995     
   1.0079937490812698     
   1.0023572005048147     
  0.99669350236049148     
  0.99100251468729483     
  0.98528409633388470     
  0.97953810497381444     
  0.97376439712201335     
  0.96796282815257795     
  0.96213325231793678     
  0.95627552276944394     
  0.95038949157946795     
  0.94447500976504406     
  0.93853192731315538     
  0.93256009320771838     
  0.92655935545834422     
  0.92052956113095619     
  0.91447055638034125     
  0.90838218648472235     
  0.90226429588243529     
  0.89611672821080479     
  0.88993932634730966     
  0.88373193245313741     
  0.87749438801922908     
  0.87122653391492033     
  0.86492821043928669     
  0.85859925737530929     
  0.85223951404697806     
  0.84584881937945489     
  0.83942701196242608     
  0.83297393011677545     
  0.82648941196471604     
  0.81997329550352382     
  0.81342541868302309     
  0.80684561948697653     
  0.80023373601854164     
  0.79358960658996014     
  0.78691306981665410     
  0.78020396471590792     
  0.77346213081032500     
  0.76668740823625259     
  0.75987963785737789     
  0.75303866138370568     
  0.74616432149613610     
  0.73925646197687134     
  0.73231492784588625     
  0.72533956550371192     
  0.71833022288078618     
  0.71128674959364147     
  0.70420899710820473     
  0.69709681891050501     
  0.68995007068508540     
  0.68276861050144100     
  0.67555229900880898     
  0.66830099963965695     
  0.66101457882223136     
  0.65369290620253873     
  0.64633585487616052     
  0.63894330163031043     
  0.63151512719657277     
  0.62405121651477591     
  0.61655145900848030     
  0.60901574887259113     
  0.60144398537362431     
  0.59383607316319020     
  0.58619192260529462     
  0.57851145011808514     
  0.57079457853071469     
  0.56304123745603807     
  0.55525136367989925     
  0.54742490156782408     
  0.53956180348998728     
  0.53166203026538761     
  0.52372555162623469     
  0.51575234670362857     
  0.50774240453570185     
  0.49969572459948863     
  0.49161231736789612     
  0.48349220489327133     
  0.47533542141919599     
  0.46714201402228939     
  0.45891204328596963     
  0.45064558400831622     
  0.44234272594638196     
  0.43400357459954381     
  0.42562825203474025     
  0.41721689775673371     
  0.40876966962685446     
  0.40028674483402926     
  0.39176832092227670     
  0.38321461687924496     
  0.37462587429078964     
  0.36600235856700286     
  0.35734436024551136     
  0.34865219637821593     
  0.33992621200789952     
  0.33116678174122893     
  0.32237431142450312     
  0.31354923992792583     
  0.30469204104300079     
  0.29580322549559507     
  0.28688334307391883     
  0.27793298486563933     
  0.26895278559094604     
  0.25994342600780651     
  0.25090563535093330     
  0.24184019374601692     
  0.23274793451445194     
  0.22362974625017853     
  0.21448657450907846     
  0.20531942290354521     
  0.19612935334348583     
  0.18691748511640344     
  0.17768499246384667     
  0.16843310030437436     
  0.15916307779250691     
  0.14987622950668805     
  0.14057388423773498     
  0.13125738159777525     
  0.12192805696092848     
  0.11258722553058445     
  0.10323616654038098     
   9.3876108679541673E-002
   8.4508217759181575E-002
   7.5133587417612516E-002
   6.5753233351521126E-002
   5.6368091228154782E-002
   4.6979018148601816E-002
   3.7586797337477398E-002
   2.8192145643230752E-002
   1.8795723434083440E-002
   9.3981465409546001E-003
   0.0000000000000000     
