   4.4552759407730465     
   4.4551739593095414     
   4.4549796139718438     
   4.4546982958410108     
   4.4543339620212397     
   4.4538897744348249     
   4.4533683776191602     
   4.4527720485828439     
   4.4521027880705537     
   4.4513623807405951     
   4.4505524371524574     
   4.4496744243339972     
   4.4487296887850611     
   4.4477194742569131     
   4.4466449357985791     
   4.4455071510596333     
   4.4443071295284966     
   4.4430458201856036     
   4.4417241179181097     
   4.4403428689521727     
   4.4389028754954367     
   4.4374048997369453     
   4.4358496673187133     
   4.4342378703686931     
   4.4325701701664748     
   4.4308471994990342     
   4.4290695647529983     
   4.4272378477814653     
   4.4253526075767660     
   4.4234143817752063     
   4.4214236880156266     
   4.4193810251701366     
   4.4172868744625760     
   4.4151417004879479     
   4.4129459521441925     
   4.4107000634860167     
   4.4084044545092409     
   4.4060595318729678     
   4.4036656895659556     
   4.4012233095227495     
   4.3987327621944896     
   4.3961944070786885     
   4.3936085932117948     
   4.3909756596279008     
   4.3882959357866209     
   4.3855697419727768     
   4.3827973896703112     
   4.3799791819125486     
   4.3771154136107349     
   4.3742063718625737     
   4.3712523362423266     
   4.3682535790738939     
   4.3652103656881307     
   4.3621229546655877     
   4.3589915980656961     
   4.3558165416433869     
   4.3525980250539948     
   4.3493362820472674     
   4.3460315406511949     
   4.3426840233463500     
   4.3392939472313268     
   4.3358615241798795     
   4.3323869609902532     
   4.3288704595272005     
   4.3253122168571352     
   4.3217124253768144     
   4.3180712729359465     
   4.3143889429540643     
   4.3106656145319988     
   4.3069014625582485     
   4.3030966578105323     
   4.2992513670527845     
   4.2953657531278342     
   4.2914399750459999     
   4.2874741880698126     
   4.2834685437950561     
   4.2794231902283251     
   4.2753382718612594     
   4.2712139297416245     
   4.2670503015413930     
   4.2628475216219570     
   4.2586057210966199     
   4.2543250278904852     
   4.2500055667978618     
   4.2456474595372935     
   4.2412508248043279     
   4.2368157783221063     
   4.2323424328898840     
   4.2278308984295601     
   4.2232812820302934     
   4.2186936879912942     
   4.2140682178628648     
   4.2094049704857373     
   4.2047040420288093     
   4.1999655260253057     
   4.1951895134074464     
   4.1903760925396689     
   4.1855253492504536     
   4.1806373668628138     
   4.1757122262234816     
   4.1707500057308469     
   4.1657507813616883     
   4.1607146266967341     
   4.1556416129450895     
   4.1505318089675773     
   4.1453852812990108     
   4.1402020941694415     
   4.1349823095244096     
   4.1297259870442309     
   4.1244331841623358     
   4.1191039560827027     
   4.1137383557964000     
   4.1083364340972643     
   4.1028982395967368     
   4.0974238187378775     
   4.0919132158085816     
   4.0863664729540128     
   4.0807836301882787     
   4.0751647254053580     
   4.0695097943892948     
   4.0638188708236873     
   4.0580919863004743     
   4.0523291703280391     
   4.0465304503386399     
   4.0406958516951814     
   4.0348253976973432     
   4.0289191095870658     
   4.0229770065534201     
   4.0169991057368497     
   4.0109854222328201     
   4.0049359690948592     
   3.9988507573370118     
   3.9927297959357122     
   3.9865730918310831     
   3.9803806499276604     
   3.9741524730945641     
   3.9678885621651041     
   3.9615889159358351     
   3.9552535311650696     
   3.9488824025708413     
   3.9424755228283295     
   3.9360328825667521     
   3.9295544703657228     
   3.9230402727510736     
   3.9164902741901546     
   3.9099044570866037     
   3.9032828017745915     
   3.8966252865125401     
   3.8899318874763207     
   3.8832025787519271     
   3.8764373323276238     
   3.8696361180855701     
   3.8627989037929198     
   3.8559256550923964     
   3.8490163354923359     
   3.8420709063562040     
   3.8350893268915827     
   3.8280715541386185     
   3.8210175429579336     
   3.8139272460180038     
   3.8068006137819830     
   3.7996375944939835     
   3.7924381341648088     
   3.7852021765571209     
   3.7779296631700507     
   3.7706205332232465     
   3.7632747236403388     
   3.7558921690318323     
   3.7484728016774129     
   3.7410165515076628     
   3.7335233460851724     
   3.7259931105850534     
   3.7184257677748263     
   3.7108212379936925     
   3.7031794391311759     
   3.6955002866051148     
   3.6877836933390116     
   3.6800295697387186     
   3.6722378236684516     
   3.6644083604261222     
   3.6565410827179785     
   3.6486358906325376     
   3.6406926816138019     
   3.6327113504337434     
   3.6246917891640464     
   3.6166338871470907     
   3.6085375309661614     
   3.6004026044148740     
   3.5922289884657959     
   3.5840165612382457     
   3.5757651979652612     
   3.5674747709597092     
   3.5591451495795305     
   3.5507762001920851     
   3.5423677861375982     
   3.5339197676916672     
   3.5254320020268257     
   3.5169043431731266     
   3.5083366419777366     
   3.4997287460635111     
   3.4910804997865217     
   3.4823917441925247     
   3.4736623169723280     
   3.4648920524160403     
   3.4560807813661718     
   3.4472283311695557     
   3.4383345256280595     
   3.4293991849480654     
   3.4204221256886722     
   3.4114031607085935     
   3.4023420991117139     
   3.3932387461912721     
   3.3840929033726330     
   3.3749043681546023     
   3.3656729340492468     
   3.3563983905201855     
   3.3470805229192973     
   3.3377191124218082     
   3.3283139359597071     
   3.3188647661534416     
   3.3093713712418404     
   3.2998335150102216     
   3.2902509567166152     
   3.2806234510160546     
   3.2709507478828752     
   3.2612325925309587     
   3.2514687253318568     
   3.2416588817307299     
   3.2318027921600323     
   3.2219001819508741     
   3.2119507712419746     
   3.2019542748861456     
   3.1919104023542095     
   3.1818188576362716     
   3.1716793391402653     
   3.1614915395876699     
   3.1512551459063074     
   3.1409698391201251     
   3.1306352942358520     
   3.1202511801264259     
   3.1098171594110759     
   3.0993328883319458     
   3.0887980166271323     
   3.0782121874000139     
   3.0675750369847337     
   3.0568861948076957     
   3.0461452832449387     
   3.0353519174752197     
   3.0245057053286617     
   3.0136062471307952     
   3.0026531355418240     
   2.9916459553909238     
   2.9805842835053977     
   2.9694676885344826     
   2.9582957307676043     
   2.9470679619468614     
   2.9357839250735109     
   2.9244431542082294     
   2.9130451742648860     
   2.9015895007975820     
   2.8900756397806777     
   2.8785030873815263     
   2.8668713297256159     
   2.8551798426538109     
   2.8434280914713614     
   2.8316155306883406     
   2.8197416037511611     
   2.8078057427647773     
   2.7958073682051969     
   2.7837458886218758     
   2.7716207003295774     
   2.7594311870892327     
   2.7471767197773249     
   2.7348566560433074     
   2.7224703399545214     
   2.7100171016280781     
   2.6974962568491092     
   2.6849071066748000     
   2.6722489370235540     
   2.6595210182486335     
   2.6467226046955692     
   2.6338529342426042     
   2.6209112278234064     
   2.6078966889312216     
   2.5948085031036423     
   2.5816458373870663     
   2.5684078397799270     
   2.5550936386536987     
   2.5417023421506384     
   2.5282330375571744     
   2.5146847906517977     
   2.5010566450262424     
   2.4873476213787025     
   2.4735567167777415     
   2.4596829038955033     
   2.4457251302087490     
   2.4316823171661861     
   2.4175533593204461     
   2.4033371234230234     
   2.3890324474803761     
   2.3746381397692962     
   2.3601529778095771     
   2.3455757072919012     
   2.3309050409587493     
   2.3161396574360493     
   2.3012782000131482     
   2.2863192753685726     
   2.2712614522389298     
   2.2561032600281545     
   2.2408431873541756     
   2.2254796805299391     
   2.2100111419755701     
   2.1944359285583026     
   2.1787523498566457     
   2.1629586663450984     
   2.1470530874955323     
   2.1310337697912236     
   2.1148988146492873     
   2.0986462662471306     
   2.0822741092483148     
   2.0657802664230527     
   2.0491625961583613     
   2.0324188898526998     
   2.0155468691897411     
   1.9985441832857187     
   1.9814084057046348     
   1.9641370313354152     
   1.9467274731249582     
   1.9291770586608641     
   1.9114830265975118     
   1.8936425229190519     
   1.8756525970328248     
   1.8575101976866732     
   1.8392121687036642     
   1.8207552445278059     
   1.8021360455745230     
   1.7833510733798936     
   1.7643967055430152     
   1.7452691904563573     
   1.7259646418195964     
   1.7064790329332515     
   1.6868081907694776     
   1.6669477898186724     
   1.6468933457121300     
   1.6266402086229363     
   1.6061835564496618     
   1.5855183877902461     
   1.5646395147169152     
   1.5435415553670477     
   1.5222189263698132     
   1.5006658351341984     
   1.4788762720309272     
   1.4568440025089153     
   1.4345625591965192     
   1.4120252340491464     
   1.3892250706181053     
   1.3661548565311949     
   1.3428071162938515     
   1.3191741045410927     
   1.2952477998955543     
   1.2710198996161528     
   1.2464818152559514     
   1.2216246695874626     
   1.1964392950996294     
   1.1709162344241335     
   1.1450457431104364     
   1.1188177952403267     
   1.0922220924549715     
   1.0652480770619672     
   1.0378849499982090     
   1.0101216945481464     
  0.98194710685785991     
  0.95334983444511301     
  0.92431842408581122     
  0.89484138065978169     
  0.86490723876497200     
  0.83450464916041323     
  0.80362248237578549     
  0.77224995213035619     
  0.74037676153806775     
  0.70799327544163482     
  0.67509072262307535     
  0.64166143209479698     
  0.60769910821259843     
  0.57319915002701849     
  0.53815902121546721     
  0.50257867833467085     
  0.46646106742722165     
  0.42981270303072022     
  0.39264435096241468     
  0.35497184992286834     
  0.31681713253155447     
  0.27820955250510293     
  0.23918769592603828     
  0.19980189728828779     
  0.16011731657877445     
  0.12021521280542637     
   8.0184651775472751E-002
   4.0099487763456482E-002
   0.0000000000000000     
