   21.852060592524502     
   21.851275207487188     
   21.850110968206856     
   21.848660806421609     
   21.846970387228652     
   21.845068521693161     
   21.842975564399868     
   21.840706892554874     
   21.838274655459387     
   21.835688766125681     
   21.832957511784542     
   21.830087953391857     
   21.827086199645137     
   21.823957602098343     
   21.820706898406353     
   21.817338320198981     
   21.813855676086273     
   21.810262416718192     
   21.806561686601427     
   21.802756365951545     
   21.798849104917863     
   21.794842351881041     
   21.790738377081858     
   21.786539292527596     
   21.782247068897902     
   21.777863550007915     
   21.773390465264615     
   21.768829440460895     
   21.764182007182114     
   21.759449611046385     
   21.754633618958128     
   21.749735325521765     
   21.744755958736555     
   21.739696685072872     
   21.734558614013668     
   21.729342802131391     
   21.724050256759604     
   21.718681939309661     
   21.713238768275232     
   21.707721621961422     
   21.702131340970009     
   21.696468730468034     
   21.690734562263362     
   21.684929576707734     
   21.679054484445228     
   21.673109968021816     
   21.667096683369824     
   21.661015261179401     
   21.654866308167772     
   21.648650408255730     
   21.642368123659860     
   21.636019995908001     
   21.629606546784629     
   21.623128279212224     
   21.616585678073960     
   21.609979210982583     
   21.603309328999828     
   21.596576467310303     
   21.589781045853407     
   21.582923469916487     
   21.576004130692169     
   21.569023405802490     
   21.561981659792284     
   21.554879244593987     
   21.547716499965890     
   21.540493753905679     
   21.533211323040927     
   21.525869512998106     
   21.518468618751513     
   21.511008924953423     
   21.503490706246662     
   21.495914227560714     
   21.488279744392369     
   21.480587503071845     
   21.472837741015301     
   21.465030686964464     
   21.457166561214205     
   21.449245575828691     
   21.441267934846788     
   21.433233834477296     
   21.425143463284584     
   21.416997002365136     
   21.408794625515480     
   21.400536499391958     
   21.392222783662774     
   21.383853631152668     
   21.375429187980615     
   21.366949593690883     
   21.358414981377770     
   21.349825477804309     
   21.341181203515237     
   21.332482272944475     
   21.323728794517390     
   21.314920870748033     
   21.306058598331617     
   21.297142068232390     
   21.288171365767127     
   21.279146570684432     
   21.270067757239964     
   21.260934994267817     
   21.251748345248153     
   21.242507868371248     
   21.233213616598096     
   21.223865637717662     
   21.214463974400946     
   21.205008664251928     
   21.195499739855531     
   21.185937228822681     
   21.176321153832564     
   21.166651532672173     
   21.156928378273211     
   21.147151698746448     
   21.137321497413595     
   21.127437772836757     
   21.117500518845546     
   21.107509724561901     
   21.097465374422690     
   21.087367448200112     
   21.077215921019995     
   21.067010763378008     
   21.056751941153834     
   21.046439415623361     
   21.036073143468901     
   21.025653076787513     
   21.015179163097425     
   21.004651345342609     
   20.994069561895522     
   20.983433746558074     
   20.972743828560787     
   20.961999732560230     
   20.951201378634710     
   20.940348682278252     
   20.929441554392884     
   20.918479901279245     
   20.907463624625514     
   20.896392621494691     
   20.885266784310232     
   20.874086000840034     
   20.862850154178791     
   20.851559122728727     
   20.840212780178703     
   20.828810995481700     
   20.817353632830670     
   20.805840551632784     
   20.794271606482035     
   20.782646647130218     
   20.770965518456279     
   20.759228060434026     
   20.747434108098165     
   20.735583491508720     
   20.723676035713741     
   20.711711560710359     
   20.699689881404133     
   20.687610807566696     
   20.675474143791664     
   20.663279689448821     
   20.651027238636512     
   20.638716580132289     
   20.626347497341726     
   20.613919768245420     
   20.601433165344147     
   20.588887455602126     
   20.576282400388386     
   20.563617755416200     
   20.550893270680561     
   20.538108690393653     
   20.525263752918303     
   20.512358190699359     
   20.499391730192983     
   20.486364091793785     
   20.473274989759798     
   20.460124132135217     
   20.446911220670891     
   20.433635950742492     
   20.420298011266322     
   20.406897084612737     
   20.393432846517094     
   20.379904965988192     
   20.366313105214154     
   20.352656919465680     
   20.338936056996612     
   20.325150158941760     
   20.311298859211924     
   20.297381784386022     
   20.283398553600293     
   20.269348778434452     
   20.255232062794786     
   20.241048002794052     
   20.226796186628139     
   20.212476194449373     
   20.198087598236434     
   20.183629961660721     
   20.169102839949140     
   20.154505779743182     
   20.139838318954180     
   20.125099986614682     
   20.110290302725794     
   20.095408778100396     
   20.080454914202114     
   20.065428202979923     
   20.050328126698258     
   20.035154157762513     
   20.019905758539760     
   20.004582381174593     
   19.989183467399918     
   19.973708448342535     
   19.958156744323389     
   19.942527764652294     
   19.926820907416964     
   19.911035559266196     
   19.895171095186996     
   19.879226878275464     
   19.863202259501257     
   19.847096577465411     
   19.830909158151286     
   19.814639314668458     
   19.798286346989293     
   19.781849541677961     
   19.765328171611653     
   19.748721495693729     
   19.732028758558545     
   19.715249190267631     
   19.698382005996972     
   19.681426405715069     
   19.664381573851426     
   19.647246678955188     
   19.630020873343522     
   19.612703292739422     
   19.595293055898523     
   19.577789264224553     
   19.560191001372992     
   19.542497332842515     
   19.524707305553754     
   19.506819947414922     
   19.488834266873798     
   19.470749252455551     
   19.452563872285875     
   19.434277073598853     
   19.415887782228967     
   19.397394902086653     
   19.378797314616705     
   19.360093878238906     
   19.341283427770129     
   19.322364773827172     
   19.303336702209560     
   19.284197973261492     
   19.264947321212027     
   19.245583453492671     
   19.226105050031357     
   19.206510762521855     
   19.186799213667545     
   19.166968996398456     
   19.147018673060412     
   19.126946774575053     
   19.106751799569459     
   19.086432213474016     
   19.065986447587097     
   19.045412898105063     
   19.024709925115999     
   19.003875851555492     
   18.982908962122725     
   18.961807502155008     
   18.940569676458761     
   18.919193648094915     
   18.897677537116497     
   18.876019419256107     
   18.854217324560810     
   18.832269235971872     
   18.810173087846554     
   18.787926764419087     
   18.765528098197706     
   18.742974868294503     
   18.720264798684592     
   18.697395556390923     
   18.674364749590818     
   18.651169925640080     
   18.627808569010245     
   18.604278099134287     
   18.580575868155762     
   18.556699158576084     
   18.532645180794241     
   18.508411070532933     
   18.483993886144685     
   18.459390605791032     
   18.434598124487486     
   18.409613251006434     
   18.384432704629578     
   18.359053111740995     
   18.333471002251237     
   18.307682805842209     
   18.281684848021875     
   18.255473345977006     
   18.229044404211368     
   18.202394009955835     
   18.175518028335855     
   18.148412197280710     
   18.121072122157742     
   18.093493270113530     
   18.065670964102562     
   18.037600376582471     
   18.009276522853273     
   17.980694254016260     
   17.951848249526279     
   17.922733009308985     
   17.893342845412402     
   17.863671873159564     
   17.833714001766293     
   17.803462924385126     
   17.772912107533173     
   17.742054779858002     
   17.710883920191719     
   17.679392244839093     
   17.647572194040741     
   17.615415917547146     
   17.582915259233509     
   17.550061740678984     
   17.516846543626876     
   17.483260491234478     
   17.449294028012687     
   17.414937198345918     
   17.380179623472237     
   17.345010476791913     
   17.309418457359378     
   17.273391761399154     
   17.236918051669893     
   17.199984424482647     
   17.162577374159117     
   17.124682754692952     
   17.086285738351624     
   17.047370770927881     
   17.007921523317467     
   16.967920839063652     
   16.927350677468034     
   16.886192051820949     
   16.844424962252234     
   16.802028322643775     
   16.758979880977524     
   16.715256132415757     
   16.670832224322428     
   16.625681852333990     
   16.579777146472875     
   16.533088546164603     
   16.485584662867261     
   16.437232128846407     
   16.387995430425434     
   16.337836723805914     
   16.286715631278806     
   16.234589015328496     
   16.181410727759012     
   16.127131330535079     
   16.071697784517532     
   16.015053101667704     
   15.957135955580132     
   15.897880244354376     
   15.837214598806765     
   15.775061827816437     
   15.711338291153725     
   15.645953188398579     
   15.578807750454091     
   15.509794317609726     
   15.438795285001769     
   15.365681892516571     
   15.290312831508389     
   15.212532634930186     
   15.132169810307873     
   15.049034666042257     
   14.962916770295321     
   14.873581967545094     
   14.780768859895291     
   14.684184637224106     
   14.583500110664275     
   14.478343765569276     
   14.368294600090906     
   14.252873449704325     
   14.131532410809314     
   14.003641859967264     
   13.868474408152000     
   13.725184915520058     
   13.572785398456450     
   13.410113253299459     
   13.235790650744191     
   13.048172148487394     
   12.845276419039113     
   12.624696334506812     
   12.383479254993974     
   12.117965894060692     
   11.823571126171137     
   11.494483027484097     
   11.123246986999737     
   10.700190864047755     
   10.212640717616507     
   9.6438963846689436     
   8.9720533666093676     
   8.1691850739393530     
   7.2026806129807310     
   6.0434208100252462     
   4.6872615193244336     
   3.1797768825364803     
   1.5992937927525399     
   0.0000000000000000     
