   16.211325250289566     
   16.210675377608311     
   16.209725947356418     
   16.208546237987512     
   16.207172251229061     
   16.205627031239835     
   16.203926960023420     
   16.202084455694699     
   16.200109350701563     
   16.198009679822139     
   16.195792167920526     
   16.193462550266744     
   16.191025792789393     
   16.188486249193346     
   16.185847776466449     
   16.183113821956852     
   16.180287490431894     
   16.177371596674146     
   16.174368707394464     
   16.171281175100276     
   16.168111165802063     
   16.164860681928889     
   16.161531581468338     
   16.158125594095079     
   16.154644334871193     
   16.151089315969106     
   16.147461956769614     
   16.143763592613592     
   16.139995482429775     
   16.136158815417609     
   16.132254716930518     
   16.128284253678569     
   16.124248438348360     
   16.120148233721604     
   16.115984556360068     
   16.111758279913861     
   16.107470238101111     
   16.103121227399789     
   16.098712009486409     
   16.094243313451354     
   16.089715837816403     
   16.085130252376523     
   16.080487199885127     
   16.075787297599344     
   16.071031138699929     
   16.066219293598458     
   16.061352311143068     
   16.056430719732525     
   16.051455028347341     
   16.046425727505667     
   16.041343290150813     
   16.036208172476456     
   16.031020814695072     
   16.025781641754335     
   16.020491064005988     
   16.015149477831002     
   16.009757266224653     
   16.004314799344630     
   15.998822435025120     
   15.993280519259418     
   15.987689386653498     
   15.982049360852656     
   15.976360754943197     
   15.970623871830961     
   15.964839004598291     
   15.959006436840964     
   15.953126442986449     
   15.947199288594733     
   15.941225230642834     
   15.935204517794157     
   15.929137390653541     
   15.923024082008970     
   15.916864817060775     
   15.910659813639038     
   15.904409282410001     
   15.898113427071989     
   15.891772444541612     
   15.885386525130686     
   15.878955852714480     
   15.872480604891676     
   15.865960953136627     
   15.859397062944200     
   15.852789093967687     
   15.846137200150087     
   15.839441529849168     
   15.832702225956544     
   15.825919426011126     
   15.819093262307206     
   15.812223861997442     
   15.805311347190949     
   15.798355835046788     
   15.791357437863015     
   15.784316263161502     
   15.777232413768763     
   15.770105987892869     
   15.762937079196725     
   15.755725776867768     
   15.748472165684330     
   15.741176326078691     
   15.733838334197076     
   15.726458261956628     
   15.719036177099500     
   15.711572143244167     
   15.704066219934102     
   15.696518462683866     
   15.688928923022688     
   15.681297648535702     
   15.673624682902830     
   15.665910065935458     
   15.658153833610916     
   15.650356018104882     
   15.642516647821763     
   15.634635747423069     
   15.626713337853891     
   15.618749436367544     
   15.610744056548327     
   15.602697208332591     
   15.594608898028063     
   15.586479128331469     
   15.578307898344553     
   15.570095203588471     
   15.561841036016633     
   15.553545384026000     
   15.545208232466889     
   15.536829562651294     
   15.528409352359770     
   15.519947575846869     
   15.511444203845203     
   15.502899203568118     
   15.494312538710995     
   15.485684169451218     
   15.477014052446838     
   15.468302140833872     
   15.459548384222366     
   15.450752728691116     
   15.441915116781168     
   15.433035487488004     
   15.424113776252502     
   15.415149914950643     
   15.406143831881957     
   15.397095451756741     
   15.388004695682046     
   15.378871481146406     
   15.369695722003380     
   15.360477328453802     
   15.351216207026836     
   15.341912260559790     
   15.332565388176677     
   15.323175485265557     
   15.313742443454593     
   15.304266150586889     
   15.294746490694042     
   15.285183343968429     
   15.275576586734228     
   15.265926091417125     
   15.256231726512729     
   15.246493356553687     
   15.236710842075439     
   15.226884039580671     
   15.217012801502364     
   15.207096976165504     
   15.197136407747394     
   15.187130936236526     
   15.177080397390073     
   15.166984622689874     
   15.156843439296980     
   15.146656670004679     
   15.136424133190019     
   15.126145642763776     
   15.115821008118822     
   15.105450034076933     
   15.095032520833923     
   15.084568263903130     
   15.074057054057214     
   15.063498677268198     
   15.052892914645779     
   15.042239542373792     
   15.031538331644882     
   15.020789048593244     
   15.009991454225492     
   14.999145304349522     
   14.988250349501387     
   14.977306334870111     
   14.966313000220405     
   14.955270079813213     
   14.944177302324054     
   14.933034390759136     
   14.921841062369110     
   14.910597028560467     
   14.899301994804498     
   14.887955660543760     
   14.876557719095979     
   14.865107857555305     
   14.853605756690897     
   14.842051090842689     
   14.830443527814358     
   14.818782728763312     
   14.807068348087700     
   14.795300033310333     
   14.783477424959376     
   14.771600156445816     
   14.759667853937534     
   14.747680136229906     
   14.735636614612849     
   14.723536892734190     
   14.711380566459216     
   14.699167223726372     
   14.686896444398883     
   14.674567800112287     
   14.662180854117635     
   14.649735161120335     
   14.637230267114408     
   14.624665709212076     
   14.612041015468495     
   14.599355704701500     
   14.586609286306160     
   14.573801260064021     
   14.560931115946840     
   14.547998333914606     
   14.535002383707692     
   14.521942724632899     
   14.508818805343230     
   14.495630063611143     
   14.482375926095042     
   14.469055808098812     
   14.455669113324147     
   14.442215233615363     
   14.428693548696492     
   14.415103425900341     
   14.401444219889219     
   14.387715272367059     
   14.373915911782555     
   14.360045453023105     
   14.346103197099008     
   14.332088430817771     
   14.318000426447986     
   14.303838441372458     
   14.289601717730122     
   14.275289482046357     
   14.260900944851185     
   14.246435300284928     
   14.231891725690771     
   14.217269381193736     
   14.202567409265519     
   14.187784934274571     
   14.172921062020842     
   14.157974879254553     
   14.142945453178315     
   14.127831830931868     
   14.112633039058741     
   14.097348082954037     
   14.081975946292475     
   14.066515590435912     
   14.050965953819375     
   14.035325951314659     
   14.019594473570493     
   14.003770386328204     
   13.987852529711777     
   13.971839717491097     
   13.955730736317168     
   13.939524344927957     
   13.923219273323509     
   13.906814221908833     
   13.890307860603048     
   13.873698827913136     
   13.856985729970551     
   13.840167139528861     
   13.823241594920511     
   13.806207598970635     
   13.789063617865715     
   13.771808079974821     
   13.754439374620944     
   13.736955850799886     
   13.719355815843883     
   13.701637534027096     
   13.683799225109796     
   13.665839062818010     
   13.647755173255078     
   13.629545633241362     
   13.611208468578162     
   13.592741652231602     
   13.574143102431940     
   13.555410680683476     
   13.536542189679988     
   13.517535371120143     
   13.498387903417051     
   13.479097399295693     
   13.459661403271575     
   13.440077389003401     
   13.420342756512111     
   13.400454829258145     
   13.380410851068046     
   13.360207982901063     
   13.339843299445603     
   13.319313785534669     
   13.298616332368663     
   13.277747733532987     
   13.256704680796989     
   13.235483759679733     
   13.214081444766956     
   13.192494094762402     
   13.170717947255357     
   13.148749113184763     
   13.126583570978768     
   13.104217160346806     
   13.081645575699449     
   13.058864359169267     
   13.035868893203601     
   13.012654392697792     
   12.989215896634745     
   12.965548259193627     
   12.941646140287451     
   12.917503995485589     
   12.893116065273450     
   12.868476363597216     
   12.843578665636814     
   12.818416494744973     
   12.792983108484593     
   12.767271483690086     
   12.741274300471357     
   12.714983925071181     
   12.688392391478057     
   12.661491381686810     
   12.634272204488513     
   12.606725772659169     
   12.578842578403194     
   12.550612666892643     
   12.522025607726388     
   12.493070464114396     
   12.463735759571300     
   12.434009441879345     
   12.403878844054148     
   12.373330642016242     
   12.342350808637168     
   12.310924563790048     
   12.279036319990565     
   12.246669623164182     
   12.213807088018459     
   12.180430327434310     
   12.146519875215674     
   12.112055101451832     
   12.077014119648817     
   12.041373684673747     
   12.005109080426028     
   11.968193995999188     
   11.930600388923086     
   11.892298333873873     
   11.853255855003489     
   11.813438739765170     
   11.772810331788804     
   11.731331299981079     
   11.688959380578730     
   11.645649088355192     
   11.601351392554905     
   11.556013352384323     
   11.509577705999030     
   11.461982405860130     
   11.413160092050431     
   11.363037493592037     
   11.311534745928853     
   11.258564610450483     
   11.204031579136888     
   11.147830843966288     
   11.089847106485601     
   11.029953197677651     
   10.968008471692176     
   10.903856928771249     
   10.837325012310624     
   10.768219011815333     
   10.696321986674041     
   10.621390104039833     
   10.543148256102940     
   10.461284785539670     
   10.375445099982125     
   10.285223892894114     
   10.190155603543728     
   10.089702634757440     
   9.9832406923174020     
   9.8700403976859672     
   9.7492440322502141     
   9.6198358615110706     
   9.4806039102870461     
   9.3300902395549130     
   9.1665256011433485     
   8.9877426572196537     
   8.7910595207194842     
   8.5731219034963608     
   8.3296873314927300     
   8.0553285906541419     
   7.7430267183600119     
   7.3836209873488023     
   6.9651005075197414     
   6.4718101314409333     
   5.8839508389103807     
   5.1786561918114176     
   4.3359614128877304     
   3.3544204804440207     
   2.2693322870723178     
   1.1387242735190222     
   0.0000000000000000     
