   44.628772207673371     
   44.627750760517976     
   44.626346909778690     
   44.624650323483188     
   44.622707148703242     
   44.620546807815217     
   44.618190172135193     
   44.615653041241423     
   44.612947913110098     
   44.610084993558544     
   44.607072819920766     
   44.603918670065632     
   44.600628843339024     
   44.597208860803967     
   44.593663612347157     
   44.589997467514550     
   44.586214360824961     
   44.582317858655962     
   44.578311212525058     
   44.574197402130437     
   44.569979170551484     
   44.565659053355141     
   44.561239402901435     
   44.556722408820697     
   44.552110115404844     
   44.547404436485948     
   44.542607168250704     
   44.537720000344777     
   44.532744525549923     
   44.527682248261264     
   44.522534591949501     
   44.517302905759067     
   44.511988470366852     
   44.506592503204466     
   44.501116163130355     
   44.495560554624113     
   44.489926731563742     
   44.484215700637748     
   44.478428424436316     
   44.472565824258965     
   44.466628782671457     
   44.460618145839796     
   44.454534725665745     
   44.448379301744843     
   44.442152623165384     
   44.435855410164606     
   44.429488355656162     
   44.423052126641373     
   44.416547365515385     
   44.409974691277981     
   44.403334700657510     
   44.396627969156185     
   44.389855052023059     
   44.383016485161306     
   44.376112785975081     
   44.369144454161159     
   44.362111972449640     
   44.355015807297775     
   44.347856409540817     
   44.340634215002865     
   44.333349645070932     
   44.326003107234904     
   44.318594995595880     
   44.311125691345076     
   44.303595563215559     
   44.296004967908466     
   44.288354250495587     
   44.280643744799853     
   44.272873773755208     
   44.265044649747168     
   44.257156674935324     
   44.249210141558954     
   44.241205332226684     
   44.233142520191279     
   44.225021969610466     
   44.216843935794479     
   44.208608665441254     
   44.200316396859911     
   44.191967360183149     
   44.183561777569231     
   44.175099863394138     
   44.166581824434324     
   44.158007860040691     
   44.149378162304167     
   44.140692916213389     
   44.131952299804730     
   44.123156484305312     
   44.114305634269080     
   44.105399907706442     
   44.096439456207783     
   44.087424425060973     
   44.078354953363373     
   44.069231174128397     
   44.060053214387004     
   44.050821195284257     
   44.041535232171178     
   44.032195434692163     
   44.022801906868033     
   44.013354747174944     
   44.003854048619388     
   43.994299898809345     
   43.984692380021720     
   43.975031569266342     
   43.965317538346433     
   43.955550353915932     
   43.945730077533540     
   43.935856765713773     
   43.925930469974993     
   43.915951236884652     
   43.905919108101699     
   43.895834120416310     
   43.885696305787029     
   43.875505691375359     
   43.865262299577900     
   43.854966148056093     
   43.844617249763616     
   43.834215612971491     
   43.823761241291002     
   43.813254133694464     
   43.802694284533800     
   43.792081683557065     
   43.781416315922996     
   43.770698162213549     
   43.759927198444359     
   43.749103396073458     
   43.738226722008001     
   43.727297138609131     
   43.716314603695011     
   43.705279070542097     
   43.694190487884576     
   43.683048799911987     
   43.671853946265166     
   43.660605862030472     
   43.649304477732223     
   43.637949719323437     
   43.626541508174945     
   43.615079761062724     
   43.603564390153593     
   43.591995302989233     
   43.580372402468527     
   43.568695586828227     
   43.556964749621926     
   43.545179779697470     
   43.533340561172530     
   43.521446973408565     
   43.509498890983174     
   43.497496183660658     
   43.485438716360939     
   43.473326349126673     
   43.461158937088783     
   43.448936330430143     
   43.436658374347580     
   43.424324909011993     
   43.411935769526842     
   43.399490785884716     
   43.386989782922107     
   43.374432580272305     
   43.361818992316472     
   43.349148828132755     
   43.336421891443500     
   43.323637980560505     
   43.310796888328220     
   43.297898402065037     
   43.284942303502405     
   43.271928368721881     
   43.258856368090100     
   43.245726066191473     
   43.232537221758726     
   43.219289587601160     
   43.205982910530601     
   43.192616931284945     
   43.179191384449382     
   43.165705998375039     
   43.152160495095181     
   43.138554590238790     
   43.124887992941552     
   43.111160405754035     
   43.097371524547199     
   43.083521038415036     
   43.069608629574262     
   43.055633973261060     
   43.041596737624722     
   43.027496583618159     
   43.013333164885218     
   42.999106127644581     
   42.984815110570359     
   42.970459744669128     
   42.956039653153354     
   42.941554451311134     
   42.927003746372108     
   42.912387137369400     
   42.897704214997653     
   42.882954561466761     
   42.868137750351330     
   42.853253346435807     
   42.838300905554995     
   42.823279974429852     
   42.808190090498499     
   42.793030781742203     
   42.777801566506191     
   42.762501953315230     
   42.747131440683567     
   42.731689516919374     
   42.716175659923152     
   42.700589336980265     
   42.684930004547084     
   42.669197108030751     
   42.653390081562179     
   42.637508347762221     
   42.621551317500675     
   42.605518389647784     
   42.589408950818260     
   42.573222375107264     
   42.556958023818133     
   42.540615245181762     
   42.524193374067032     
   42.507691731682208     
   42.491109625266773     
   42.474446347773622     
   42.457701177540898     
   42.440873377953423     
   42.423962197093147     
   42.406966867378173     
   42.389886605190092     
   42.372720610489061     
   42.355468066416130     
   42.338128138882396     
   42.320699976144461     
   42.303182708365611     
   42.285575447162167     
   42.267877285134517     
   42.250087295381995     
   42.232204531001223     
   42.214228024567014     
   42.196156787595292     
   42.177989809987189     
   42.159726059453575     
   42.141364480919215     
   42.122903995905730     
   42.104343501892338     
   42.085681871653577     
   42.066917952573057     
   42.048050565931931     
   42.029078506171338     
   42.010000540127542     
   41.990815406238475     
   41.971521813720521     
   41.952118441714227     
   41.932603938397577     
   41.912976920065205     
   41.893235970172206     
   41.873379638340744     
   41.853406439328005     
   41.833314851953304     
   41.813103317982886     
   41.792770240970107     
   41.772313985049010     
   41.751732873679138     
   41.731025188339103     
   41.710189167166519     
   41.689223003541741     
   41.668124844612528     
   41.646892789756770     
   41.625524888980301     
   41.604019141246368     
   41.582373492733431     
   41.560585835017655     
   41.538654003176092     
   41.516575773806679     
   41.494348862960535     
   41.471970923982049     
   41.449439545251948     
   41.426752247827970     
   41.403906482977924     
   41.380899629599050     
   41.357728991517732     
   41.334391794662764     
   41.310885184105267     
   41.287206220957856     
   41.263351879124990     
   41.239319041896159     
   41.215104498372874     
   41.190704939719801     
   41.166116955229846     
   41.141337028192233     
   41.116361531551860     
   41.091186723347477     
   41.065808741915248     
   41.040223600843511     
   41.014427183663265     
   40.988415238258192     
   40.962183370976383     
   40.935727040425085     
   40.909041550928087     
   40.882122045624108     
   40.854963499182659     
   40.827560710112287     
   40.799908292634171     
   40.772000668091700     
   40.743832055864765     
   40.715396463754750     
   40.686687677803576     
   40.657699251507090     
   40.628424494380205     
   40.598856459827196     
   40.568987932267113     
   40.538811413459698     
   40.508319107972952     
   40.477502907727974     
   40.446354375551429     
   40.414864727659726     
   40.383024814992289     
   40.350825103303677     
   40.318255651916324     
   40.285306091026413     
   40.251965597445356     
   40.218222868648311     
   40.184066094988701     
   40.149482929924083     
   40.114460458083528     
   40.078985160989546     
   40.043042880228967     
   40.006618777845780     
   39.969697293705799     
   39.932262099556198     
   39.894296049473859     
   39.855781126362920     
   39.816698384124884     
   39.777027885082433     
   39.736748632191087     
   39.695838495518785     
   39.654274132413370     
   39.612030900708810     
   39.569082764243369     
   39.525402189873681     
   39.480960035067525     
   39.435725425042257     
   39.389665618283090     
   39.342745859123362     
   39.294929215893539     
   39.246176402943888     
   39.196445584612484     
   39.145692158939561     
   39.093868518615444     
   39.040923786283265     
   38.986803520890831     
   38.931449391285533     
   38.874798812658931     
   38.816784540755251     
   38.757334217940340     
   38.696369864257278     
   38.633807305441181     
   38.569555528487477     
   38.503515953716658     
   38.435581610291543     
   38.365636199743292     
   38.293553029150921     
   38.219193792072026     
   38.142407170981357     
   38.063027229633974     
   37.980871557170261     
   37.895739117578287     
   37.807407747881719     
   37.715631235541039     
   37.620135889268298     
   37.520616496724038     
   37.416731535998160     
   37.308097473483706     
   37.194281936149622     
   37.074795487735237     
   36.949081661046037     
   36.816504795312639     
   36.676335088489104     
   36.527730085011143     
   36.369711558903759     
   36.201136389176625     
   36.020659512669326     
   35.826686308223529     
   35.617310706189649     
   35.390233757794661     
   35.142655067172278     
   34.871125942839591     
   34.571347636089378     
   34.237889379162581     
   33.863787038443753     
   33.439960490360207     
   32.954350187707135     
   32.390610528540996     
   31.726093549436531     
   30.928691866613129     
   29.951887401333398     
   28.727219312082926     
   27.154102320842721     
   25.091243797168726     
   22.368037461059856     
   18.855764441089818     
   14.601806208828805     
   9.8681531785132570     
   4.9494218891807016     
   0.0000000000000000     
