   1.7764019681172785     
   1.7763742252712114     
   1.7763193399428749     
   1.7762377109656569     
   1.7761296563449522     
   1.7759954466425083     
   1.7758353202405390     
   1.7756494918566663     
   1.7754381578700784     
   1.7752014999149104     
   1.7749396874392793     
   1.7746528796034149     
   1.7743412267330778     
   1.7740048714612648     
   1.7736439496441050     
   1.7732585911086305     
   1.7728489202724709     
   1.7724150566640453     
   1.7719571153641229     
   1.7714752073843316     
   1.7709694399944387     
   1.7704399170075216     
   1.7698867390301767     
   1.7693100036834166     
   1.7687098057988004     
   1.7680862375934621     
   1.7674393888270454     
   1.7667693469430168     
   1.7660761971964234     
   1.7653600227698076     
   1.7646209048787391     
   1.7638589228681927     
   1.7630741543008221     
   1.7622666750380300     
   1.7614365593146095     
   1.7605838798076365     
   1.7597087077001841     
   1.7588111127403809     
   1.7578911632962568     
   1.7569489264067699     
   1.7559844678293612     
   1.7549978520843454     
   1.7539891424964156     
   1.7529584012335011     
   1.7519056893431966     
   1.7508310667869598     
   1.7497345924722538     
   1.7486163242827912     
   1.7474763191070204     
   1.7463146328649886     
   1.7451313205336945     
   1.7439264361710345     
   1.7427000329384481     
   1.7414521631223421     
   1.7401828781543780     
   1.7388922286306971     
   1.7375802643301475     
   1.7362470342315783     
   1.7348925865302578     
   1.7335169686534670     
   1.7321202272753171     
   1.7307024083308351     
   1.7292635570293631     
   1.7278037178673018     
   1.7263229346402416     
   1.7248212504545082     
   1.7232987077381585     
   1.7217553482514498     
   1.7201912130968133     
   1.7186063427283551     
   1.7170007769609048     
   1.7153745549786386     
   1.7137277153432928     
   1.7120602960019884     
   1.7103723342946824     
   1.7086638669612653     
   1.7069349301483177     
   1.7051855594155414     
   1.7034157897418758     
   1.7016256555313225     
   1.6998151906184740     
   1.6979844282737706     
   1.6961334012084930     
   1.6942621415794963     
   1.6923706809937016     
   1.6904590505123471     
   1.6885272806550133     
   1.6865754014034271     
   1.6846034422050506     
   1.6826114319764660     
   1.6805993991065609     
   1.6785673714595184     
   1.6765153763776228     
   1.6744434406838815     
   1.6723515906844721     
   1.6702398521710178     
   1.6681082504226956     
   1.6659568102081865     
   1.6637855557874612     
   1.6615945109134203     
   1.6593836988333788     
   1.6571531422904098     
   1.6549028635245415     
   1.6526328842738163     
   1.6503432257752164     
   1.6480339087654532     
   1.6457049534816284     
   1.6433563796617667     
   1.6409882065452244     
   1.6386004528729747     
   1.6361931368877716     
   1.6337662763341989     
   1.6313198884585991     
   1.6288539900088901     
   1.6263685972342712     
   1.6238637258848148     
   1.6213393912109522     
   1.6187956079628489     
   1.6162323903896774     
   1.6136497522387823     
   1.6110477067547440     
   1.6084262666783398     
   1.6057854442454036     
   1.6031252511855867     
   1.6004456987210176     
   1.5977467975648678     
   1.5950285579198162     
   1.5922909894764210     
   1.5895341014113951     
   1.5867579023857845     
   1.5839624005430586     
   1.5811476035071006     
   1.5783135183801094     
   1.5754601517404088     
   1.5725875096401649     
   1.5696955976030111     
   1.5667844206215846     
   1.5638539831549705     
   1.5609042891260581     
   1.5579353419188062     
   1.5549471443754197     
   1.5519396987934353     
   1.5489130069227224     
   1.5458670699623904     
   1.5428018885576118     
   1.5397174627963541     
   1.5366137922060261     
   1.5334908757500323     
   1.5303487118242431     
   1.5271872982533754     
   1.5240066322872849     
   1.5208067105971710     
   1.5175875292716927     
   1.5143490838129989     
   1.5110913691326675     
   1.5078143795475589     
   1.5045181087755801     
   1.5012025499313610     
   1.4978676955218420     
   1.4945135374417722     
   1.4911400669691226     
   1.4877472747604050     
   1.4843351508459075     
   1.4809036846248360     
   1.4774528648603702     
   1.4739826796746291     
   1.4704931165435471     
   1.4669841622916591     
   1.4634558030867968     
   1.4599080244346958     
   1.4563408111735108     
   1.4527541474682417     
   1.4491480168050688     
   1.4455224019855968     
   1.4418772851210078     
   1.4382126476261254     
   1.4345284702133854     
   1.4308247328867147     
   1.4271014149353223     
   1.4233584949273943     
   1.4195959507037021     
   1.4158137593711142     
   1.4120118972960196     
   1.4081903400976581     
   1.4043490626413606     
   1.4004880390316949     
   1.3966072426055212     
   1.3927066459249571     
   1.3887862207702497     
   1.3848459381325566     
   1.3808857682066356     
   1.3769056803834434     
   1.3729056432426463     
   1.3688856245450343     
   1.3648455912248512     
   1.3607855093820325     
   1.3567053442743531     
   1.3526050603094890     
   1.3484846210369870     
   1.3443439891401507     
   1.3401831264278370     
   1.3360019938261669     
   1.3318005513701536     
   1.3275787581952412     
   1.3233365725287642     
   1.3190739516813239     
   1.3147908520380811     
   1.3104872290499732     
   1.3061630372248498     
   1.3018182301185317     
   1.2974527603257939     
   1.2930665794712786     
   1.2886596382003304     
   1.2842318861697666     
   1.2797832720385778     
   1.2753137434585626     
   1.2708232470649008     
   1.2663117284666636     
   1.2617791322372687     
   1.2572254019048781     
   1.2526504799427471     
   1.2480543077595219     
   1.2434368256894934     
   1.2387979729828118     
   1.2341376877956598     
   1.2294559071803963     
   1.2247525670756709     
   1.2200276022965124     
   1.2152809465244012     
   1.2105125322973254     
   1.2057222909998311     
   1.2009101528530699     
   1.1960760469048481     
   1.1912199010196882     
   1.1863416418689106     
   1.1814411949207333     
   1.1765184844304097     
   1.1715734334304051     
   1.1666059637206196     
   1.1616159958586745     
   1.1566034491502595     
   1.1515682416395618     
   1.1465102900997826     
   1.1414295100237490     
   1.1363258156146396     
   1.1311991197768303     
   1.1260493341068789     
   1.1208763688846526     
   1.1156801330646235     
   1.1104605342673393     
   1.1052174787710862     
   1.0999508715037647     
   1.0946606160349868     
   1.0893466145684223     
   1.0840087679344070     
   1.0786469755828327     
   1.0732611355763431     
   1.0678511445838548     
   1.0624168978744255     
   1.0569582893114966     
   1.0514752113475330     
   1.0459675550190846     
   1.0404352099423020     
   1.0348780643089306     
   1.0292960048828155     
   1.0236889169969496     
   1.0180566845510943     
   1.0123991900100138     
   1.0067163144023517     
   1.0010079373201952     
  0.99527393691936250     
  0.98951418992045537     
  0.98372857161072269     
  0.97791695584677840     
  0.97207921505822281     
  0.96621522025221662     
  0.96032484101906190     
  0.95440794553884134     
  0.94846440058917636     
  0.94249407155416298     
  0.93649682243454624     
  0.93047251585920188     
  0.92442101309799052     
  0.91834217407605945     
  0.91223585738966417     
  0.90610192032358838     
  0.89994021887024611     
  0.89375060775054926     
  0.88753294043663178     
  0.88128706917652244     
  0.87501284502086596     
  0.86871011785179153     
  0.86237873641403850     
  0.85601854834844993     
  0.84962940022794808     
  0.84321113759611710     
  0.83676360500851787     
  0.83028664607686808     
  0.82378010351622710     
  0.81724381919532940     
  0.81067763419021954     
  0.80408138884134528     
  0.79745492281427444     
  0.79079807516420964     
  0.78411068440447762     
  0.77739258857918536     
  0.77064362534023712     
  0.76386363202891794     
  0.75705244576225950     
  0.75020990352441086     
  0.74333584226324734     
  0.73643009899246581     
  0.72949251089941691     
  0.72252291545894443     
  0.71552115055350840     
  0.70848705459988515     
  0.70142046668274616     
  0.69432122669543717     
  0.68718917548828651     
  0.68002415502479352     
  0.67282600854605856     
  0.66559458074383659     
  0.65832971794261042     
  0.65103126829110414     
  0.64369908196366854     
  0.63633301137199894     
  0.62893291138766438     
  0.62149863957594853     
  0.61403005644153197     
  0.60652702568656880     
  0.59898941448173904     
  0.59141709375088813     
  0.58380993846989848     
  0.57616782798047173     
  0.56849064631953550     
  0.56077828256503204     
  0.55303063119888640     
  0.54524759248800114     
  0.53742907288417396     
  0.52957498544389148     
  0.52168525026901269     
  0.51375979496942414     
  0.50579855514882111     
  0.49780147491485266     
  0.48976850741495748     
  0.48169961539931927     
  0.47359477181248394     
  0.46545396041530429     
  0.45727717643902233     
  0.44906442727345658     
  0.44081573319144240     
  0.43253112811187672     
  0.42421066040394839     
  0.41585439373539712     
  0.40746240796794181     
  0.39903480010335585     
  0.39057168528405356     
  0.38207319785248750     
  0.37353949247415502     
  0.36497074532957297     
  0.35636715538121527     
  0.34772894572211793     
  0.33905636501364489     
  0.33034968902077116     
  0.32160922225416722     
  0.31283529972933127     
  0.30402828885397254     
  0.29518859145571158     
  0.28631664596280731     
  0.27741292975083592     
  0.26847796166771071     
  0.25951230474766412     
  0.25051656912109710     
  0.24149141512047959     
  0.23243755657128856     
  0.22335576423922132     
  0.21424686937789292     
  0.20511176728146091     
  0.19595142069014862     
  0.18676686281959914     
  0.17755919968507575     
  0.16832961127060245     
  0.15907935096144935     
  0.14980974253983709     
  0.14052217398065808     
  0.13121808733680818     
  0.12189896423936704     
  0.11256630700170260     
  0.10322161599107418     
   9.3866364701794172E-002
   8.4501974624553167E-002
   7.5129792328487474E-002
   6.5751071014864187E-002
   5.6366958195193891E-002
   4.6978490290464338E-002
   3.7586594110111830E-002
   2.8192094565083581E-002
   1.8795727690782277E-002
   9.3981580745221057E-003
   0.0000000000000000     
