   3.5075945750929987     
   3.5075271717657923     
   3.5073961399830518     
   3.5072037478503924     
   3.5069517276465776     
   3.5066415067407521     
   3.5062743098278273     
   3.5058512149103205     
   3.5053731878507808     
   3.5048411054355189     
   3.5042557716512341     
   3.5036179296619334     
   3.5029282709138228     
   3.5021874422402899     
   3.5013960515266329     
   3.5005546723083456     
   3.4996638475611204     
   3.4987240928658991     
   3.4977358990823681     
   3.4966997346299440     
   3.4956160474512163     
   3.4944852667154529     
   3.4933078043070704     
   3.4920840561345781     
   3.4908144032883142     
   3.4894992130698728     
   3.4881388399118700     
   3.4867336262033759     
   3.4852839030337255     
   3.4837899908653118     
   3.4822522001442722     
   3.4806708318566106     
   3.4790461780361657     
   3.4773785222299156     
   3.4756681399253160     
   3.4739152989437669     
   3.4721202598037224     
   3.4702832760565308     
   3.4684045945976938     
   3.4664844559559072     
   3.4645230945619643     
   3.4625207389993640     
   3.4604776122382530     
   3.4583939318541592     
   3.4562699102328009     
   3.4541057547621312     
   3.4519016680126686     
   3.4496578479070257     
   3.4473744878794914     
   3.4450517770264182     
   3.4426899002481091     
   3.4402890383828142     
   3.4378493683334108     
   3.4353710631872865     
   3.4328542923298810     
   3.4302992215523296     
   3.4277060131535921     
   3.4250748260374317     
   3.4224058158045656     
   3.4196991348403043     
   3.4169549323979496     
   3.4141733546782111     
   3.4113545449048766     
   3.4084986433969644     
   3.4056057876375490     
   3.4026761123394600     
   3.3997097495080233     
   3.3967068285010065     
   3.3936674760859220     
   3.3905918164948292     
   3.3874799714767616     
   3.3843320603479050     
   3.3811482000396444     
   3.3779285051445784     
   3.3746730879606019     
   3.3713820585331611     
   3.3680555246957486     
   3.3646935921087451     
   3.3612963642966602     
   3.3578639426838599     
   3.3543964266288442     
   3.3508939134571403     
   3.3473564984928648     
   3.3437842750890208     
   3.3401773346565835     
   3.3365357666924051     
   3.3328596588060169     
   3.3291490967453470     
   3.3254041644214110     
   3.3216249439320098     
   3.3178115155844750     
   3.3139639579174904     
   3.3100823477220360     
   3.3061667600614753     
   3.3022172682908195     
   3.2982339440751991     
   3.2942168574075725     
   3.2901660766256842     
   3.2860816684283178     
   3.2819636978908497     
   3.2778122284801294     
   3.2736273220687155     
   3.2694090389484773     
   3.2651574378435853     
   3.2608725759229054     
   3.2565545088118237     
   3.2522032906035019     
   3.2478189738695940     
   3.2434016096704239     
   3.2389512475646556     
   3.2344679356184525     
   3.2299517204141486     
   3.2254026470584374     
   3.2208207591900915     
   3.2162060989872328     
   3.2115587071741407     
   3.2068786230276367     
   3.2021658843830263     
   3.1974205276396330     
   3.1926425877659113     
   3.1878320983041566     
   3.1829890913748216     
   3.1781135976804382     
   3.1732056465091572     
   3.1682652657379098     
   3.1632924818351968     
   3.1582873198635100     
   3.1532498034813927     
   3.1481799549451446     
   3.1430777951101732     
   3.1379433434319948     
   3.1327766179668948     
   3.1275776353722415     
   3.1223464109064687     
   3.1170829584287176     
   3.1117872903981527     
   3.1064594178729381     
   3.1010993505088975     
   3.0957070965578426     
   3.0902826628655755     
   3.0848260548695761     
   3.0793372765963616     
   3.0738163306585276     
   3.0682632182514742     
   3.0626779391498058     
   3.0570604917034183     
   3.0514108728332645     
   3.0457290780268043     
   3.0400151013331325     
   3.0342689353577890     
   3.0284905712572505     
   3.0226799987330986     
   3.0168372060258641     
   3.0109621799085557     
   3.0050549056798515     
   2.9991153671569757     
   2.9931435466682395     
   2.9871394250452479     
   2.9811029816147832     
   2.9750341941903398     
   2.9689330390633293     
   2.9627994909939397     
   2.9566335232016483     
   2.9504351073553847     
   2.9442042135633457     
   2.9379408103624476     
   2.9316448647074194     
   2.9253163419595332     
   2.9189552058749562     
   2.9125614185927375     
   2.9061349406224082     
   2.8996757308311962     
   2.8931837464308492     
   2.8866589429640621     
   2.8801012742904968     
   2.8735106925723954     
   2.8668871482597709     
   2.8602305900751803     
   2.8535409649980572     
   2.8468182182486141     
   2.8400622932712882     
   2.8332731317177351     
   2.8264506734293589     
   2.8195948564193674     
   2.8127056168543429     
   2.8057828890353198     
   2.7988266053783590     
   2.7918366963946135     
   2.7848130906698620     
   2.7777557148435119     
   2.7706644935870517     
   2.7635393495819462     
   2.7563802034969571     
   2.7491869739648815     
   2.7419595775586876     
   2.7346979287670394     
   2.7274019399691962     
   2.7200715214092659     
   2.7127065811698041     
   2.7053070251447360     
   2.6978727570115888     
   2.6904036782030176     
   2.6828996878776081     
   2.6753606828899250     
   2.6677865577598090     
   2.6601772046408834     
   2.6525325132882580     
   2.6448523710254150     
   2.6371366627102342     
   2.6293852707001655     
   2.6215980748164962     
   2.6137749523077036     
   2.6059157778118718     
   2.5980204233181303     
   2.5900887581271057     
   2.5821206488103448     
   2.5741159591686871     
   2.5660745501895543     
   2.5579962800031328     
   2.5498810038374042     
   2.5417285739719997     
   2.5335388396908480     
   2.5253116472335679     
   2.5170468397455812     
   2.5087442572269039     
   2.5004037364795741     
   2.4920251110536809     
   2.4836082111919460     
   2.4751528637728222     
   2.4666588922520560     
   2.4581261166026738     
   2.4495543532533386     
   2.4409434150250342     
   2.4322931110660178     
   2.4236032467849911     
   2.4148736237824338     
   2.4061040397800482     
   2.3972942885482418     
   2.3884441598316046     
   2.3795534392723017     
   2.3706219083313265     
   2.3616493442075406     
   2.3526355197544357     
   2.3435802033945370     
   2.3344831590313815     
   2.3253441459589892     
   2.3161629187687471     
   2.3069392272536198     
   2.2976728163096087     
   2.2883634258343655     
   2.2790107906228636     
   2.2696146402600452     
   2.2601746990103289     
   2.2506906857038897     
   2.2411623136196019     
   2.2315892903645325     
   2.2219713177498743     
   2.2123080916632056     
   2.2025993019369539     
   2.1928446322129371     
   2.1830437598028585     
   2.1731963555446154     
   2.1633020836542949     
   2.1533606015737052     
   2.1433715598133025     
   2.1333346017903563     
   2.1232493636622047     
   2.1131154741544331     
   2.1029325543838140     
   2.0927002176758300     
   2.0824180693766126     
   2.0720857066591081     
   2.0617027183232826     
   2.0512686845901777     
   2.0407831768896121     
   2.0302457576413260     
   2.0196559800293579     
   2.0090133877694369     
   1.9983175148691628     
   1.9875678853807515     
   1.9767640131461037     
   1.9659054015339559     
   1.9549915431688705     
   1.9440219196518045     
   1.9329960012719982     
   1.9219132467099180     
   1.9107731027309816     
   1.8995750038697825     
   1.8883183721045380     
   1.8770026165214611     
   1.8656271329687708     
   1.8541913037000359     
   1.8426944970065526     
   1.8311360668384449     
   1.8195153524141796     
   1.8078316778181858     
   1.7960843515862546     
   1.7842726662784181     
   1.7723958980389791     
   1.7604533061433809     
   1.7484441325316140     
   1.7363676013278431     
   1.7242229183459561     
   1.7120092705807457     
   1.6997258256844374     
   1.6873717314282930     
   1.6749461151490381     
   1.6624480831798774     
   1.6498767202658786     
   1.6372310889635442     
   1.6245102290244064     
   1.6117131567625294     
   1.5988388644058318     
   1.5858863194311983     
   1.5728544638833999     
   1.5597422136778993     
   1.5465484578876976     
   1.5332720580144494     
   1.5199118472441657     
   1.5064666296879239     
   1.4929351796081296     
   1.4793162406309852     
   1.4656085249459814     
   1.4518107124933817     
   1.4379214501408608     
   1.4239393508506510     
   1.4098629928387925     
   1.3956909187283297     
   1.3814216346985906     
   1.3670536096329955     
   1.3525852742682103     
   1.3380150203478427     
   1.3233411997843363     
   1.3085621238331955     
   1.2936760622842387     
   1.2786812426751666     
   1.2635758495334293     
   1.2483580236531107     
   1.2330258614143934     
   1.2175774141540889     
   1.2020106875967442     
   1.1863236413569751     
   1.1705141885249348     
   1.1545801953482229     
   1.1385194810250776     
   1.1223298176254115     
   1.1060089301581248     
   1.0895544968052226     
   1.0729641493455526     
   1.0562354737935256     
   1.0393660112809646     
   1.0223532592133104     
   1.0051946727347940     
  0.98788766654090865     
  0.97042961708059772     
  0.95281786519505729     
  0.93504971924496350     
  0.91712245878330634     
  0.89903333883689729     
  0.88077959486602342     
  0.86235844847872778     
  0.84376711398381465     
  0.82500280587497166     
  0.80606274734741790     
  0.78694417995827093     
  0.76764437455245793     
  0.74816064358752865     
  0.72849035500325876     
  0.70863094779558011     
  0.68857994946927092     
  0.66833499556020948     
  0.64789385143611966     
  0.62725443660504232     
  0.60641485178387211     
  0.58537340900612833     
  0.56412866508005377     
  0.54267945874722034     
  0.52102495194118481     
  0.49916467561009897     
  0.47709858065372057     
  0.45482709464496363     
  0.43235118517577137     
  0.40967243091248728     
  0.38679310180650983     
  0.36371625044169359     
  0.34044581729911849     
  0.31698675390543829     
  0.29334516954873963     
  0.26952850958306890     
  0.24554577601905991     
  0.22140780247292552     
  0.19712758979423264     
  0.17272067902693225     
  0.14820544662445478     
  0.12360300416533392     
   9.8936139883799942E-002
   7.4226912425155722E-002
   4.9493613201076973E-002
   2.4748874407232134E-002
   0.0000000000000000     
