       0.2000000000000000E-01       0.2210258707322034E-02       0.1393080823018133E-02       0.1555249402151360E-02
       0.4000000000000000E-01       0.2210213964112584E-02       0.1393052768635063E-02       0.1555218081840110E-02
       0.6000000000000000E-01       0.2210169221475571E-02       0.1393024714622481E-02       0.1555186761959541E-02
       0.8000000000000000E-01       0.2210124479304867E-02       0.1392996660913763E-02       0.1555155442435216E-02
       0.1000000000000000E+00       0.2210079737650894E-02       0.1392968607540520E-02       0.1555124123302473E-02
       0.1200000000000000E+00       0.2210034996521721E-02       0.1392940554507793E-02       0.1555092804566959E-02
       0.1400000000000000E+00       0.2209990255895627E-02       0.1392912501802032E-02       0.1555061486213510E-02
       0.1600000000000000E+00       0.2209945515778025E-02       0.1392884449426511E-02       0.1555030168245826E-02
       0.1800000000000000E+00       0.2209901091578755E-02       0.1392856397378052E-02       0.1554998850660353E-02
       0.2000000000000000E+00       0.2209856817158636E-02       0.1392828345651956E-02       0.1554967533451800E-02
       0.2200000000000000E+00       0.2209812543291094E-02       0.1392800294264198E-02       0.1554936216638085E-02
       0.2400000000000000E+00       0.2209768269953460E-02       0.1392772243200713E-02       0.1554904900203443E-02
       0.2600000000000000E+00       0.2209723997167754E-02       0.1392744192475263E-02       0.1554873584163289E-02
       0.2800000000000000E+00       0.2209679724917194E-02       0.1392716142077228E-02       0.1554842268505767E-02
       0.3000000000000000E+00       0.2209635453190911E-02       0.1392688091999990E-02       0.1554810953223440E-02
       0.3200000000000000E+00       0.2209591182016545E-02       0.1392660042260661E-02       0.1554779638335488E-02
       0.3400000000000000E+00       0.2209546911376166E-02       0.1392631992848105E-02       0.1554748323829456E-02
       0.3600000000000000E+00       0.2209502641265019E-02       0.1392603943759440E-02       0.1554717009702091E-02
       0.3800000000000000E+00       0.2209458371707490E-02       0.1392575895009807E-02       0.1554685695970369E-02
       0.4000000000000000E+00       0.2209414102690144E-02       0.1392547846590876E-02       0.1554654382624962E-02
       0.4200000000000000E+00       0.2209369834192018E-02       0.1392519798489370E-02       0.1554623069651021E-02
       0.4400000000000000E+00       0.2209325566247952E-02       0.1392491750727388E-02       0.1554591757073283E-02
       0.4600000000000000E+00       0.2209281298835449E-02       0.1392463703290397E-02       0.1554560444875497E-02
       0.4800000000000000E+00       0.2209237031960417E-02       0.1392435656182631E-02       0.1554529133062380E-02
       0.5000000000000000E+00       0.2209192765632052E-02       0.1392407609409644E-02       0.1554497821640153E-02
       0.5200000000000000E+00       0.2209148499842053E-02       0.1392379562966071E-02       0.1554466510602844E-02
       0.5400000000000000E+00       0.2209104234584972E-02       0.1392351516848688E-02       0.1554435199946840E-02
       0.5600000000000001E+00       0.2209059969862968E-02       0.1392323471058693E-02       0.1554403889673468E-02
       0.5800000000000000E+00       0.2209015705688354E-02       0.1392295425603982E-02       0.1554372579791590E-02
       0.6000000000000000E+00       0.2208971442049669E-02       0.1392267380477232E-02       0.1554341270293009E-02
       0.6200000000000000E+00       0.2208927178935185E-02       0.1392239335671030E-02       0.1554309961169434E-02
       0.6400000000000000E+00       0.2208882916368142E-02       0.1392211291199959E-02       0.1554278652437194E-02
       0.6600000000000000E+00       0.2208838654359611E-02       0.1392183247071668E-02       0.1554247344104812E-02
       0.6800000000000000E+00       0.2208794392855874E-02       0.1392155203251075E-02       0.1554216036133118E-02
       0.7000000000000001E+00       0.2208750131919307E-02       0.1392127159778950E-02       0.1554184728567635E-02
       0.7200000000000000E+00       0.2208705871491665E-02       0.1392099116616821E-02       0.1554153421365435E-02
       0.7400000000000000E+00       0.2208661611624995E-02       0.1392071073799180E-02       0.1554122114565015E-02
       0.7600000000000000E+00       0.2208617352303971E-02       0.1392043031316061E-02       0.1554090808155236E-02
       0.7800000000000000E+00       0.2208573093497012E-02       0.1392014989146311E-02       0.1554059502112525E-02
       0.8000000000000000E+00       0.2208528835245100E-02       0.1391986947316988E-02       0.1554028196467079E-02
       0.8200000000000001E+00       0.2208484577536439E-02       0.1391958905820639E-02       0.1553996891210565E-02
       0.8400000000000000E+00       0.2208440320354200E-02       0.1391930864646010E-02       0.1553965586330438E-02
       0.8600000000000000E+00       0.2208396063706364E-02       0.1391902823798187E-02       0.1553934281832388E-02
       0.8800000000000000E+00       0.2208351807584404E-02       0.1391874783271715E-02       0.1553902977710322E-02
       0.9000000000000000E+00       0.2208307552042626E-02       0.1391846743102470E-02       0.1553871674004275E-02
       0.9200000000000000E+00       0.2208263297017727E-02       0.1391818703248519E-02       0.1553840370667477E-02
       0.9400000000000001E+00       0.2208219042489599E-02       0.1391790663696674E-02       0.1553809067685195E-02
       0.9600000000000000E+00       0.2208174788530685E-02       0.1391762624494861E-02       0.1553777765110923E-02
       0.9800000000000000E+00       0.2208130535146152E-02       0.1391734585646393E-02       0.1553746462948363E-02
       0.1000000000000000E+01       0.2208086282296465E-02       0.1391706547124890E-02       0.1553715161168093E-02
       0.1020000000000000E+01       0.2208042029911614E-02       0.1391678508884619E-02       0.1553683859719056E-02
       0.1040000000000000E+01       0.2207997778115191E-02       0.1391650471007039E-02       0.1553652558692174E-02
       0.1060000000000000E+01       0.2207953526844310E-02       0.1391622433450573E-02       0.1553621258041058E-02
       0.1080000000000000E+01       0.2207909276180131E-02       0.1391594396268444E-02       0.1553589957825117E-02
       0.1100000000000000E+01       0.2207865025945423E-02       0.1391566359344375E-02       0.1553558657914562E-02
       0.1120000000000000E+01       0.2207820776360091E-02       0.1391538322823003E-02       0.1553527358470832E-02
       0.1140000000000000E+01       0.2207776527245714E-02       0.1391510286586690E-02       0.1553496059362651E-02
       0.1160000000000000E+01       0.2207732278637310E-02       0.1391482250658662E-02       0.1553464760615928E-02
       0.1180000000000000E+01       0.2207688030593965E-02       0.1391454215077831E-02       0.1553433462274105E-02
       0.1200000000000000E+01       0.2207643783123821E-02       0.1391426179849638E-02       0.1553402164343254E-02
       0.1220000000000000E+01       0.2207599536136227E-02       0.1391398144914001E-02       0.1553370866756333E-02
       0.1240000000000000E+01       0.2207555289717079E-02       0.1391370110327884E-02       0.1553339569576915E-02
       0.1260000000000000E+01       0.2207511043903918E-02       0.1391342076115823E-02       0.1553308272832389E-02
       0.1280000000000000E+01       0.2207466798597351E-02       0.1391314042212512E-02       0.1553276976449875E-02
       0.1300000000000000E+01       0.2207422553787664E-02       0.1391286008611392E-02       0.1553245680422058E-02
       0.1320000000000000E+01       0.2207378309509510E-02       0.1391257975335398E-02       0.1553214384774533E-02
       0.1340000000000000E+01       0.2207334065806696E-02       0.1391229942413323E-02       0.1553183089539442E-02
       0.1360000000000000E+01       0.2207289822625343E-02       0.1391201909809751E-02       0.1553151794677271E-02
       0.1380000000000000E+01       0.2207245579809325E-02       0.1391173877421935E-02       0.1553120500073341E-02
       0.1400000000000000E+01       0.2207201337830459E-02       0.1391145845560169E-02       0.1553089206073975E-02
       0.1420000000000000E+01       0.2207157096267545E-02       0.1391117813947582E-02       0.1553057912370159E-02
       0.1440000000000000E+01       0.2207112855102469E-02       0.1391089782572135E-02       0.1553026618948476E-02
       0.1460000000000000E+01       0.2207068614773200E-02       0.1391061751721886E-02       0.1552995326130417E-02
       0.1480000000000000E+01       0.2207024374825250E-02       0.1391033721097919E-02       0.1552964033582367E-02
       0.1500000000000000E+01       0.2206980135240675E-02       0.1391005690688559E-02       0.1552932741291301E-02
       0.1520000000000000E+01       0.2206935896479234E-02       0.1390977660796018E-02       0.1552901449594535E-02
       0.1540000000000000E+01       0.2206891658016294E-02       0.1390949631075335E-02       0.1552870158107050E-02
       0.1560000000000000E+01       0.2206847420385378E-02       0.1390921601877319E-02       0.1552838867220381E-02
       0.1580000000000000E+01       0.2206803183055454E-02       0.1390893572852973E-02       0.1552807576545032E-02
       0.1600000000000000E+01       0.2206758946416626E-02       0.1390865544258543E-02       0.1552776286367002E-02
       0.1620000000000000E+01       0.2206714710226072E-02       0.1390837515934445E-02       0.1552744996508176E-02
       0.1640000000000000E+01       0.2206670474517803E-02       0.1390809487903112E-02       0.1552713706993599E-02
       0.1660000000000000E+01       0.2206626239477638E-02       0.1390781460286825E-02       0.1552682417959756E-02
       0.1680000000000000E+01       0.2206582004859818E-02       0.1390753432923684E-02       0.1552651129225955E-02
       0.1700000000000000E+01       0.2206537770817723E-02       0.1390725405914739E-02       0.1552619840904978E-02
       0.1720000000000000E+01       0.2206493537330506E-02       0.1390697379246335E-02       0.1552588552981588E-02
       0.1740000000000000E+01       0.2206449304337380E-02       0.1390669352878485E-02       0.1552557265411173E-02
       0.1760000000000000E+01       0.2206405072008157E-02       0.1390641326922666E-02       0.1552525978318135E-02
       0.1780000000000000E+01       0.2206360840084493E-02       0.1390613301209143E-02       0.1552494691513058E-02
       0.1800000000000000E+01       0.2206316608616095E-02       0.1390585275770687E-02       0.1552463405032515E-02
       0.1820000000000000E+01       0.2206272377649146E-02       0.1390557250637599E-02       0.1552432118910340E-02
       0.1840000000000000E+01       0.2206228147552955E-02       0.1390529226052540E-02       0.1552400833417336E-02
       0.1860000000000000E+01       0.2206183917932385E-02       0.1390501201755964E-02       0.1552369548263851E-02
       0.1880000000000000E+01       0.2206139688801736E-02       0.1390473177757155E-02       0.1552338263460253E-02
       0.1900000000000000E+01       0.2206095460144021E-02       0.1390445154044938E-02       0.1552306978994089E-02
       0.1920000000000000E+01       0.2206051231593420E-02       0.1390417130378735E-02       0.1552275694596863E-02
       0.1940000000000000E+01       0.2206007004429824E-02       0.1390389107600231E-02       0.1552244411207892E-02
       0.1960000000000000E+01       0.2205962777419880E-02       0.1390361084898425E-02       0.1552213127922119E-02
       0.1980000000000000E+01       0.2205918550725370E-02       0.1390333062379626E-02       0.1552181844858200E-02
       0.2000000000000000E+01       0.2205874324825283E-02       0.1390305040358774E-02       0.1552150562367586E-02
