  1   0.147713e+00   0.105095e+00   0.433641e-01   0.225396e-02   0.895936e+00   0.692737e+00
  2   0.452484e+00   0.321929e+00   0.132843e+00   0.212285e-01   0.902663e+00   0.686515e+00
  3   0.778054e+00   0.553526e+00   0.228417e+00   0.629505e-01   0.907434e+00   0.678826e+00
  4   0.112872e+01   0.802860e+00   0.331246e+00   0.132798e+00   0.911943e+00   0.672776e+00
  5   0.150891e+01   0.107291e+01   0.442391e+00   0.237613e+00   0.916361e+00   0.668474e+00
  6   0.192320e+01   0.136660e+01   0.562719e+00   0.385602e+00   0.920697e+00   0.665506e+00
  7   0.237624e+01   0.168664e+01   0.692768e+00   0.585900e+00   0.924899e+00   0.663380e+00
  8   0.287277e+01   0.203538e+01   0.832586e+00   0.847631e+00   0.928880e+00   0.661746e+00
  9   0.341757e+01   0.241456e+01   0.981551e+00   0.117835e+01   0.932520e+00   0.660646e+00
 10   0.401547e+01   0.282507e+01   0.113822e+01   0.158191e+01   0.935689e+00   0.660693e+00
 11   0.467128e+01   0.326660e+01   0.130022e+01   0.205608e+01   0.938243e+00   0.663065e+00
 12   0.538979e+01   0.373738e+01   0.146433e+01   0.259058e+01   0.940052e+00   0.669160e+00
 13   0.617576e+01   0.423400e+01   0.162661e+01   0.316635e+01   0.941004e+00   0.679876e+00
 14   0.703388e+01   0.475138e+01   0.178276e+01   0.375671e+01   0.941014e+00   0.694919e+00
 15   0.796873e+01   0.528293e+01   0.192852e+01   0.433040e+01   0.940027e+00   0.712561e+00
 16   0.898480e+01   0.582102e+01   0.206013e+01   0.485594e+01   0.938019e+00   0.730243e+00
 17   0.100865e+02   0.635754e+01   0.217464e+01   0.530607e+01   0.934991e+00   0.745587e+00
 18   0.112779e+02   0.688453e+01   0.227013e+01   0.566117e+01   0.930968e+00   0.757145e+00
 19   0.125632e+02   0.739490e+01   0.234576e+01   0.591086e+01   0.925994e+00   0.764546e+00
 20   0.139462e+02   0.788281e+01   0.240169e+01   0.605388e+01   0.920128e+00   0.768172e+00
 21   0.154305e+02   0.834403e+01   0.243890e+01   0.609652e+01   0.913434e+00   0.768685e+00
 22   0.170197e+02   0.877595e+01   0.245903e+01   0.605054e+01   0.905980e+00   0.766749e+00
 23   0.187170e+02   0.917749e+01   0.246409e+01   0.593093e+01   0.897838e+00   0.762840e+00
 24   0.205253e+02   0.954889e+01   0.245637e+01   0.575392e+01   0.889077e+00   0.757277e+00
 25   0.224475e+02   0.989134e+01   0.243816e+01   0.553539e+01   0.879768e+00   0.750264e+00
 26   0.244860e+02   0.102068e+02   0.241168e+01   0.528979e+01   0.869984e+00   0.741966e+00
 27   0.266431e+02   0.104974e+02   0.237897e+01   0.502943e+01   0.859797e+00   0.732517e+00
 28   0.289209e+02   0.107658e+02   0.234178e+01   0.476426e+01   0.849281e+00   0.722068e+00
 29   0.313209e+02   0.110145e+02   0.230160e+01   0.450175e+01   0.838505e+00   0.710864e+00
 30   0.338447e+02   0.112458e+02   0.225962e+01   0.424731e+01   0.827538e+00   0.699163e+00
 31   0.364933e+02   0.114619e+02   0.221676e+01   0.400454e+01   0.816453e+00   0.687170e+00
 32   0.392678e+02   0.116647e+02   0.217372e+01   0.377565e+01   0.805329e+00   0.675124e+00
 33   0.421687e+02   0.118561e+02   0.213105e+01   0.356176e+01   0.794239e+00   0.663287e+00
 34   0.451963e+02   0.120374e+02   0.208910e+01   0.336318e+01   0.783246e+00   0.651775e+00
 35   0.483507e+02   0.122101e+02   0.204812e+01   0.317965e+01   0.772404e+00   0.640625e+00
 36   0.516317e+02   0.123751e+02   0.200831e+01   0.301059e+01   0.761766e+00   0.629931e+00
 37   0.550388e+02   0.125335e+02   0.196980e+01   0.285519e+01   0.751394e+00   0.619727e+00
 38   0.585713e+02   0.126860e+02   0.193266e+01   0.271247e+01   0.741330e+00   0.610042e+00
 39   0.622282e+02   0.128334e+02   0.189697e+01   0.258150e+01   0.731628e+00   0.600904e+00
 40   0.660082e+02   0.129761e+02   0.186284e+01   0.246154e+01   0.722355e+00   0.592374e+00
 41   0.699100e+02   0.131147e+02   0.183027e+01   0.235167e+01   0.713546e+00   0.584545e+00
 42   0.739319e+02   0.132496e+02   0.179921e+01   0.225090e+01   0.705224e+00   0.577429e+00
 43   0.780719e+02   0.133811e+02   0.176958e+01   0.215844e+01   0.697421e+00   0.570964e+00
 44   0.823280e+02   0.135094e+02   0.174130e+01   0.207349e+01   0.690132e+00   0.565097e+00
 45   0.866980e+02   0.136349e+02   0.171435e+01   0.199527e+01   0.683330e+00   0.559828e+00
 46   0.911794e+02   0.137577e+02   0.168860e+01   0.192300e+01   0.676985e+00   0.555094e+00
 47   0.957696e+02   0.138780e+02   0.166387e+01   0.185581e+01   0.671072e+00   0.550779e+00
 48   0.100466e+03   0.139961e+02   0.164005e+01   0.179313e+01   0.665580e+00   0.546869e+00
 49   0.105265e+03   0.141121e+02   0.161711e+01   0.173456e+01   0.660538e+00   0.543439e+00
 50   0.110165e+03   0.142259e+02   0.159502e+01   0.167978e+01   0.655958e+00   0.540540e+00
 51   0.115162e+03   0.143378e+02   0.157367e+01   0.162825e+01   0.651770e+00   0.538051e+00
 52   0.120253e+03   0.144479e+02   0.155293e+01   0.157935e+01   0.647885e+00   0.535817e+00
 53   0.125435e+03   0.145561e+02   0.153271e+01   0.153270e+01   0.644265e+00   0.533813e+00
 54   0.130704e+03   0.146625e+02   0.151299e+01   0.148803e+01   0.640887e+00   0.532002e+00
 55   0.136057e+03   0.147671e+02   0.149363e+01   0.144499e+01   0.637702e+00   0.530206e+00
 56   0.141491e+03   0.148700e+02   0.147451e+01   0.140338e+01   0.634662e+00   0.528517e+00
 57   0.147002e+03   0.149713e+02   0.145563e+01   0.136304e+01   0.631736e+00   0.527152e+00
 58   0.152587e+03   0.150707e+02   0.143689e+01   0.132376e+01   0.628913e+00   0.526020e+00
 59   0.158242e+03   0.151685e+02   0.141825e+01   0.128537e+01   0.626159e+00   0.525021e+00
 60   0.163965e+03   0.152645e+02   0.139970e+01   0.124770e+01   0.623424e+00   0.524232e+00
 61   0.169751e+03   0.153588e+02   0.138119e+01   0.121082e+01   0.620743e+00   0.523715e+00
 62   0.175597e+03   0.154513e+02   0.136265e+01   0.117472e+01   0.618137e+00   0.523432e+00
 63   0.181501e+03   0.155420e+02   0.134398e+01   0.113919e+01   0.615570e+00   0.523322e+00
 64   0.187458e+03   0.156311e+02   0.132513e+01   0.110416e+01   0.613052e+00   0.523375e+00
 65   0.193466e+03   0.157183e+02   0.130611e+01   0.106967e+01   0.610629e+00   0.523602e+00
 66   0.199522e+03   0.158037e+02   0.128686e+01   0.103562e+01   0.608304e+00   0.523903e+00
 67   0.205622e+03   0.158870e+02   0.126734e+01   0.100195e+01   0.606048e+00   0.524111e+00
 68   0.211764e+03   0.159684e+02   0.124757e+01   0.968508e+00   0.603779e+00   0.524314e+00
 69   0.217944e+03   0.160477e+02   0.122755e+01   0.935208e+00   0.601398e+00   0.524673e+00
 70   0.224160e+03   0.161250e+02   0.120730e+01   0.902063e+00   0.598858e+00   0.525180e+00
 71   0.230409e+03   0.162001e+02   0.118692e+01   0.869164e+00   0.596140e+00   0.525765e+00
 72   0.236689e+03   0.162731e+02   0.116644e+01   0.836550e+00   0.593198e+00   0.526402e+00
 73   0.242997e+03   0.163439e+02   0.114575e+01   0.804119e+00   0.589985e+00   0.526849e+00
 74   0.249331e+03   0.164126e+02   0.112482e+01   0.771846e+00   0.586459e+00   0.527168e+00
 75   0.255689e+03   0.164790e+02   0.110373e+01   0.739810e+00   0.582623e+00   0.527757e+00
 76   0.262067e+03   0.165431e+02   0.108249e+01   0.708069e+00   0.578520e+00   0.528729e+00
 77   0.268465e+03   0.166048e+02   0.106116e+01   0.676615e+00   0.574091e+00   0.530027e+00
 78   0.274880e+03   0.166640e+02   0.103983e+01   0.645485e+00   0.569283e+00   0.531462e+00
 79   0.281311e+03   0.167206e+02   0.101852e+01   0.614771e+00   0.564110e+00   0.532941e+00
 80   0.287756e+03   0.167747e+02   0.997290e+00   0.584556e+00   0.558545e+00   0.534459e+00
 81   0.294212e+03   0.168261e+02   0.976218e+00   0.554893e+00   0.552516e+00   0.535960e+00
 82   0.300680e+03   0.168749e+02   0.955357e+00   0.525910e+00   0.546041e+00   0.537426e+00
 83   0.307156e+03   0.169208e+02   0.934829e+00   0.497766e+00   0.539134e+00   0.539000e+00
 84   0.313641e+03   0.169639e+02   0.914778e+00   0.470541e+00   0.531732e+00   0.540826e+00
 85   0.320132e+03   0.170040e+02   0.895286e+00   0.444353e+00   0.523847e+00   0.542713e+00
 86   0.326629e+03   0.170411e+02   0.876518e+00   0.419452e+00   0.515610e+00   0.544595e+00
 87   0.333130e+03   0.170752e+02   0.858681e+00   0.396098e+00   0.507179e+00   0.546488e+00
 88   0.339636e+03   0.171061e+02   0.841930e+00   0.374493e+00   0.498727e+00   0.548195e+00
 89   0.346144e+03   0.171337e+02   0.826445e+00   0.354798e+00   0.490422e+00   0.549894e+00
 90   0.352655e+03   0.171581e+02   0.812424e+00   0.337147e+00   0.482423e+00   0.551655e+00
 91   0.359168e+03   0.171791e+02   0.800017e+00   0.321678e+00   0.474950e+00   0.553221e+00
 92   0.365681e+03   0.171966e+02   0.789409e+00   0.308560e+00   0.468262e+00   0.554759e+00
 93   0.372196e+03   0.172106e+02   0.780769e+00   0.297911e+00   0.462568e+00   0.556350e+00
 94   0.378711e+03   0.172212e+02   0.774215e+00   0.289804e+00   0.458037e+00   0.557814e+00
 95   0.385227e+03   0.172282e+02   0.769821e+00   0.284356e+00   0.454904e+00   0.559036e+00
 96   0.391742e+03   0.172317e+02   0.767607e+00   0.281630e+00   0.453323e+00   0.559724e+00

