1   1.000000e-40  -2.140121e-15
 2   3.569590e-02   8.950923e-04
 3   1.427670e-01   3.579737e-03
 4   3.211620e-01   8.052638e-03
 5   5.707950e-01   1.431172e-02
 6   8.915490e-01   2.235325e-02
 7   1.283270e+00   3.217245e-02
 8   1.745770e+00   4.376308e-02
 9   2.278840e+00   5.711630e-02
10   2.882210e+00   7.222106e-02
11   3.555600e+00   8.906348e-02
12   4.298690e+00   1.076254e-01
13   5.111130e+00   1.278854e-01
14   5.992520e+00   1.498170e-01
15   6.942460e+00   1.733871e-01
16   7.960480e+00   1.985587e-01
17   9.046110e+00   2.252881e-01
18   1.019880e+01   2.535251e-01
19   1.141810e+01   2.832136e-01
20   1.270330e+01   3.142906e-01
21   1.405380e+01   3.466886e-01
22   1.546910e+01   3.803335e-01
23   1.694840e+01   4.151482e-01
24   1.849100e+01   4.510497e-01
25   2.009620e+01   4.879533e-01
26   2.176320e+01   5.257729e-01
27   2.349130e+01   5.644183e-01
28   2.527960e+01   6.038014e-01
29   2.712720e+01   6.438332e-01
30   2.903330e+01   6.844248e-01
31   3.099700e+01   7.254887e-01
32   3.301730e+01   7.669399e-01
33   3.509330e+01   8.086939e-01
34   3.722400e+01   8.506682e-01
35   3.940840e+01   8.927839e-01
36   4.164540e+01   9.349621e-01
37   4.393400e+01   9.771259e-01
38   4.627300e+01   1.019204e+00
39   4.866150e+01   1.061116e+00
40   5.109810e+01   1.102799e+00
41   5.358190e+01   1.144175e+00
42   5.611150e+01   1.185181e+00
43   5.868580e+01   1.225740e+00
44   6.130360e+01   1.265796e+00
45   6.396350e+01   1.305272e+00
46   6.666450e+01   1.344105e+00
47   6.940510e+01   1.382238e+00
48   7.218400e+01   1.419588e+00
49   7.500000e+01   1.456109e+00
50   7.785170e+01   1.491729e+00
51   8.073770e+01   1.526391e+00
52   8.365670e+01   1.560026e+00
53   8.660730e+01   1.592571e+00
54   8.958800e+01   1.623974e+00
55   9.259750e+01   1.654173e+00
56   9.563430e+01   1.683113e+00
57   9.869700e+01   1.710737e+00
58   1.017840e+02   1.736981e+00
59   1.048940e+02   1.761806e+00
60   1.080260e+02   1.785161e+00
61   1.111770e+02   1.806991e+00
62   1.143470e+02   1.827254e+00
63   1.175340e+02   1.845907e+00
64   1.207360e+02   1.862908e+00
65   1.239530e+02   1.878222e+00
66   1.271810e+02   1.891811e+00
67   1.304210e+02   1.903653e+00
68   1.336700e+02   1.913719e+00
69   1.369270e+02   1.921979e+00
70   1.401900e+02   1.928422e+00
71   1.434570e+02   1.933033e+00
72   1.467280e+02   1.935796e+00
73   1.500000e+02   1.936711e+00
