1   0.000000E+00    0
 2   0.356959E-01   0.248786E-01
 3   0.142767E+00   0.995030E-01
 4   0.321162E+00   0.223834E+00
 5   0.570795E+00   0.397803E+00
 6   0.891549E+00   0.621284E+00
 7   0.128327E+01   0.894045E+00
 8   0.174577E+01   0.121564E+01
 9   0.227884E+01   0.158526E+01
10   0.288221E+01   0.200140E+01
11   0.355560E+01   0.246159E+01
12   0.429869E+01   0.296199E+01
13   0.511113E+01   0.349714E+01
14   0.599252E+01   0.405986E+01
15   0.694246E+01   0.464149E+01
16   0.796048E+01   0.523239E+01
17   0.904611E+01   0.582264E+01
18   0.101988E+02   0.640289E+01
19   0.114181E+02   0.696493E+01
20   0.127033E+02   0.750224E+01
21   0.140538E+02   0.801017E+01
22   0.154691E+02   0.848588E+01
23   0.169484E+02   0.892819E+01
24   0.184910E+02   0.933724E+01
25   0.200962E+02   0.971423E+01
26   0.217632E+02   0.100610E+02
27   0.234913E+02   0.103801E+02
28   0.252796E+02   0.106739E+02
29   0.271272E+02   0.109451E+02
30   0.290333E+02   0.111962E+02
31   0.309970E+02   0.114296E+02
32   0.330173E+02   0.116473E+02
33   0.350933E+02   0.118514E+02
34   0.372240E+02   0.120435E+02
35   0.394084E+02   0.122251E+02
36   0.416454E+02   0.123975E+02
37   0.439340E+02   0.125619E+02
38   0.462730E+02   0.127193E+02
39   0.486615E+02   0.128702E+02
40   0.510981E+02   0.130153E+02
41   0.535819E+02   0.131550E+02
42   0.561115E+02   0.132898E+02
43   0.586858E+02   0.134197E+02
44   0.613036E+02   0.135449E+02
45   0.639635E+02   0.136656E+02
46   0.666645E+02   0.137821E+02
47   0.694051E+02   0.138945E+02
48   0.721840E+02   0.140030E+02
49   0.750000E+02   0.141077E+02
50   0.778517E+02   0.142089E+02
51   0.807377E+02   0.143064E+02
52   0.836567E+02   0.144003E+02
53   0.866073E+02   0.144906E+02
54   0.895880E+02   0.145770E+02
55   0.925975E+02   0.146599E+02
56   0.956343E+02   0.147389E+02
57   0.986970E+02   0.148143E+02
58   0.101784E+03   0.148857E+02
59   0.104894E+03   0.149532E+02
60   0.108026E+03   0.150166E+02
61   0.111177E+03   0.150757E+02
62   0.114347E+03   0.151304E+02
63   0.117534E+03   0.151807E+02
64   0.120736E+03   0.152265E+02
65   0.123953E+03   0.152677E+02
66   0.127181E+03   0.153042E+02
67   0.130421E+03   0.153360E+02
68   0.133670E+03   0.153629E+02
69   0.136927E+03   0.153849E+02
70   0.140190E+03   0.154021E+02
71   0.143457E+03   0.154144E+02
72   0.146728E+03   0.154218E+02
73   0.150000E+03   0.154244E+02
