 1   0.200568e+00   0.142447e+00   0.546270e-01   0.367669e-02   0.923978e+00   0.691895e+00
 2   0.614414e+00   0.436350e+00   0.167356e+00   0.346314e-01   0.930449e+00   0.687131e+00
 3   0.105445e+01   0.748744e+00   0.287175e+00   0.102275e+00   0.934858e+00   0.681406e+00
 4   0.152227e+01   0.108053e+01   0.414263e+00   0.213446e+00   0.938928e+00   0.677382e+00
 5   0.201955e+01   0.143247e+01   0.548542e+00   0.375213e+00   0.942800e+00   0.674661e+00
 6   0.254805e+01   0.180507e+01   0.689581e+00   0.594074e+00   0.946457e+00   0.672545e+00
 7   0.310962e+01   0.219851e+01   0.836515e+00   0.874845e+00   0.949839e+00   0.670652e+00
 8   0.370622e+01   0.261246e+01   0.987994e+00   0.121935e+01   0.952865e+00   0.669197e+00
 9   0.433992e+01   0.304603e+01   0.114219e+01   0.162518e+01   0.955459e+00   0.669026e+00
10   0.501286e+01   0.349765e+01   0.129685e+01   0.208485e+01   0.957548e+00   0.671399e+00
11   0.572732e+01   0.396502e+01   0.144941e+01   0.258569e+01   0.959080e+00   0.677536e+00
12   0.648567e+01   0.444513e+01   0.159720e+01   0.311049e+01   0.960015e+00   0.688067e+00
13   0.729039e+01   0.493434e+01   0.173756e+01   0.363902e+01   0.960329e+00   0.702606e+00
14   0.814410e+01   0.542854e+01   0.186808e+01   0.414999e+01   0.960014e+00   0.719777e+00
15   0.904950e+01   0.592333e+01   0.198671e+01   0.462317e+01   0.959073e+00   0.737619e+00
16   0.100094e+02   0.641423e+01   0.209187e+01   0.504126e+01   0.957517e+00   0.754233e+00
17   0.110268e+02   0.689694e+01   0.218250e+01   0.539112e+01   0.955364e+00   0.768269e+00
18   0.121048e+02   0.736756e+01   0.225806e+01   0.566445e+01   0.952637e+00   0.779085e+00
19   0.132464e+02   0.782271e+01   0.231851e+01   0.585775e+01   0.949361e+00   0.786627e+00
20   0.144551e+02   0.825967e+01   0.236419e+01   0.597176e+01   0.945561e+00   0.791236e+00
21   0.157342e+02   0.867645e+01   0.239582e+01   0.601071e+01   0.941261e+00   0.793387e+00
22   0.170873e+02   0.907179e+01   0.241433e+01   0.598137e+01   0.936483e+00   0.793566e+00
23   0.185178e+02   0.944508e+01   0.242086e+01   0.589221e+01   0.931248e+00   0.792150e+00
24   0.200297e+02   0.979634e+01   0.241668e+01   0.575263e+01   0.925572e+00   0.789411e+00
25   0.216265e+02   0.101261e+02   0.240311e+01   0.557240e+01   0.919474e+00   0.785505e+00
26   0.233122e+02   0.104352e+02   0.238153e+01   0.536116e+01   0.912969e+00   0.780494e+00
27   0.250908e+02   0.107248e+02   0.235326e+01   0.512795e+01   0.906076e+00   0.774382e+00
28   0.269661e+02   0.109965e+02   0.231958e+01   0.488088e+01   0.898812e+00   0.767133e+00
29   0.289423e+02   0.112517e+02   0.228162e+01   0.462686e+01   0.891195e+00   0.758688e+00
30   0.310232e+02   0.114921e+02   0.224037e+01   0.437149e+01   0.883238e+00   0.749100e+00
31   0.332128e+02   0.117195e+02   0.219665e+01   0.411913e+01   0.874945e+00   0.738596e+00
32   0.355152e+02   0.119353e+02   0.215115e+01   0.387306e+01   0.866311e+00   0.727344e+00
33   0.379343e+02   0.121410e+02   0.210439e+01   0.363557e+01   0.857334e+00   0.715355e+00
34   0.404738e+02   0.123381e+02   0.205676e+01   0.340807e+01   0.848012e+00   0.702776e+00
35   0.431374e+02   0.125277e+02   0.200853e+01   0.319121e+01   0.838355e+00   0.689962e+00
36   0.459286e+02   0.127109e+02   0.195994e+01   0.298525e+01   0.828387e+00   0.677415e+00
37   0.488509e+02   0.128883e+02   0.191121e+01   0.279023e+01   0.818123e+00   0.665541e+00
38   0.519071e+02   0.130608e+02   0.186248e+01   0.260604e+01   0.807559e+00   0.654288e+00
39   0.551003e+02   0.132289e+02   0.181386e+01   0.243273e+01   0.796754e+00   0.643516e+00
40   0.584327e+02   0.133928e+02   0.176545e+01   0.227020e+01   0.785822e+00   0.633391e+00
41   0.619066e+02   0.135528e+02   0.171722e+01   0.211762e+01   0.774848e+00   0.624353e+00
42   0.655237e+02   0.137089e+02   0.166922e+01   0.197402e+01   0.763841e+00   0.616485e+00
43   0.692852e+02   0.138614e+02   0.162149e+01   0.183879e+01   0.752776e+00   0.609241e+00
44   0.731918e+02   0.140104e+02   0.157411e+01   0.171179e+01   0.741700e+00   0.602381e+00
45   0.772438e+02   0.141561e+02   0.152721e+01   0.159313e+01   0.730802e+00   0.596045e+00
46   0.814406e+02   0.142982e+02   0.148088e+01   0.148250e+01   0.720261e+00   0.590407e+00
47   0.857813e+02   0.144365e+02   0.143508e+01   0.137907e+01   0.710069e+00   0.585647e+00
48   0.902641e+02   0.145710e+02   0.138966e+01   0.128190e+01   0.700080e+00   0.581637e+00
49   0.948865e+02   0.147015e+02   0.134462e+01   0.119023e+01   0.690138e+00   0.578096e+00
50   0.996455e+02   0.148279e+02   0.129981e+01   0.110337e+01   0.680180e+00   0.574826e+00
51   0.104537e+03   0.149501e+02   0.125508e+01   0.102082e+01   0.670287e+00   0.571925e+00
52   0.109556e+03   0.150676e+02   0.121043e+01   0.942063e+00   0.660339e+00   0.569661e+00
53   0.114698e+03   0.151799e+02   0.116591e+01   0.866481e+00   0.650078e+00   0.568250e+00
54   0.119956e+03   0.152862e+02   0.112193e+01   0.794087e+00   0.639365e+00   0.568098e+00
55   0.125323e+03   0.153859e+02   0.107901e+01   0.724910e+00   0.627867e+00   0.569486e+00
56   0.130791e+03   0.154784e+02   0.103732e+01   0.659132e+00   0.615415e+00   0.572073e+00
57   0.136352e+03   0.155629e+02   0.997239e+00   0.597382e+00   0.602097e+00   0.575487e+00
58   0.141996e+03   0.156389e+02   0.959240e+00   0.540072e+00   0.587849e+00   0.579571e+00
59   0.147714e+03   0.157058e+02   0.923898e+00   0.487808e+00   0.572828e+00   0.584266e+00
60   0.153496e+03   0.157630e+02   0.892088e+00   0.441537e+00   0.557504e+00   0.589565e+00
61   0.159330e+03   0.158096e+02   0.864966e+00   0.402439e+00   0.542627e+00   0.595316e+00
62   0.165206e+03   0.158451e+02   0.843611e+00   0.371708e+00   0.529303e+00   0.600904e+00
63   0.171112e+03   0.158691e+02   0.828850e+00   0.350503e+00   0.519087e+00   0.604976e+00
64   0.177035e+03   0.158813e+02   0.821309e+00   0.339678e+00   0.513509e+00   0.606903e+00
