  1   0.147713e+00   0.370053e-02   0.973256e-03   0.160195e-04   0.283672e+00   0.243954e-01
  2   0.452484e+00   0.113357e-01   0.298141e-02   0.155467e-03   0.294511e+00   0.241893e-01
  3   0.778054e+00   0.194917e-01   0.512682e-02   0.471771e-03   0.302949e+00   0.239341e-01
  4   0.112872e+01   0.282759e-01   0.743795e-02   0.101875e-02   0.311521e+00   0.237263e-01
  5   0.150891e+01   0.377992e-01   0.994423e-02   0.186861e-02   0.320552e+00   0.235577e-01
  6   0.192320e+01   0.481752e-01   0.126759e-01   0.311516e-02   0.330157e+00   0.234036e-01
  7   0.237624e+01   0.595198e-01   0.156638e-01   0.487607e-02   0.340396e+00   0.232426e-01
  8   0.287277e+01   0.719503e-01   0.189393e-01   0.729282e-02   0.351293e+00   0.230708e-01
  9   0.341757e+01   0.855847e-01   0.225338e-01   0.105268e-01   0.362841e+00   0.229189e-01
 10   0.401547e+01   0.100541e+00   0.264788e-01   0.147496e-01   0.374989e+00   0.228670e-01
 11   0.467128e+01   0.116935e+00   0.308050e-01   0.201274e-01   0.387636e+00   0.230496e-01
 12   0.538979e+01   0.134882e+00   0.355425e-01   0.267987e-01   0.400616e+00   0.236472e-01
 13   0.617576e+01   0.154491e+00   0.407200e-01   0.348508e-01   0.413705e+00   0.248617e-01
 14   0.703388e+01   0.175871e+00   0.463639e-01   0.442974e-01   0.426629e+00   0.268859e-01
 15   0.796873e+01   0.199120e+00   0.524981e-01   0.550661e-01   0.439087e+00   0.298726e-01
 16   0.898480e+01   0.224332e+00   0.591429e-01   0.669987e-01   0.450787e+00   0.339166e-01
 17   0.100865e+02   0.251590e+00   0.663139e-01   0.798661e-01   0.461482e+00   0.390522e-01
 18   0.112779e+02   0.280967e+00   0.740215e-01   0.933962e-01   0.471007e+00   0.452634e-01
 19   0.125632e+02   0.312524e+00   0.822692e-01   0.107306e+00   0.479295e+00   0.525030e-01
 20   0.139462e+02   0.346308e+00   0.910536e-01   0.121332e+00   0.486392e+00   0.607064e-01
 21   0.154305e+02   0.382352e+00   0.100363e+00   0.135256e+00   0.492436e+00   0.697934e-01
 22   0.170197e+02   0.420671e+00   0.110178e+00   0.148916e+00   0.497640e+00   0.796633e-01
 23   0.187170e+02   0.461265e+00   0.120469e+00   0.162215e+00   0.502259e+00   0.901781e-01
 24   0.205253e+02   0.504118e+00   0.131201e+00   0.175113e+00   0.506560e+00   0.101158e+00
 25   0.224475e+02   0.549196e+00   0.142329e+00   0.187620e+00   0.510796e+00   0.112382e+00
 26   0.244860e+02   0.596453e+00   0.153802e+00   0.199780e+00   0.515185e+00   0.123608e+00
 27   0.266431e+02   0.645825e+00   0.165564e+00   0.211658e+00   0.519894e+00   0.134584e+00
 28   0.289209e+02   0.697240e+00   0.177555e+00   0.223322e+00   0.525030e+00   0.145070e+00
 29   0.313209e+02   0.750611e+00   0.189710e+00   0.234832e+00   0.530647e+00   0.154881e+00
 30   0.338447e+02   0.805847e+00   0.201962e+00   0.246232e+00   0.536744e+00   0.163880e+00
 31   0.364933e+02   0.862846e+00   0.214245e+00   0.257545e+00   0.543279e+00   0.171982e+00
 32   0.392678e+02   0.921503e+00   0.226491e+00   0.268776e+00   0.550184e+00   0.179166e+00
 33   0.421687e+02   0.981708e+00   0.238636e+00   0.279909e+00   0.557373e+00   0.185460e+00
 34   0.451963e+02   0.104335e+01   0.250614e+00   0.290916e+00   0.564748e+00   0.190911e+00
 35   0.483507e+02   0.110632e+01   0.262365e+00   0.301754e+00   0.572206e+00   0.195566e+00
 36   0.516317e+02   0.117050e+01   0.273832e+00   0.312360e+00   0.579640e+00   0.199488e+00
 37   0.550388e+02   0.123578e+01   0.284962e+00   0.322661e+00   0.586946e+00   0.202758e+00
 38   0.585713e+02   0.130205e+01   0.295707e+00   0.332574e+00   0.594038e+00   0.205459e+00
 39   0.622282e+02   0.136919e+01   0.306022e+00   0.342020e+00   0.600849e+00   0.207638e+00
 40   0.660082e+02   0.143711e+01   0.315870e+00   0.350921e+00   0.607306e+00   0.209337e+00
 41   0.699100e+02   0.150569e+01   0.325217e+00   0.359210e+00   0.613372e+00   0.210639e+00
 42   0.739319e+02   0.157483e+01   0.334035e+00   0.366844e+00   0.619058e+00   0.211627e+00
 43   0.780719e+02   0.164442e+01   0.342300e+00   0.373791e+00   0.624361e+00   0.212361e+00
 44   0.823280e+02   0.171436e+01   0.349993e+00   0.380016e+00   0.629269e+00   0.212883e+00
 45   0.866980e+02   0.178456e+01   0.357097e+00   0.385478e+00   0.633764e+00   0.213206e+00
 46   0.911794e+02   0.185492e+01   0.363601e+00   0.390143e+00   0.637843e+00   0.213358e+00
 47   0.957696e+02   0.192533e+01   0.369495e+00   0.393983e+00   0.641518e+00   0.213381e+00
 48   0.100466e+03   0.199571e+01   0.374774e+00   0.396962e+00   0.644778e+00   0.213291e+00
 49   0.105265e+03   0.206597e+01   0.379435e+00   0.399053e+00   0.647627e+00   0.213118e+00
 50   0.110165e+03   0.213603e+01   0.383477e+00   0.400254e+00   0.650084e+00   0.212902e+00
 51   0.115162e+03   0.220578e+01   0.386902e+00   0.400568e+00   0.652149e+00   0.212641e+00
 52   0.120253e+03   0.227517e+01   0.389714e+00   0.400000e+00   0.653836e+00   0.212316e+00
 53   0.125435e+03   0.234410e+01   0.391919e+00   0.398557e+00   0.655159e+00   0.211916e+00
 54   0.130704e+03   0.241249e+01   0.393523e+00   0.396255e+00   0.656141e+00   0.211460e+00
 55   0.136057e+03   0.248028e+01   0.394536e+00   0.393129e+00   0.656794e+00   0.210967e+00
 56   0.141491e+03   0.254739e+01   0.394969e+00   0.389220e+00   0.657105e+00   0.210442e+00
 57   0.147002e+03   0.261376e+01   0.394833e+00   0.384561e+00   0.657079e+00   0.209922e+00
 58   0.152587e+03   0.267931e+01   0.394142e+00   0.379184e+00   0.656737e+00   0.209434e+00
 59   0.158242e+03   0.274398e+01   0.392909e+00   0.373130e+00   0.656100e+00   0.208938e+00
 60   0.163965e+03   0.280770e+01   0.391147e+00   0.366449e+00   0.655193e+00   0.208412e+00
 61   0.169751e+03   0.287042e+01   0.388873e+00   0.359198e+00   0.654032e+00   0.207870e+00
 62   0.175597e+03   0.293207e+01   0.386099e+00   0.351435e+00   0.652634e+00   0.207330e+00
 63   0.181501e+03   0.299260e+01   0.382842e+00   0.343205e+00   0.651022e+00   0.206793e+00
 64   0.187458e+03   0.305195e+01   0.379116e+00   0.334529e+00   0.649194e+00   0.206238e+00
 65   0.193466e+03   0.311007e+01   0.374937e+00   0.325430e+00   0.647136e+00   0.205649e+00
 66   0.199522e+03   0.316689e+01   0.370322e+00   0.315935e+00   0.644846e+00   0.205027e+00
 67   0.205622e+03   0.322237e+01   0.365287e+00   0.306070e+00   0.642292e+00   0.204376e+00
 68   0.211764e+03   0.327647e+01   0.359851e+00   0.295870e+00   0.639451e+00   0.203722e+00
 69   0.217944e+03   0.332913e+01   0.354032e+00   0.285383e+00   0.636305e+00   0.203066e+00
 70   0.224160e+03   0.338030e+01   0.347849e+00   0.274652e+00   0.632819e+00   0.202391e+00
 71   0.230409e+03   0.342995e+01   0.341323e+00   0.263712e+00   0.628951e+00   0.201659e+00
 72   0.236689e+03   0.347804e+01   0.334471e+00   0.252612e+00   0.624666e+00   0.200833e+00
 73   0.242997e+03   0.352453e+01   0.327317e+00   0.241393e+00   0.619936e+00   0.199924e+00
 74   0.249331e+03   0.356937e+01   0.319882e+00   0.230090e+00   0.614722e+00   0.198930e+00
 75   0.255689e+03   0.361254e+01   0.312188e+00   0.218737e+00   0.608996e+00   0.197889e+00
 76   0.262067e+03   0.365399e+01   0.304263e+00   0.207367e+00   0.602742e+00   0.196866e+00
 77   0.268465e+03   0.369370e+01   0.296132e+00   0.196016e+00   0.595936e+00   0.195845e+00
 78   0.274880e+03   0.373164e+01   0.287828e+00   0.184727e+00   0.588535e+00   0.194739e+00
 79   0.281311e+03   0.376777e+01   0.279382e+00   0.173547e+00   0.580500e+00   0.193519e+00
 80   0.287756e+03   0.380207e+01   0.270834e+00   0.162519e+00   0.571761e+00   0.192198e+00
 81   0.294212e+03   0.383450e+01   0.262225e+00   0.151690e+00   0.562238e+00   0.190772e+00
 82   0.300680e+03   0.386504e+01   0.253600e+00   0.141112e+00   0.551874e+00   0.189250e+00
 83   0.307156e+03   0.389367e+01   0.245011e+00   0.130845e+00   0.540646e+00   0.187643e+00
 84   0.313641e+03   0.392036e+01   0.236514e+00   0.120948e+00   0.528545e+00   0.185953e+00
 85   0.320132e+03   0.394509e+01   0.228172e+00   0.111473e+00   0.515544e+00   0.184152e+00
 86   0.326629e+03   0.396784e+01   0.220055e+00   0.102475e+00   0.501657e+00   0.182219e+00
 87   0.333130e+03   0.398858e+01   0.212236e+00   0.940124e-01   0.486939e+00   0.180168e+00
 88   0.339636e+03   0.400729e+01   0.204800e+00   0.861449e-01   0.471536e+00   0.178040e+00
 89   0.346144e+03   0.402397e+01   0.197834e+00   0.789396e-01   0.455741e+00   0.175880e+00
 90   0.352655e+03   0.403860e+01   0.191435e+00   0.724630e-01   0.439964e+00   0.173700e+00
 91   0.359168e+03   0.405116e+01   0.185698e+00   0.667793e-01   0.424718e+00   0.171561e+00
 92   0.365681e+03   0.406164e+01   0.180724e+00   0.619492e-01   0.410606e+00   0.169582e+00
 93   0.372196e+03   0.407003e+01   0.176607e+00   0.580216e-01   0.398257e+00   0.167873e+00
 94   0.378711e+03   0.407634e+01   0.173433e+00   0.550341e-01   0.388276e+00   0.166514e+00
 95   0.385227e+03   0.408054e+01   0.171274e+00   0.530199e-01   0.381232e+00   0.165572e+00
 96   0.391742e+03   0.408264e+01   0.170180e+00   0.520063e-01   0.377585e+00   0.165089e+00