  1   0.147713e+00   0.148332e+00   0.336567e-02   0.127879e-02   0.204544e+01   0.428058e-02
  2   0.452484e+00   0.454141e+00   0.313401e-01   0.107600e-01   0.204350e+01   0.131167e-01
  3   0.778054e+00   0.780496e+00   0.922368e-01   0.292917e-01   0.204204e+01   0.225633e-01
  4   0.112872e+01   0.113149e+01   0.193258e+00   0.567689e-01   0.204117e+01   0.327312e-01
  5   0.150891e+01   0.151116e+01   0.343549e+00   0.931118e-01   0.204101e+01   0.437067e-01
  6   0.192320e+01   0.192332e+01   0.553935e+00   0.138152e+00   0.204178e+01   0.555361e-01
  7   0.237624e+01   0.237135e+01   0.836139e+00   0.191544e+00   0.204371e+01   0.682064e-01
  8   0.287277e+01   0.285788e+01   0.120125e+01   0.252704e+00   0.204706e+01   0.816282e-01
  9   0.341757e+01   0.338443e+01   0.165732e+01   0.320826e+00   0.205215e+01   0.956235e-01
 10   0.401547e+01   0.395087e+01   0.220622e+01   0.394923e+00   0.205930e+01   0.109924e+00
 11   0.467128e+01   0.455513e+01   0.284061e+01   0.473942e+00   0.206883e+01   0.124179e+00
 12   0.538979e+01   0.519275e+01   0.354167e+01   0.556871e+00   0.208104e+01   0.137986e+00
 13   0.617576e+01   0.585686e+01   0.427923e+01   0.642831e+00   0.209615e+01   0.150923e+00
 14   0.703388e+01   0.653841e+01   0.501460e+01   0.731081e+00   0.211432e+01   0.162595e+00
 15   0.796873e+01   0.722674e+01   0.570589e+01   0.820953e+00   0.213557e+01   0.172676e+00
 16   0.898480e+01   0.791047e+01   0.631437e+01   0.911720e+00   0.215973e+01   0.180940e+00
 17   0.100865e+02   0.857858e+01   0.681008e+01   0.100247e+01   0.218650e+01   0.187277e+00
 18   0.112779e+02   0.922127e+01   0.717525e+01   0.109200e+01   0.221534e+01   0.191685e+00
 19   0.125632e+02   0.983078e+01   0.740480e+01   0.117888e+01   0.224552e+01   0.194255e+00
 20   0.139462e+02   0.104017e+02   0.750467e+01   0.126152e+01   0.227617e+01   0.195140e+00
 21   0.154305e+02   0.109311e+02   0.748881e+01   0.133843e+01   0.230628e+01   0.194529e+00
 22   0.170197e+02   0.114180e+02   0.737590e+01   0.140833e+01   0.233482e+01   0.192622e+00
 23   0.187170e+02   0.118631e+02   0.718661e+01   0.147030e+01   0.236082e+01   0.189615e+00
 24   0.205253e+02   0.122684e+02   0.694144e+01   0.152390e+01   0.238340e+01   0.185695e+00
 25   0.224475e+02   0.126370e+02   0.665921e+01   0.156906e+01   0.240186e+01   0.181039e+00
 26   0.244860e+02   0.129718e+02   0.635620e+01   0.160608e+01   0.241569e+01   0.175812e+00
 27   0.266431e+02   0.132767e+02   0.604574e+01   0.163549e+01   0.242457e+01   0.170166e+00
 28   0.289209e+02   0.135549e+02   0.573815e+01   0.165795e+01   0.242836e+01   0.164245e+00
 29   0.313209e+02   0.138100e+02   0.544084e+01   0.167417e+01   0.242712e+01   0.158175e+00
 30   0.338447e+02   0.140450e+02   0.515887e+01   0.168479e+01   0.242098e+01   0.152072e+00
 31   0.364933e+02   0.142629e+02   0.489528e+01   0.169040e+01   0.241024e+01   0.146033e+00
 32   0.392678e+02   0.144662e+02   0.465153e+01   0.169157e+01   0.239527e+01   0.140136e+00
 33   0.421687e+02   0.146575e+02   0.442797e+01   0.168874e+01   0.237649e+01   0.134442e+00
 34   0.451963e+02   0.148384e+02   0.422424e+01   0.168228e+01   0.235441e+01   0.128993e+00
 35   0.483507e+02   0.150108e+02   0.403941e+01   0.167257e+01   0.232954e+01   0.123815e+00
 36   0.516317e+02   0.151760e+02   0.387216e+01   0.165994e+01   0.230238e+01   0.118919e+00
 37   0.550388e+02   0.153353e+02   0.372091e+01   0.164468e+01   0.227344e+01   0.114306e+00
 38   0.585713e+02   0.154894e+02   0.358387e+01   0.162718e+01   0.224317e+01   0.109968e+00
 39   0.622282e+02   0.156392e+02   0.345936e+01   0.160789e+01   0.221203e+01   0.105894e+00
 40   0.660082e+02   0.157852e+02   0.334591e+01   0.158723e+01   0.218037e+01   0.102069e+00
 41   0.699100e+02   0.159281e+02   0.324213e+01   0.156542e+01   0.214849e+01   0.984784e-01
 42   0.739319e+02   0.160682e+02   0.314663e+01   0.154252e+01   0.211667e+01   0.951058e-01
 43   0.780719e+02   0.162057e+02   0.305846e+01   0.151858e+01   0.208511e+01   0.919334e-01
 44   0.823280e+02   0.163409e+02   0.297675e+01   0.149375e+01   0.205394e+01   0.889449e-01
 45   0.866980e+02   0.164741e+02   0.290068e+01   0.146833e+01   0.202319e+01   0.861259e-01
 46   0.911794e+02   0.166054e+02   0.282944e+01   0.144258e+01   0.199287e+01   0.834614e-01
 47   0.957696e+02   0.167351e+02   0.276215e+01   0.141660e+01   0.196295e+01   0.809379e-01
 48   0.100466e+03   0.168631e+02   0.269815e+01   0.139042e+01   0.193345e+01   0.785443e-01
 49   0.105265e+03   0.169894e+02   0.263673e+01   0.136406e+01   0.190442e+01   0.762679e-01
 50   0.110165e+03   0.171141e+02   0.257740e+01   0.133753e+01   0.187583e+01   0.740966e-01
 51   0.115162e+03   0.172371e+02   0.251992e+01   0.131103e+01   0.184762e+01   0.720222e-01
 52   0.120253e+03   0.173586e+02   0.246387e+01   0.128470e+01   0.181976e+01   0.700378e-01
 53   0.125435e+03   0.174785e+02   0.240893e+01   0.125848e+01   0.179220e+01   0.681383e-01
 54   0.130704e+03   0.175968e+02   0.235474e+01   0.123246e+01   0.176488e+01   0.663191e-01
 55   0.136057e+03   0.177135e+02   0.230126e+01   0.120671e+01   0.173769e+01   0.645746e-01
 56   0.141491e+03   0.178285e+02   0.224866e+01   0.118104e+01   0.171055e+01   0.628976e-01
 57   0.147002e+03   0.179421e+02   0.219684e+01   0.115521e+01   0.168347e+01   0.612848e-01
 58   0.152587e+03   0.180540e+02   0.214558e+01   0.112916e+01   0.165644e+01   0.597337e-01
 59   0.158242e+03   0.181642e+02   0.209475e+01   0.110291e+01   0.162939e+01   0.582389e-01
 60   0.163965e+03   0.182727e+02   0.204429e+01   0.107640e+01   0.160229e+01   0.567953e-01
 61   0.169751e+03   0.183796e+02   0.199431e+01   0.104968e+01   0.157509e+01   0.553996e-01
 62   0.175597e+03   0.184847e+02   0.194488e+01   0.102289e+01   0.154788e+01   0.540481e-01
 63   0.181501e+03   0.185878e+02   0.189592e+01   0.996220e+00   0.152075e+01   0.527379e-01
 64   0.187458e+03   0.186893e+02   0.184722e+01   0.969687e+00   0.149371e+01   0.514674e-01
 65   0.193466e+03   0.187887e+02   0.179869e+01   0.943200e+00   0.146678e+01   0.502355e-01
 66   0.199522e+03   0.188862e+02   0.175016e+01   0.916786e+00   0.143998e+01   0.490384e-01
 67   0.205622e+03   0.189818e+02   0.170162e+01   0.890428e+00   0.141322e+01   0.478732e-01
 68   0.211764e+03   0.190754e+02   0.165311e+01   0.864139e+00   0.138650e+01   0.467378e-01
 69   0.217944e+03   0.191671e+02   0.160472e+01   0.837955e+00   0.135982e+01   0.456311e-01
 70   0.224160e+03   0.192569e+02   0.155660e+01   0.811901e+00   0.133311e+01   0.445508e-01
 71   0.230409e+03   0.193447e+02   0.150886e+01   0.786042e+00   0.130629e+01   0.434948e-01
 72   0.236689e+03   0.194306e+02   0.146165e+01   0.760439e+00   0.127926e+01   0.424638e-01
 73   0.242997e+03   0.195143e+02   0.141502e+01   0.735129e+00   0.125198e+01   0.414596e-01
 74   0.249331e+03   0.195958e+02   0.136900e+01   0.710201e+00   0.122450e+01   0.404827e-01
 75   0.255689e+03   0.196749e+02   0.132349e+01   0.685647e+00   0.119691e+01   0.395357e-01
 76   0.262067e+03   0.197518e+02   0.127835e+01   0.661548e+00   0.116933e+01   0.386211e-01
 77   0.268465e+03   0.198263e+02   0.123349e+01   0.638098e+00   0.114186e+01   0.377379e-01
 78   0.274880e+03   0.198984e+02   0.118895e+01   0.615509e+00   0.111455e+01   0.368831e-01
 79   0.281311e+03   0.199679e+02   0.114480e+01   0.593898e+00   0.108748e+01   0.360562e-01
 80   0.287756e+03   0.200348e+02   0.110117e+01   0.573254e+00   0.106073e+01   0.352580e-01
 81   0.294212e+03   0.200990e+02   0.105825e+01   0.553561e+00   0.103432e+01   0.344892e-01
 82   0.300680e+03   0.201603e+02   0.101622e+01   0.534772e+00   0.100828e+01   0.337518e-01
 83   0.307156e+03   0.202186e+02   0.975290e+00   0.516852e+00   0.982719e+00   0.330474e-01
 84   0.313641e+03   0.202737e+02   0.935641e+00   0.499818e+00   0.957763e+00   0.323777e-01
 85   0.320132e+03   0.203255e+02   0.897523e+00   0.483741e+00   0.933572e+00   0.317445e-01
 86   0.326629e+03   0.203738e+02   0.861212e+00   0.468697e+00   0.910324e+00   0.311506e-01
 87   0.333130e+03   0.204185e+02   0.827025e+00   0.454747e+00   0.888195e+00   0.305985e-01
 88   0.339636e+03   0.204594e+02   0.795252e+00   0.441929e+00   0.867377e+00   0.300901e-01
 89   0.346144e+03   0.204961e+02   0.766115e+00   0.430293e+00   0.848097e+00   0.296291e-01
 90   0.352655e+03   0.205286e+02   0.739821e+00   0.419992e+00   0.830597e+00   0.292192e-01
 91   0.359168e+03   0.205568e+02   0.716590e+00   0.411152e+00   0.815109e+00   0.288629e-01
 92   0.365681e+03   0.205804e+02   0.696683e+00   0.403846e+00   0.801841e+00   0.285613e-01
 93   0.372196e+03   0.205993e+02   0.680349e+00   0.398124e+00   0.790960e+00   0.283160e-01
 94   0.378711e+03   0.206136e+02   0.667819e+00   0.393973e+00   0.782604e+00   0.281295e-01
 95   0.385227e+03   0.206230e+02   0.659318e+00   0.391301e+00   0.776919e+00   0.280043e-01
 96   0.391742e+03   0.206278e+02   0.655032e+00   0.390002e+00   0.774040e+00   0.279419e-01