 1   0.304663e+00   0.434988e-06   0.160231e+00   0.173996e-04   0.163097e+01
  2   0.625579e+00   0.366818e-05   0.169455e+00   0.146730e-03   0.169394e+01
  3   0.967256e+00   0.132552e-04   0.175991e+00   0.530233e-03   0.175937e+01
  4   0.133430e+01   0.339706e-04   0.181946e+00   0.135897e-02   0.182628e+01
  5   0.173141e+01   0.722801e-04   0.187785e+00   0.289176e-02   0.189310e+01
  6   0.216330e+01   0.136874e-03   0.193688e+00   0.547676e-02   0.195780e+01
  7   0.263475e+01   0.239262e-03   0.199756e+00   0.957547e-02   0.201814e+01
  8   0.315050e+01   0.394419e-03   0.206063e+00   0.157893e-01   0.207187e+01
  9   0.371528e+01   0.621485e-03   0.212675e+00   0.248888e-01   0.211704e+01
 10   0.433378e+01   0.944525e-03   0.219662e+00   0.378454e-01   0.215224e+01
 11   0.501060e+01   0.139334e-02   0.227095e+00   0.558679e-01   0.217683e+01
 12   0.575026e+01   0.200431e-02   0.235045e+00   0.804401e-01   0.219098e+01
 13   0.655717e+01   0.282119e-02   0.243577e+00   0.113361e+00   0.219563e+01
 14   0.743563e+01   0.389567e-02   0.252737e+00   0.156778e+00   0.219229e+01
 15   0.838978e+01   0.528750e-02   0.262545e+00   0.213209e+00   0.218282e+01
 16   0.942363e+01   0.706379e-02   0.272991e+00   0.285536e+00   0.216928e+01
 17   0.105410e+02   0.929735e-02   0.284027e+00   0.376968e+00   0.215367e+01
 18   0.117457e+02   0.120638e-01   0.295573e+00   0.490957e+00   0.213783e+01
 19   0.130410e+02   0.154375e-01   0.307522e+00   0.631082e+00   0.212334e+01
 20   0.144305e+02   0.194870e-01   0.319751e+00   0.800893e+00   0.211147e+01
 21   0.159171e+02   0.242701e-01   0.332126e+00   0.100375e+01   0.210309e+01
 22   0.175038e+02   0.298292e-01   0.344515e+00   0.124268e+01   0.209874e+01
 23   0.191935e+02   0.361882e-01   0.356794e+00   0.152022e+01   0.209853e+01
 24   0.209885e+02   0.433499e-01   0.368852e+00   0.183832e+01   0.210221e+01
 25   0.228913e+02   0.512960e-01   0.380595e+00   0.219831e+01   0.210913e+01
 26   0.249039e+02   0.599874e-01   0.391945e+00   0.260086e+01   0.211831e+01
 27   0.270284e+02   0.693665e-01   0.402844e+00   0.304597e+01   0.212856e+01
 28   0.292664e+02   0.793606e-01   0.413254e+00   0.353304e+01   0.213866e+01
 29   0.316193e+02   0.898846e-01   0.423154e+00   0.406095e+01   0.214735e+01
 30   0.340886e+02   0.100846e+00   0.432535e+00   0.462805e+01   0.215325e+01
 31   0.366753e+02   0.112147e+00   0.441401e+00   0.523233e+01   0.215514e+01
 32   0.393802e+02   0.123688e+00   0.449763e+00   0.587144e+01   0.215208e+01
 33   0.422041e+02   0.135375e+00   0.457642e+00   0.654279e+01   0.214346e+01
 34   0.451474e+02   0.147113e+00   0.465061e+00   0.724363e+01   0.212918e+01
 35   0.482104e+02   0.158819e+00   0.472047e+00   0.797116e+01   0.210962e+01
 36   0.513932e+02   0.170414e+00   0.478625e+00   0.872254e+01   0.208541e+01
 37   0.546956e+02   0.181828e+00   0.484822e+00   0.949496e+01   0.205756e+01
 38   0.581175e+02   0.193000e+00   0.490661e+00   0.102856e+02   0.202721e+01
 39   0.616583e+02   0.203876e+00   0.496162e+00   0.110918e+02   0.199515e+01
 40   0.653173e+02   0.214411e+00   0.501346e+00   0.119109e+02   0.196233e+01
 41   0.690939e+02   0.224567e+00   0.506234e+00   0.127403e+02   0.193015e+01
 42   0.729869e+02   0.234313e+00   0.510848e+00   0.135777e+02   0.189922e+01
 43   0.769953e+02   0.243625e+00   0.515206e+00   0.144209e+02   0.186902e+01
 44   0.811179e+02   0.252482e+00   0.519322e+00   0.152676e+02   0.183931e+01
 45   0.853532e+02   0.260868e+00   0.523210e+00   0.161155e+02   0.181095e+01
 46   0.896996e+02   0.268768e+00   0.526873e+00   0.169623e+02   0.178417e+01
 47   0.941556e+02   0.276172e+00   0.530315e+00   0.178056e+02   0.175826e+01
 48   0.987193e+02   0.283075e+00   0.533539e+00   0.186436e+02   0.173257e+01
 49   0.103389e+03   0.289478e+00   0.536549e+00   0.194745e+02   0.170710e+01
 50   0.108162e+03   0.295382e+00   0.539347e+00   0.202969e+02   0.168236e+01
 51   0.113038e+03   0.300791e+00   0.541934e+00   0.211088e+02   0.165899e+01
 52   0.118013e+03   0.305705e+00   0.544312e+00   0.219084e+02   0.163702e+01
 53   0.123085e+03   0.310129e+00   0.546486e+00   0.226940e+02   0.161643e+01
 54   0.128253e+03   0.314067e+00   0.548475e+00   0.234635e+02   0.159767e+01
 55   0.133513e+03   0.317523e+00   0.550297e+00   0.242153e+02   0.158071e+01
 56   0.138864e+03   0.320507e+00   0.551956e+00   0.249478e+02   0.156501e+01
 57   0.144302e+03   0.323028e+00   0.553459e+00   0.256596e+02   0.155017e+01
 58   0.149826e+03   0.325099e+00   0.554817e+00   0.263498e+02   0.153637e+01
 59   0.155433e+03   0.326735e+00   0.556037e+00   0.270176e+02   0.152369e+01
 60   0.161121e+03   0.327954e+00   0.557129e+00   0.276631e+02   0.151206e+01
 61   0.166886e+03   0.328776e+00   0.558112e+00   0.282865e+02   0.150171e+01
 62   0.172727e+03   0.329222e+00   0.559004e+00   0.288883e+02   0.149195e+01
 63   0.178640e+03   0.329311e+00   0.559807e+00   0.294693e+02   0.148181e+01
 64   0.184624e+03   0.329064e+00   0.560521e+00   0.300303e+02   0.147100e+01
 65   0.190676e+03   0.328496e+00   0.561154e+00   0.305719e+02   0.146007e+01
 66   0.196792e+03   0.327625e+00   0.561717e+00   0.310948e+02   0.144970e+01
 67   0.202972e+03   0.326464e+00   0.562219e+00   0.315994e+02   0.144066e+01
 68   0.209211e+03   0.325025e+00   0.562666e+00   0.320856e+02   0.143343e+01
 69   0.215509e+03   0.323314e+00   0.563056e+00   0.325529e+02   0.142695e+01
 70   0.221862e+03   0.321338e+00   0.563384e+00   0.330006e+02   0.141967e+01
 71   0.228268e+03   0.319104e+00   0.563641e+00   0.334279e+02   0.141108e+01
 72   0.234725e+03   0.316618e+00   0.563835e+00   0.338341e+02   0.140112e+01
 73   0.241231e+03   0.313886e+00   0.563981e+00   0.342185e+02   0.139049e+01
 74   0.247783e+03   0.310916e+00   0.564084e+00   0.345802e+02   0.138086e+01
 75   0.254379e+03   0.307713e+00   0.564141e+00   0.349188e+02   0.137219e+01
 76   0.261017e+03   0.304288e+00   0.564141e+00   0.352341e+02   0.136291e+01
 77   0.267696e+03   0.300651e+00   0.564062e+00   0.355267e+02   0.135197e+01
 78   0.274413e+03   0.296814e+00   0.563882e+00   0.357968e+02   0.134072e+01
 79   0.281167e+03   0.292782e+00   0.563594e+00   0.360439e+02   0.132996e+01
 80   0.287955e+03   0.288561e+00   0.563199e+00   0.362674e+02   0.131984e+01
 81   0.294776e+03   0.284159e+00   0.562693e+00   0.364671e+02   0.131066e+01
 82   0.301629e+03   0.279584e+00   0.562065e+00   0.366434e+02   0.130178e+01
 83   0.308511e+03   0.274848e+00   0.561305e+00   0.367969e+02   0.129401e+01
 84   0.315421e+03   0.269964e+00   0.560410e+00   0.369292e+02   0.128760e+01
 85   0.322358e+03   0.264946e+00   0.559384e+00   0.370423e+02   0.128112e+01
 86   0.329321e+03   0.259806e+00   0.558230e+00   0.371379e+02   0.127365e+01
 87   0.336308e+03   0.254556e+00   0.556939e+00   0.372179e+02   0.126580e+01
 88   0.343317e+03   0.249204e+00   0.555505e+00   0.372831e+02   0.125866e+01
 89   0.350349e+03   0.243754e+00   0.553915e+00   0.373331e+02   0.125211e+01
 90   0.357402e+03   0.238208e+00   0.552155e+00   0.373672e+02   0.124526e+01
 91   0.364474e+03   0.232570e+00   0.550212e+00   0.373850e+02   0.123832e+01
 92   0.371566e+03   0.226844e+00   0.548081e+00   0.373870e+02   0.123275e+01
 93   0.378676e+03   0.221039e+00   0.545758e+00   0.373735e+02   0.122871e+01
 94   0.385804e+03   0.215158e+00   0.543229e+00   0.373450e+02   0.122446e+01
 95   0.392949e+03   0.209208e+00   0.540474e+00   0.373017e+02   0.121879e+01
 96   0.400111e+03   0.203194e+00   0.537463e+00   0.372441e+02   0.121171e+01
 97   0.407289e+03   0.197120e+00   0.534158e+00   0.371724e+02   0.120290e+01
 98   0.414483e+03   0.190991e+00   0.530522e+00   0.370869e+02   0.119170e+01
 99   0.421692e+03   0.184812e+00   0.526526e+00   0.369880e+02   0.117903e+01
100   0.428917e+03   0.178586e+00   0.522139e+00   0.368760e+02   0.116663e+01
101   0.436157e+03   0.172320e+00   0.517324e+00   0.367511e+02   0.115423e+01
102   0.443412e+03   0.166015e+00   0.512040e+00   0.366139e+02   0.114088e+01
103   0.450684e+03   0.159680e+00   0.506240e+00   0.364656e+02   0.112742e+01
104   0.457971e+03   0.153321e+00   0.499879e+00   0.363081e+02   0.111474e+01
105   0.465273e+03   0.146944e+00   0.492912e+00   0.361435e+02   0.110290e+01
106   0.472593e+03   0.140557e+00   0.485286e+00   0.359740e+02   0.109250e+01
107   0.479929e+03   0.134165e+00   0.476944e+00   0.358019e+02   0.108323e+01
108   0.487283e+03   0.127773e+00   0.467813e+00   0.356289e+02   0.107484e+01
109   0.494655e+03   0.121383e+00   0.457817e+00   0.354566e+02   0.106793e+01
110   0.502046e+03   0.114999e+00   0.446882e+00   0.352865e+02   0.106189e+01
111   0.509457e+03   0.108622e+00   0.434929e+00   0.351204e+02   0.105592e+01
112   0.516888e+03   0.102254e+00   0.421873e+00   0.349597e+02   0.104976e+01
113   0.524342e+03   0.958959e-01   0.407626e+00   0.348057e+02   0.104324e+01
114   0.531819e+03   0.895466e-01   0.392085e+00   0.346596e+02   0.103674e+01
115   0.539321e+03   0.832054e-01   0.375138e+00   0.345225e+02   0.103054e+01
116   0.546849e+03   0.768705e-01   0.356668e+00   0.343951e+02   0.102392e+01
117   0.554405e+03   0.705389e-01   0.336564e+00   0.342779e+02   0.101676e+01
118   0.561990e+03   0.642068e-01   0.314728e+00   0.341702e+02   0.100968e+01
119   0.569607e+03   0.578704e-01   0.291080e+00   0.340720e+02   0.100321e+01
120   0.577258e+03   0.515268e-01   0.265563e+00   0.339840e+02   0.997760e+00
121   0.584945e+03   0.451728e-01   0.238140e+00   0.339073e+02   0.992679e+00
122   0.592670e+03   0.388039e-01   0.208814e+00   0.338420e+02   0.987587e+00
123   0.600437e+03   0.324151e-01   0.177635e+00   0.337880e+02   0.983225e+00
124   0.608248e+03   0.260018e-01   0.144712e+00   0.337454e+02   0.980694e+00
125   0.616106e+03   0.195590e-01   0.110219e+00   0.337158e+02   0.980824e+00
126   0.624015e+03   0.130815e-01   0.743943e-01   0.337027e+02   0.978374e+00
127   0.631978e+03   0.656372e-02   0.375376e-01   0.337216e+02   0.965640e+00
128   0.640000e+03   0.000000e+00   0.000000e+00   0.337216e+02   0.965640e+00