1   0.295426e+00   0.346081e-06   0.186789e+00   0.138433e-04   0.178252e+01
  2   0.609542e+00   0.296419e-05   0.197322e+00   0.118571e-03   0.184667e+01
  3   0.946566e+00   0.108599e-04   0.204725e+00   0.434426e-03   0.191437e+01
  4   0.131087e+01   0.281761e-04   0.211464e+00   0.112720e-02   0.198486e+01
  5   0.170696e+01   0.606096e-04   0.218079e+00   0.242502e-02   0.205650e+01
  6   0.213944e+01   0.115893e-03   0.224776e+00   0.463775e-02   0.212711e+01
  7   0.261303e+01   0.204340e-03   0.231668e+00   0.817920e-02   0.219422e+01
  8   0.313250e+01   0.339445e-03   0.238841e+00   0.135918e-01   0.225525e+01
  9   0.370264e+01   0.538546e-03   0.246373e+00   0.215742e-01   0.230789e+01
 10   0.432829e+01   0.823555e-03   0.254341e+00   0.330127e-01   0.235032e+01
 11   0.501426e+01   0.122176e-02   0.262834e+00   0.490163e-01   0.238149e+01
 12   0.576532e+01   0.176667e-02   0.271938e+00   0.709560e-01   0.240123e+01
 13   0.658620e+01   0.249887e-02   0.281734e+00   0.100506e+00   0.241018e+01
 14   0.748155e+01   0.346662e-02   0.292281e+00   0.139683e+00   0.240974e+01
 15   0.845591e+01   0.472610e-02   0.303607e+00   0.190866e+00   0.240182e+01
 16   0.951370e+01   0.634073e-02   0.315695e+00   0.256800e+00   0.238863e+01
 17   0.106592e+02   0.837953e-02   0.328483e+00   0.340554e+00   0.237248e+01
 18   0.118966e+02   0.109140e-01   0.341863e+00   0.445437e+00   0.235559e+01
 19   0.132298e+02   0.140140e-01   0.355690e+00   0.574866e+00   0.233990e+01
 20   0.146626e+02   0.177425e-01   0.369794e+00   0.732197e+00   0.232702e+01
 21   0.161985e+02   0.221504e-01   0.383995e+00   0.920545e+00   0.231815e+01
 22   0.178409e+02   0.272714e-01   0.398112e+00   0.114260e+01   0.231401e+01
 23   0.195930e+02   0.331183e-01   0.411981e+00   0.140046e+01   0.231482e+01
 24   0.214576e+02   0.396809e-01   0.425456e+00   0.169554e+01   0.232032e+01
 25   0.234373e+02   0.469255e-01   0.438416e+00   0.202847e+01   0.232968e+01
 26   0.255346e+02   0.547961e-01   0.450773e+00   0.239908e+01   0.234157e+01
 27   0.277516e+02   0.632175e-01   0.462465e+00   0.280643e+01   0.235432e+01
 28   0.300901e+02   0.720984e-01   0.473458e+00   0.324888e+01   0.236602e+01
 29   0.325517e+02   0.813368e-01   0.483736e+00   0.372410e+01   0.237473e+01
 30   0.351376e+02   0.908241e-01   0.493306e+00   0.422928e+01   0.237881e+01
 31   0.378490e+02   0.100450e+00   0.502190e+00   0.476117e+01   0.237684e+01
 32   0.406866e+02   0.110106e+00   0.510419e+00   0.531624e+01   0.236796e+01
 33   0.436508e+02   0.119689e+00   0.518038e+00   0.589080e+01   0.235208e+01
 34   0.467418e+02   0.129106e+00   0.525091e+00   0.648110e+01   0.232997e+01
 35   0.499596e+02   0.138272e+00   0.531627e+00   0.708342e+01   0.230248e+01
 36   0.533038e+02   0.147113e+00   0.537685e+00   0.769413e+01   0.227080e+01
 37   0.567738e+02   0.155565e+00   0.543300e+00   0.830978e+01   0.223604e+01
 38   0.603688e+02   0.163576e+00   0.548502e+00   0.892711e+01   0.219923e+01
 39   0.640876e+02   0.171105e+00   0.553318e+00   0.954309e+01   0.216132e+01
 40   0.679289e+02   0.178120e+00   0.557774e+00   0.101551e+02   0.212308e+01
 41   0.718912e+02   0.184600e+00   0.561894e+00   0.107608e+02   0.208457e+01
 42   0.759726e+02   0.190532e+00   0.565693e+00   0.113583e+02   0.204698e+01
 43   0.801712e+02   0.195907e+00   0.569189e+00   0.119457e+02   0.201048e+01
 44   0.844849e+02   0.200719e+00   0.572400e+00   0.125212e+02   0.197453e+01
 45   0.889112e+02   0.204962e+00   0.575337e+00   0.130829e+02   0.193932e+01
 46   0.934477e+02   0.208637e+00   0.578005e+00   0.136291e+02   0.190477e+01
 47   0.980916e+02   0.211746e+00   0.580422e+00   0.141583e+02   0.187200e+01
 48   0.102840e+03   0.214296e+00   0.582612e+00   0.146690e+02   0.184202e+01
 49   0.107691e+03   0.216296e+00   0.584588e+00   0.151601e+02   0.181434e+01
 50   0.112640e+03   0.217757e+00   0.586359e+00   0.156305e+02   0.178822e+01
 51   0.117684e+03   0.218693e+00   0.587928e+00   0.160795e+02   0.176284e+01
 52   0.122821e+03   0.219117e+00   0.589290e+00   0.165061e+02   0.173849e+01
 53   0.128048e+03   0.219044e+00   0.590447e+00   0.169096e+02   0.171596e+01
 54   0.133360e+03   0.218488e+00   0.591410e+00   0.172892e+02   0.169472e+01
 55   0.138754e+03   0.217466e+00   0.592187e+00   0.176442e+02   0.167413e+01
 56   0.144227e+03   0.215998e+00   0.592776e+00   0.179746e+02   0.165439e+01
 57   0.149776e+03   0.214104e+00   0.593172e+00   0.182803e+02   0.163578e+01
 58   0.155397e+03   0.211807e+00   0.593381e+00   0.185616e+02   0.161778e+01
 59   0.161087e+03   0.209128e+00   0.593419e+00   0.188188e+02   0.160057e+01
 60   0.166842e+03   0.206089e+00   0.593284e+00   0.190524e+02   0.158466e+01
 61   0.172659e+03   0.202715e+00   0.592964e+00   0.192631e+02   0.156980e+01
 62   0.178535e+03   0.199028e+00   0.592458e+00   0.194520e+02   0.155507e+01
 63   0.184467e+03   0.195050e+00   0.591758e+00   0.196197e+02   0.154068e+01
 64   0.190450e+03   0.190804e+00   0.590841e+00   0.197673e+02   0.152738e+01
 65   0.196483e+03   0.186309e+00   0.589673e+00   0.198957e+02   0.151423e+01
 66   0.202561e+03   0.181584e+00   0.588237e+00   0.200054e+02   0.150011e+01
 67   0.208683e+03   0.176644e+00   0.586513e+00   0.200971e+02   0.148498e+01
 68   0.214844e+03   0.171508e+00   0.584481e+00   0.201712e+02   0.146913e+01
 69   0.221043e+03   0.166189e+00   0.582117e+00   0.202282e+02   0.145284e+01
 70   0.227277e+03   0.160701e+00   0.579396e+00   0.202683e+02   0.143627e+01
 71   0.233542e+03   0.155059e+00   0.576279e+00   0.202920e+02   0.142012e+01
 72   0.239837e+03   0.149278e+00   0.572701e+00   0.202998e+02   0.140491e+01
 73   0.246158e+03   0.143375e+00   0.568584e+00   0.202928e+02   0.138981e+01
 74   0.252504e+03   0.137366e+00   0.563843e+00   0.202724e+02   0.137499e+01
 75   0.258873e+03   0.131268e+00   0.558383e+00   0.202396e+02   0.135975e+01
 76   0.265262e+03   0.125094e+00   0.552104e+00   0.201956e+02   0.134315e+01
 77   0.271669e+03   0.118856e+00   0.544907e+00   0.201411e+02   0.132579e+01
 78   0.278092e+03   0.112567e+00   0.536686e+00   0.200771e+02   0.130869e+01
 79   0.284530e+03   0.106239e+00   0.527313e+00   0.200048e+02   0.129180e+01
 80   0.290981e+03   0.998842e-01   0.516641e+00   0.199258e+02   0.127491e+01
 81   0.297443e+03   0.935153e-01   0.504498e+00   0.198418e+02   0.125807e+01
 82   0.303916e+03   0.871426e-01   0.490686e+00   0.197544e+02   0.124162e+01
 83   0.310396e+03   0.807757e-01   0.474973e+00   0.196655e+02   0.122550e+01
 84   0.316885e+03   0.744224e-01   0.457103e+00   0.195770e+02   0.120963e+01
 85   0.323379e+03   0.680887e-01   0.436799e+00   0.194903e+02   0.119484e+01
 86   0.329878e+03   0.617787e-01   0.413765e+00   0.194068e+02   0.118127e+01
 87   0.336382e+03   0.554948e-01   0.387705e+00   0.193277e+02   0.116848e+01
 88   0.342889e+03   0.492385e-01   0.358337e+00   0.192540e+02   0.115701e+01
 89   0.349399e+03   0.430101e-01   0.325413e+00   0.191869e+02   0.114748e+01
 90   0.355911e+03   0.368089e-01   0.288757e+00   0.191274e+02   0.114104e+01
 91   0.362424e+03   0.306327e-01   0.248296e+00   0.190762e+02   0.113726e+01
 92   0.368939e+03   0.244784e-01   0.204122e+00   0.190340e+02   0.113538e+01
 93   0.375454e+03   0.183425e-01   0.156541e+00   0.190011e+02   0.113503e+01
 94   0.381969e+03   0.122205e-01   0.106102e+00   0.189776e+02   0.113562e+01
 95   0.388484e+03   0.610790e-02   0.535944e-01   0.189635e+02   0.113687e+01
 96   0.395000e+03   0.000000e+00   0.000000e+00   0.189635e+02   0.113687e+01