1   0.295426e+00   0.163907e-04   0.198543e+00   0.230859e-04   0.106887e+01
  2   0.609542e+00   0.147957e-03   0.221057e+00   0.208425e-03   0.105055e+01
  3   0.946566e+00   0.565456e-03   0.239311e+00   0.796913e-03   0.104359e+01
  4   0.131087e+01   0.152766e-02   0.257598e+00   0.215517e-02   0.103813e+01
  5   0.170696e+01   0.341727e-02   0.276710e+00   0.483054e-02   0.103240e+01
  6   0.213944e+01   0.677836e-02   0.296749e+00   0.961525e-02   0.102598e+01
  7   0.261303e+01   0.123463e-01   0.317529e+00   0.176151e-01   0.101884e+01
  8   0.313250e+01   0.210556e-01   0.338683e+00   0.303152e-01   0.101114e+01
  9   0.370264e+01   0.340078e-01   0.359713e+00   0.496348e-01   0.100315e+01
 10   0.432829e+01   0.523822e-01   0.380029e+00   0.779661e-01   0.995182e+00
 11   0.501426e+01   0.772846e-01   0.399005e+00   0.118198e+00   0.987596e+00
 12   0.576532e+01   0.109547e+00   0.416030e+00   0.173733e+00   0.980708e+00
 13   0.658620e+01   0.149520e+00   0.430574e+00   0.248508e+00   0.974772e+00
 14   0.748155e+01   0.196912e+00   0.442244e+00   0.347032e+00   0.969939e+00
 15   0.845591e+01   0.250732e+00   0.450822e+00   0.474439e+00   0.966246e+00
 16   0.951370e+01   0.309362e+00   0.456298e+00   0.636556e+00   0.963622e+00
 17   0.106592e+02   0.370752e+00   0.458865e+00   0.839947e+00   0.961916e+00
 18   0.118966e+02   0.432685e+00   0.458889e+00   0.109192e+01   0.960936e+00
 19   0.132298e+02   0.493051e+00   0.456864e+00   0.140045e+01   0.960497e+00
 20   0.146626e+02   0.550061e+00   0.453343e+00   0.177397e+01   0.960468e+00
 21   0.161985e+02   0.602384e+00   0.448881e+00   0.222101e+01   0.960807e+00
 22   0.178409e+02   0.649186e+00   0.443982e+00   0.274969e+01   0.961557e+00
 23   0.195930e+02   0.690091e+00   0.439068e+00   0.336706e+01   0.962802e+00
 24   0.214576e+02   0.725097e+00   0.434464e+00   0.407840e+01   0.964642e+00
 25   0.234373e+02   0.754482e+00   0.430402e+00   0.488646e+01   0.967096e+00
 26   0.255346e+02   0.778692e+00   0.427032e+00   0.579096e+01   0.970066e+00
 27   0.277516e+02   0.798263e+00   0.424438e+00   0.678811e+01   0.973357e+00
 28   0.300901e+02   0.813756e+00   0.422656e+00   0.787067e+01   0.976654e+00
 29   0.325517e+02   0.825722e+00   0.421686e+00   0.902900e+01   0.979481e+00
 30   0.351376e+02   0.834672e+00   0.421510e+00   0.102521e+02   0.981330e+00
 31   0.378490e+02   0.841050e+00   0.422086e+00   0.115273e+02   0.981713e+00
 32   0.406866e+02   0.845230e+00   0.423358e+00   0.128408e+02   0.980363e+00
 33   0.436508e+02   0.847534e+00   0.425265e+00   0.141791e+02   0.977191e+00
 34   0.467418e+02   0.848229e+00   0.427746e+00   0.155298e+02   0.972372e+00
 35   0.499596e+02   0.847539e+00   0.430731e+00   0.168824e+02   0.966059e+00
 36   0.533038e+02   0.845650e+00   0.434149e+00   0.182285e+02   0.958489e+00
 37   0.567738e+02   0.842700e+00   0.437913e+00   0.195571e+02   0.950090e+00
 38   0.603688e+02   0.838807e+00   0.441937e+00   0.208596e+02   0.941187e+00
 39   0.640876e+02   0.834081e+00   0.446134e+00   0.221344e+02   0.931838e+00
 40   0.679289e+02   0.828597e+00   0.450414e+00   0.233762e+02   0.922305e+00
 41   0.718912e+02   0.822412e+00   0.454691e+00   0.245765e+02   0.912730e+00
 42   0.759726e+02   0.815587e+00   0.458904e+00   0.257364e+02   0.903399e+00
 43   0.801712e+02   0.808169e+00   0.462999e+00   0.268555e+02   0.894294e+00
 44   0.844849e+02   0.800189e+00   0.466926e+00   0.279275e+02   0.885278e+00
 45   0.889112e+02   0.791676e+00   0.470644e+00   0.289491e+02   0.876436e+00
 46   0.934477e+02   0.782652e+00   0.474138e+00   0.299132e+02   0.867854e+00
 47   0.980916e+02   0.773138e+00   0.477404e+00   0.308142e+02   0.860131e+00
 48   0.102840e+03   0.763165e+00   0.480436e+00   0.316560e+02   0.853565e+00
 49   0.107691e+03   0.752767e+00   0.483219e+00   0.324526e+02   0.847558e+00
 50   0.112640e+03   0.741961e+00   0.485733e+00   0.332009e+02   0.841871e+00
 51   0.117684e+03   0.730742e+00   0.487966e+00   0.338796e+02   0.836655e+00
 52   0.122821e+03   0.719140e+00   0.489921e+00   0.345030e+02   0.831690e+00
 53   0.128048e+03   0.707182e+00   0.491598e+00   0.350919e+02   0.826864e+00
 54   0.133360e+03   0.694864e+00   0.492998e+00   0.356267e+02   0.822428e+00
 55   0.138754e+03   0.682190e+00   0.494140e+00   0.360924e+02   0.818421e+00
 56   0.144227e+03   0.669194e+00   0.495030e+00   0.365163e+02   0.814347e+00
 57   0.149776e+03   0.655885e+00   0.495654e+00   0.368959e+02   0.810458e+00
 58   0.155397e+03   0.642275e+00   0.496019e+00   0.372329e+02   0.806508e+00
 59   0.161087e+03   0.628379e+00   0.496128e+00   0.375334e+02   0.802507e+00
 60   0.166842e+03   0.614198e+00   0.495962e+00   0.377832e+02   0.799073e+00
 61   0.172659e+03   0.599749e+00   0.495509e+00   0.379887e+02   0.796009e+00
 62   0.178535e+03   0.585032e+00   0.494766e+00   0.381329e+02   0.793258e+00
 63   0.184467e+03   0.570058e+00   0.493733e+00   0.382112e+02   0.791067e+00
 64   0.190450e+03   0.554867e+00   0.492408e+00   0.382847e+02   0.788621e+00
 65   0.196483e+03   0.539473e+00   0.490761e+00   0.383657e+02   0.785250e+00
 66   0.202561e+03   0.523868e+00   0.488765e+00   0.384226e+02   0.781058e+00
 67   0.208683e+03   0.508048e+00   0.486398e+00   0.384311e+02   0.776551e+00
 68   0.214844e+03   0.492033e+00   0.483641e+00   0.384067e+02   0.771586e+00
 69   0.221043e+03   0.475839e+00   0.480477e+00   0.383665e+02   0.765989e+00
 70   0.227277e+03   0.459469e+00   0.476857e+00   0.382981e+02   0.760109e+00
 71   0.233542e+03   0.442931e+00   0.472726e+00   0.381994e+02   0.754385e+00
 72   0.239837e+03   0.426218e+00   0.468026e+00   0.380343e+02   0.749830e+00
 73   0.246158e+03   0.409350e+00   0.462731e+00   0.378240e+02   0.745645e+00
 74   0.252504e+03   0.392355e+00   0.456782e+00   0.376188e+02   0.740969e+00
 75   0.258873e+03   0.375239e+00   0.450087e+00   0.374173e+02   0.735509e+00
 76   0.265262e+03   0.358013e+00   0.442563e+00   0.372244e+02   0.728705e+00
 77   0.271669e+03   0.340675e+00   0.434118e+00   0.370191e+02   0.721327e+00
 78   0.278092e+03   0.323225e+00   0.424668e+00   0.367740e+02   0.714492e+00
 79   0.284530e+03   0.305679e+00   0.414137e+00   0.365102e+02   0.707808e+00
 80   0.290981e+03   0.288043e+00   0.402432e+00   0.362316e+02   0.701146e+00
 81   0.297443e+03   0.270324e+00   0.389456e+00   0.359342e+02   0.694669e+00
 82   0.303916e+03   0.252543e+00   0.375120e+00   0.356618e+02   0.687777e+00
 83   0.310396e+03   0.234705e+00   0.359299e+00   0.354121e+02   0.680564e+00
 84   0.316885e+03   0.216809e+00   0.341869e+00   0.351452e+02   0.673803e+00
 85   0.323379e+03   0.198865e+00   0.322740e+00   0.348751e+02   0.667748e+00
 86   0.329878e+03   0.180885e+00   0.301821e+00   0.346262e+02   0.662057e+00
 87   0.336382e+03   0.162867e+00   0.279036e+00   0.343758e+02   0.656972e+00
 88   0.342889e+03   0.144820e+00   0.254356e+00   0.341247e+02   0.652811e+00
 89   0.349399e+03   0.126758e+00   0.227801e+00   0.339314e+02   0.648857e+00
 90   0.355911e+03   0.108685e+00   0.199420e+00   0.338171e+02   0.645386e+00
 91   0.362424e+03   0.905982e-01   0.169301e+00   0.337505e+02   0.642793e+00
 92   0.368939e+03   0.725009e-01   0.137590e+00   0.337372e+02   0.640562e+00
 93   0.375454e+03   0.543903e-01   0.104496e+00   0.337447e+02   0.639114e+00
 94   0.381969e+03   0.362660e-01   0.702983e-01   0.337265e+02   0.639005e+00
 95   0.388484e+03   0.181339e-01   0.353406e-01   0.336791e+02   0.640132e+00
 96   0.395000e+03   0.000000e+00   0.000000e+00   0.336791e+02   0.640132e+00