  1   0.304663e+00   0.187176e-04   0.190348e+00   0.263633e-04   0.107642e+01
  2   0.625579e+00   0.167020e-03   0.213025e+00   0.235282e-03   0.105640e+01
  3   0.967256e+00   0.631020e-03   0.231392e+00   0.889354e-03   0.104893e+01
  4   0.133430e+01   0.168631e-02   0.249666e+00   0.237927e-02   0.104312e+01
  5   0.173141e+01   0.373349e-02   0.268608e+00   0.527878e-02   0.103706e+01
  6   0.216330e+01   0.733345e-02   0.288304e+00   0.104071e-01   0.103030e+01
  7   0.263475e+01   0.132330e-01   0.308556e+00   0.188934e-01   0.102282e+01
  8   0.315050e+01   0.223667e-01   0.329001e+00   0.322363e-01   0.101480e+01
  9   0.371528e+01   0.358166e-01   0.349151e+00   0.523502e-01   0.100650e+01
 10   0.433378e+01   0.547186e-01   0.368453e+00   0.815955e-01   0.998246e+00
 11   0.501060e+01   0.801112e-01   0.386327e+00   0.122795e+00   0.990388e+00
 12   0.575026e+01   0.112746e+00   0.402228e+00   0.179246e+00   0.983245e+00
 13   0.655717e+01   0.152900e+00   0.415697e+00   0.254741e+00   0.977066e+00
 14   0.743563e+01   0.200236e+00   0.426403e+00   0.353602e+00   0.972004e+00
 15   0.838978e+01   0.253763e+00   0.434180e+00   0.480732e+00   0.968101e+00
 16   0.942363e+01   0.311921e+00   0.439043e+00   0.641679e+00   0.965293e+00
 17   0.105410e+02   0.372759e+00   0.441188e+00   0.842678e+00   0.963435e+00
 18   0.117457e+02   0.434187e+00   0.440961e+00   0.109066e+01   0.962340e+00
 19   0.130410e+02   0.494219e+00   0.438819e+00   0.139319e+01   0.961827e+00
 20   0.144305e+02   0.551177e+00   0.435270e+00   0.175830e+01   0.961757e+00
 21   0.159171e+02   0.603802e+00   0.430825e+00   0.219421e+01   0.962069e+00
 22   0.175038e+02   0.651293e+00   0.425953e+00   0.270890e+01   0.962778e+00
 23   0.191935e+02   0.693276e+00   0.421047e+00   0.330952e+01   0.963954e+00
 24   0.209885e+02   0.729729e+00   0.416417e+00   0.400188e+01   0.965679e+00
 25   0.228913e+02   0.760892e+00   0.412286e+00   0.478984e+01   0.967991e+00
 26   0.249039e+02   0.787175e+00   0.408797e+00   0.567501e+01   0.970822e+00
 27   0.270284e+02   0.809084e+00   0.406035e+00   0.665664e+01   0.973994e+00
 28   0.292664e+02   0.827155e+00   0.404032e+00   0.773192e+01   0.977246e+00
 29   0.316193e+02   0.841908e+00   0.402784e+00   0.889610e+01   0.980234e+00
 30   0.340886e+02   0.853814e+00   0.402257e+00   0.101422e+02   0.982566e+00
 31   0.366753e+02   0.863287e+00   0.402401e+00   0.114610e+02   0.983891e+00
 32   0.393802e+02   0.870689e+00   0.403161e+00   0.128426e+02   0.983900e+00
 33   0.422041e+02   0.876330e+00   0.404478e+00   0.142760e+02   0.982363e+00
 34   0.451474e+02   0.880469e+00   0.406286e+00   0.157496e+02   0.979266e+00
 35   0.482104e+02   0.883322e+00   0.408520e+00   0.172513e+02   0.974772e+00
 36   0.513932e+02   0.885076e+00   0.411117e+00   0.187722e+02   0.968992e+00
 37   0.546956e+02   0.885890e+00   0.414020e+00   0.203053e+02   0.962139e+00
 38   0.581175e+02   0.885891e+00   0.417174e+00   0.218449e+02   0.954510e+00
 39   0.616583e+02   0.885185e+00   0.420526e+00   0.233871e+02   0.946244e+00
 40   0.653173e+02   0.883848e+00   0.424018e+00   0.249248e+02   0.937745e+00
 41   0.690939e+02   0.881949e+00   0.427588e+00   0.264540e+02   0.929564e+00
 42   0.729869e+02   0.879548e+00   0.431182e+00   0.279739e+02   0.921829e+00
 43   0.769953e+02   0.876676e+00   0.434754e+00   0.294706e+02   0.914572e+00
 44   0.811179e+02   0.873364e+00   0.438273e+00   0.309325e+02   0.907846e+00
 45   0.853532e+02   0.869662e+00   0.441728e+00   0.323688e+02   0.901623e+00
 46   0.896996e+02   0.865589e+00   0.445095e+00   0.337714e+02   0.896130e+00
 47   0.941556e+02   0.861163e+00   0.448355e+00   0.351310e+02   0.891149e+00
 48   0.987193e+02   0.856408e+00   0.451477e+00   0.364482e+02   0.886227e+00
 49   0.103389e+03   0.851349e+00   0.454429e+00   0.377333e+02   0.881053e+00
 50   0.108162e+03   0.846006e+00   0.457186e+00   0.389931e+02   0.875711e+00
 51   0.113038e+03   0.840385e+00   0.459740e+00   0.402218e+02   0.870653e+00
 52   0.118013e+03   0.834494e+00   0.462084e+00   0.414134e+02   0.866012e+00
 53   0.123085e+03   0.828343e+00   0.464221e+00   0.425603e+02   0.861910e+00
 54   0.128253e+03   0.821944e+00   0.466175e+00   0.436620e+02   0.858571e+00
 55   0.133513e+03   0.815314e+00   0.467970e+00   0.447353e+02   0.855641e+00
 56   0.138864e+03   0.808466e+00   0.469602e+00   0.457883e+02   0.852696e+00
 57   0.144302e+03   0.801382e+00   0.471058e+00   0.467767e+02   0.850355e+00
 58   0.149826e+03   0.794060e+00   0.472340e+00   0.476725e+02   0.849191e+00
 59   0.155433e+03   0.786526e+00   0.473467e+00   0.485087e+02   0.848643e+00
 60   0.161121e+03   0.778794e+00   0.474443e+00   0.492990e+02   0.848461e+00
 61   0.166886e+03   0.770867e+00   0.475281e+00   0.500285e+02   0.849076e+00
 62   0.172727e+03   0.762755e+00   0.476004e+00   0.507088e+02   0.849949e+00
 63   0.178640e+03   0.754483e+00   0.476615e+00   0.513836e+02   0.849840e+00
 64   0.184624e+03   0.746042e+00   0.477082e+00   0.520223e+02   0.849147e+00
 65   0.190676e+03   0.737421e+00   0.477386e+00   0.525877e+02   0.848812e+00
 66   0.196792e+03   0.728639e+00   0.477548e+00   0.531188e+02   0.848625e+00
 67   0.202972e+03   0.719721e+00   0.477607e+00   0.536782e+02   0.848088e+00
 68   0.209211e+03   0.710669e+00   0.477594e+00   0.542647e+02   0.847560e+00
 69   0.215509e+03   0.701484e+00   0.477527e+00   0.548634e+02   0.846675e+00
 70   0.221862e+03   0.692167e+00   0.477403e+00   0.554719e+02   0.844573e+00
 71   0.228268e+03   0.682712e+00   0.477211e+00   0.560545e+02   0.841497e+00
 72   0.234725e+03   0.673114e+00   0.476951e+00   0.565852e+02   0.837777e+00
 73   0.241231e+03   0.663386e+00   0.476628e+00   0.570783e+02   0.833600e+00
 74   0.247783e+03   0.653534e+00   0.476251e+00   0.575410e+02   0.829851e+00
 75   0.254379e+03   0.643563e+00   0.475845e+00   0.579720e+02   0.826523e+00
 76   0.261017e+03   0.633462e+00   0.475402e+00   0.583188e+02   0.823418e+00
 77   0.267696e+03   0.623229e+00   0.474891e+00   0.585634e+02   0.820156e+00
 78   0.274413e+03   0.612882e+00   0.474282e+00   0.587575e+02   0.816807e+00
 79   0.281167e+03   0.602427e+00   0.473562e+00   0.589070e+02   0.813775e+00
 80   0.287955e+03   0.591855e+00   0.472734e+00   0.589666e+02   0.811768e+00
 81   0.294776e+03   0.581181e+00   0.471816e+00   0.589753e+02   0.810439e+00
 82   0.301629e+03   0.570417e+00   0.470814e+00   0.589890e+02   0.808651e+00
 83   0.308511e+03   0.559557e+00   0.469717e+00   0.589723e+02   0.807421e+00
 84   0.315421e+03   0.548610e+00   0.468528e+00   0.589719e+02   0.806317e+00
 85   0.322358e+03   0.537588e+00   0.467257e+00   0.590283e+02   0.803948e+00
 86   0.329321e+03   0.526482e+00   0.465880e+00   0.590894e+02   0.800494e+00
 87   0.336308e+03   0.515286e+00   0.464359e+00   0.591174e+02   0.796898e+00
 88   0.343317e+03   0.504008e+00   0.462678e+00   0.591347e+02   0.793556e+00
 89   0.350349e+03   0.492652e+00   0.460835e+00   0.591538e+02   0.790231e+00
 90   0.357402e+03   0.481215e+00   0.458829e+00   0.591379e+02   0.786835e+00
 91   0.364474e+03   0.469696e+00   0.456663e+00   0.590532e+02   0.783947e+00
 92   0.371566e+03   0.458109e+00   0.454346e+00   0.589471e+02   0.781866e+00
 93   0.378676e+03   0.446462e+00   0.451854e+00   0.588558e+02   0.780235e+00
 94   0.385804e+03   0.434758e+00   0.449145e+00   0.588079e+02   0.777574e+00
 95   0.392949e+03   0.422989e+00   0.446166e+00   0.587623e+02   0.773674e+00
 96   0.400111e+03   0.411151e+00   0.442876e+00   0.586705e+02   0.769196e+00
 97   0.407289e+03   0.399249e+00   0.439260e+00   0.585465e+02   0.763749e+00
 98   0.414483e+03   0.387273e+00   0.435298e+00   0.583269e+02   0.757738e+00
 99   0.421692e+03   0.375219e+00   0.430967e+00   0.579656e+02   0.752341e+00
100   0.428917e+03   0.363101e+00   0.426240e+00   0.575474e+02   0.747569e+00
101   0.436157e+03   0.350923e+00   0.421079e+00   0.570980e+02   0.742918e+00
102   0.443412e+03   0.338679e+00   0.415452e+00   0.565655e+02   0.738469e+00
103   0.450684e+03   0.326370e+00   0.409348e+00   0.559618e+02   0.734647e+00
104   0.457971e+03   0.314008e+00   0.402761e+00   0.553706e+02   0.730966e+00
105   0.465273e+03   0.301592e+00   0.395666e+00   0.547952e+02   0.727488e+00
106   0.472593e+03   0.289121e+00   0.388029e+00   0.542217e+02   0.724830e+00
107   0.479929e+03   0.276603e+00   0.379798e+00   0.536866e+02   0.722371e+00
108   0.487283e+03   0.264039e+00   0.370905e+00   0.532158e+02   0.719624e+00
109   0.494655e+03   0.251428e+00   0.361299e+00   0.528081e+02   0.717034e+00
110   0.502046e+03   0.238766e+00   0.350937e+00   0.524554e+02   0.714331e+00
111   0.509457e+03   0.226053e+00   0.339765e+00   0.521458e+02   0.711164e+00
112   0.516888e+03   0.213285e+00   0.327728e+00   0.518762e+02   0.707440e+00
113   0.524342e+03   0.200465e+00   0.314774e+00   0.516570e+02   0.702920e+00
114   0.531819e+03   0.187593e+00   0.300853e+00   0.515018e+02   0.697707e+00
115   0.539321e+03   0.174668e+00   0.285914e+00   0.514170e+02   0.691923e+00
116   0.546849e+03   0.161683e+00   0.269908e+00   0.513591e+02   0.685717e+00
117   0.554405e+03   0.148633e+00   0.252807e+00   0.513173e+02   0.679153e+00
118   0.561990e+03   0.135517e+00   0.234599e+00   0.512836e+02   0.672751e+00
119   0.569607e+03   0.122327e+00   0.215296e+00   0.511873e+02   0.667769e+00
120   0.577258e+03   0.109062e+00   0.194929e+00   0.510159e+02   0.664653e+00
121   0.584945e+03   0.957209e-01   0.173522e+00   0.507785e+02   0.662860e+00
122   0.592670e+03   0.823035e-01   0.151116e+00   0.505578e+02   0.661063e+00
123   0.600437e+03   0.688062e-01   0.127757e+00   0.503416e+02   0.659914e+00
124   0.608248e+03   0.552263e-01   0.103515e+00   0.501226e+02   0.660259e+00
125   0.616106e+03   0.415611e-01   0.784877e-01   0.499228e+02   0.662408e+00
126   0.624015e+03   0.278034e-01   0.527912e-01   0.496170e+02   0.664568e+00
127   0.631978e+03   0.139505e-01   0.265747e-01   0.492275e+02   0.661480e+00
128   0.640000e+03   0.000000e+00   0.000000e+00   0.492275e+02   0.661480e+00