   13.826405894631451     
   13.825922742460943     
   13.825145021708190     
   13.824134372919710     
   13.822924847105440     
   13.821538855293888     
   13.819992589666926     
   13.818298455824726     
   13.816466350606623     
   13.814504406917013     
   13.812419461316329     
   13.810217364437369     
   13.807903196263043     
   13.805481420766016     
   13.802956000249923     
   13.800330481966864     
   13.797608065098670     
   13.794791653480070     
   13.791883897744095     
   13.788887229471467     
   13.785803889194908     
   13.782635949611032     
   13.779385335005456     
   13.776053837650188     
   13.772643131754307     
   13.769154785418186     
   13.765590270944120     
   13.761950973782987     
   13.758238200340326     
   13.754453184822236     
   13.750597095267674     
   13.746671038887316     
   13.742676066808096     
   13.738613178305787     
   13.734483324594422     
   13.730287412230346     
   13.726026306179788     
   13.721700832591429     
   13.717311781309318     
   13.712859908156538     
   13.708345937015647     
   13.703770561728527     
   13.699134447835130     
   13.694438234168222     
   13.689682534318964     
   13.684867937986342     
   13.679995012221953     
   13.675064302580241     
   13.670076334183076     
   13.665031612706620     
   13.659930625297564     
   13.654773841424884     
   13.649561713672874     
   13.644294678480316     
   13.638973156830415     
   13.633597554895450     
   13.628168264639827     
   13.622685664384818     
   13.617150119337929     
   13.611561982089635     
   13.605921593079882     
   13.600229281036624     
   13.594485363388348     
   13.588690146652503     
   13.582843926801479     
   13.576946989607659     
   13.570999610969002     
   13.565002057216399     
   13.558954585404024     
   13.552857443583758     
   13.546710871064681     
   13.540515098658581     
   13.534270348912303     
   13.527976836327751     
   13.521634767570260     
   13.515244341666033     
   13.508805750189216     
   13.502319177439245     
   13.495784800609000     
   13.489202789944208     
   13.482573308894636     
   13.475896514257439     
   13.469172556313113     
   13.462401578954411     
   13.455583719808564     
   13.448719110353123     
   13.441807876025777     
   13.434850136328381     
   13.427846004925456     
   13.420795589737454     
   13.413698993028980     
   13.406556311492224     
   13.399367636325760     
   13.392133053308955     
   13.384852642872119     
   13.377526480162608     
   13.370154635106992     
   13.362737172469478     
   13.355274151906698     
   13.347765628019014     
   13.340211650398418     
   13.332612263673200     
   13.324967507549456     
   13.317277416849530     
   13.309542021547518     
   13.301761346801868     
   13.293935412985222     
   13.286064235711544     
   13.278147825860573     
   13.270186189599743     
   13.262179328403567     
   13.254127239070597     
   13.246029913737948     
   13.237887339893515     
   13.229699500385866     
   13.221466373431896     
   13.213187932622239     
   13.204864146924532     
   13.196494980684522     
   13.188080393625055     
   13.179620340842991     
   13.171114772804049     
   13.162563635335616     
   13.153966869617536     
   13.145324412170927     
   13.136636194844984     
   13.127902144801817     
   13.119122184499355     
   13.110296231672276     
   13.101424199310989     
   13.092505995638712     
   13.083541524086581     
   13.074530683266840     
   13.065473366944092     
   13.056369464004616     
   13.047218858423737     
   13.038021429231254     
   13.028777050474883     
   13.019485591181766     
   13.010146915317989     
   13.000760881746084     
   12.991327344180538     
   12.981846151141278     
   12.972317145905100     
   12.962740166455019     
   12.953115045427547     
   12.943441610057839     
   12.933719682122716     
   12.923949077881478     
   12.914129608014557     
   12.904261077559909     
   12.894343285847148     
   12.884376026429372     
   12.874359087012655     
   12.864292249383132     
   12.854175289331701     
   12.844007976576219     
   12.833790074681202     
   12.823521340974970     
   12.813201526464150     
   12.802830375745540     
   12.792407626915248     
   12.781933011475040     
   12.771406254235865     
   12.760827073218465     
   12.750195179551032     
   12.739510277363831     
   12.728772063680708     
   12.717980228307439     
   12.707134453716820     
   12.696234414930405     
   12.685279779396874     
   12.674270206866868     
   12.663205349264249     
   12.652084850553686     
   12.640908346604460     
   12.629675465050404     
   12.618385825145854     
   12.607039037617547     
   12.595634704512301     
   12.584172419040399     
   12.572651765414536     
   12.561072318684250     
   12.549433644565639     
   12.537735299266293     
   12.525976829305272     
   12.514157771327985     
   12.502277651915849     
   12.490335987390548     
   12.478332283612744     
   12.466266035775059     
   12.454136728189196     
   12.441943834066963     
   12.429686815295058     
   12.417365122203428     
   12.404978193326953     
   12.392525455160298     
   12.380006321905716     
   12.367420195213528     
   12.354766463915114     
   12.342044503748120     
   12.329253677073684     
   12.316393332585360     
   12.303462805009532     
   12.290461414796983     
   12.277388467805373     
   12.264243254972287     
   12.251025051978562     
   12.237733118901556     
   12.224366699858017     
   12.210925022636207     
   12.197407298316890     
   12.183812720882829     
   12.170140466816378     
   12.156389694684743     
   12.142559544712508     
   12.128649138340949     
   12.114657577773674     
   12.100583945508109     
   12.086427303852304     
   12.072186694426549     
   12.057861137649239     
   12.043449632206382     
   12.028951154504204     
   12.014364658104185     
   11.999689073139873     
   11.984923305714812     
   11.970066237280856     
   11.955116723996127     
   11.940073596061850     
   11.924935657037231     
   11.909701683131569     
   11.894370422472676     
   11.878940594350707     
   11.863410888436416     
   11.847779963972839     
   11.832046448939344     
   11.816208939186930     
   11.800265997543640     
   11.784216152888845     
   11.768057899195156     
   11.751789694536630     
   11.735409960061871     
   11.718917078930577     
   11.702309395211987     
   11.685585212743657     
   11.668742793948848     
   11.651780358610811     
   11.634696082602067     
   11.617488096566779     
   11.600154484554167     
   11.582693282600827     
   11.565102477259721     
   11.547380004073448     
   11.529523745989346     
   11.511531531713807     
   11.493401134003038     
   11.475130267887424     
   11.456716588826430     
   11.438157690790851     
   11.419451104269029     
   11.400594294193539     
   11.381584657784527     
   11.362419522305851     
   11.343096142729800     
   11.323611699306054     
   11.303963295030261     
   11.284147953007295     
   11.264162613704128     
   11.244004132086834     
   11.223669274635963     
   11.203154716234215     
   11.182457036920008     
   11.161572718500125     
   11.140498141014232     
   11.119229579043685     
   11.097763197856510     
   11.076095049380077     
   11.054221067992337     
   11.032137066122093     
   11.009838729648020     
   10.987321613085738     
   10.964581134551377     
   10.941612570489465     
   10.918411050152192     
   10.894971549816303     
   10.871288886722926     
   10.847357712724818     
   10.823172507624410     
   10.798727572185006     
   10.774017020796345     
   10.749034773774444     
   10.723774549274394     
   10.698229854793270     
   10.672393978238844     
   10.646259978538085     
   10.619820675757728     
   10.593068640707196     
   10.565996183992175     
   10.538595344484897     
   10.510857877174777     
   10.482775240360519     
   10.454338582141999     
   10.425538726167190     
   10.396366156586318     
   10.366811002161667     
   10.336863019477939     
   10.306511575193827     
   10.275745627271055     
   10.244553705112381     
   10.212923888534846     
   10.180843785498954     
   10.148300508508321     
   10.115280649587790     
   10.081770253740826     
   10.047754790779191     
   10.013219125409519     
   9.9781474854522152     
   9.9425234280581964     
   9.9063298037781262     
   9.8695487183271187     
   9.8321614918750981     
   9.7941486156791999     
   9.7554897058594499     
   9.7161634541027002     
   9.6761475750619947     
   9.6354187501992286     
   9.5939525677980519     
   9.5517234588512512     
   9.5087046285021621     
   9.4648679826930806     
   9.4201840496446714     
   9.3746218957593008     
   9.3281490355075167     
   9.2807313348207821     
   9.2323329074747065     
   9.1829160039055715     
   9.1324408918586535     
   9.0808657282200205     
   9.0281464213341387     
   8.9742364830581156     
   8.9190868697500196     
   8.8626458113344899     
   8.8048586275343705     
   8.7456675303040114     
   8.6850114114499775     
   8.6228256143807691     
   8.5590416888922203     
   8.4935871278740809     
   8.4263850848219430     
   8.3573540710650107     
   8.2864076316846091     
   8.2134539992142503     
   8.1383957243969469     
   8.0611292835519190     
   7.9815446625000357     
   7.8995249175527693     
   7.8149457148312935     
   7.7276748502122343     
   7.6375717535728898     
   7.5444869828311516     
   7.4482617156695348     
   7.3487272499561076     
   7.2457045279232846     
   7.1390037043785011     
   7.0284237858883758     
   6.9137523763421527     
   6.7947655749513869     
   6.6712280860039570     
   6.5428936159807982     
   6.4095056533061641     
   6.2707987491752855     
   6.1265004443041970     
   5.9763340150260715     
   5.8200222405762743     
   5.6572924172817824     
   5.4878828572790042     
   5.3115510977033944     
   5.1280839941407210     
   4.9373097570720885     
   4.7391117858491398     
   4.5334438371273897     
   4.3203456235230808     
   4.0999573975312389     
   3.8725315186997999     
   3.6384385901670560     
   3.3981657139600450     
   3.1523049866472541     
   2.9015316487825320     
   2.6465731586504346     
   2.3881724111192728     
   2.1270497132852366     
   1.8638684335517555     
   1.5992083540164383     
   1.3335490565060457     
   1.0672638056675907     
  0.80062293638676441     
  0.53380499510957014     
  0.26691380374395945     
   0.0000000000000000     
