 resultados:   48516.734369227284        3.6940330676571258E-003   34.938769444746534     
 resultados:   58760296.972259372        4.6433626587537286E-007   34.938772278813708     
 resultados:   9.2791180264994839E-005   395797341.39617401        34.938761430817742     
 resultados:   3.7891439866948704E-003   3624847.8689839114        34.938762911678474     
 resultados:   121719985293.05521        2.9599119917845361E-011   34.938775327133072     
 resultados:  0.11783950444902420        46854.705948563336        34.938764283812205     
 resultados:   1.6656746356532036E-008   21705980892959.355        34.938757987576373     
 resultados:   1451.4037651755486       0.31311503057686280        34.938768043792486     
 resultados:   1.3040000813497759E-003   13975992.957897013        34.938762485847271     
 resultados:   1.2498972586703329E-008   31214929570835.559        34.938757872937735     
 resultados:   10733076210063.980        1.0235859117568959E-013   34.938777115308305     
 resultados:   58760296.972259372        4.6433626587537286E-007   34.938772278813708     
 resultados:   9.2791180264994839E-005   395797341.39617401        34.938761430817742     
 resultados:   3.7891439866948704E-003   3624847.8689839114        34.938762911678474     
 resultados:   121719985293.05521        2.9599119917845361E-011   34.938775327133072     
 resultados:  0.11783950444902420        46854.705948563336        34.938764283812205     
 resultados:   1.6656746356532036E-008   21705980892959.355        34.938757987576373     
 resultados:   2717603.6407326246        2.2681118883382483E-005   34.938771051776989     
 resultados:   1.3040000813497759E-003   13975992.957897013        34.938762485847271     
 resultados:   1.8848484668643076E-005   2973313058.2658982        34.938760794520604     
 resultados:   1852.8862253728587       0.22989132866677667        34.938768141283177     
 resultados:   58760296.972259372        4.6433626587537286E-007   34.938772278813708     
 resultados:   9.2791180264994839E-005   395797341.39617401        34.938761430817742     
 resultados:   502526.75814957434        1.9188706906828949E-004   34.938770377979424     
 resultados:   121719985293.05521        2.9599119917845361E-011   34.938775327133072     
 resultados:  0.11783950444902420        46854.705948563336        34.938764283812205     
 resultados:   1.6656746356532036E-008   21705980892959.355        34.938757987576373     
 resultados:   1653024914.9660356        6.8139414926680599E-009   34.938773610912662     
 resultados:   1.3040000813497759E-003   13975992.957897013        34.938762485847271     
 resultados:   1.8848484668643076E-005   2973313058.2658982        34.938760794520604     
 resultados:   1852.8862253728587       0.22989132866677667        34.938768141283177     
 resultados:   58760296.972259372        4.6433626587537286E-007   34.938772278813708     
 resultados:   9.2791180264994839E-005   395797341.39617401        34.938761430817742     
 resultados:   72297887.510490254        3.5720489136996716E-007   34.938772361579879     
 resultados:   10733076210063.980        1.0235859117568959E-013   34.938777115308305     
 resultados:  0.11783950444902420        46854.705948563336        34.938764283812205     
 resultados:   1.6656746356532036E-008   21705980892959.355        34.938757987576373     
 resultados:   13183256590.874918        4.9268282844029801E-010   34.938774439794216     
 resultados:   1.3040000813497759E-003   13975992.957897013        34.938762485847271     
 resultados:   3.6204172732026478E-010   2756088122743860.0        34.938756459103992     
 resultados:   448367.65359005501        2.2166730108849251E-004   34.938770332456173     
 resultados:   10274.882546523848        2.6323875723777323E-002   34.938768825101057     
 resultados:   9.2791180264994839E-005   395797341.39617401        34.938761430817742     
 resultados:   10733076210063.980        1.0235859117568959E-013   34.938777115308305     
 resultados:   121719985293.05521        2.9599119917845361E-011   34.938775327133072     
 resultados:   1421737651.3460715        8.2454496088370631E-009   34.938773550741956     
 resultados:   349.37197175499318        1.8975483948527330        34.938767475267817     
 resultados:   13.498685789483465        116.36717219529538        34.938766176443032     
 resultados:   1.3040000813497759E-003   13975992.957897013        34.938762485847271     
 resultados:   1.8848484668643076E-005   2973313058.2658982        34.938760794520604     
 resultados:   1852.8862253728587       0.22989132866677667        34.938768141283177     
 resultados:   1.2101913239966375        2460.2818340143062        34.938765213639790     
 resultados:   1.6913868568284405E-003   10056938.186028464        34.938762589684863     
 resultados:   502526.75814957434        1.9188706906828949E-004   34.938770377979424     
 resultados:   121719985293.05521        2.9599119917845361E-011   34.938775327133072     
 resultados:  0.11783950444902420        46854.705948563336        34.938764283812205     
 resultados:   349.37197175499318        1.8975483948527330        34.938767475267817     
 resultados:   1.3838567868244495E-006   80936258841.655792        34.938759751979013     
 resultados:   1.3040000813497759E-003   13975992.957897013        34.938762485847271     
 resultados:   1.8848484668643076E-005   2973313058.2658982        34.938760794520604     
 resultados:   2.1655895113072544E-004   135460827.95636106        34.938761769146687     
 resultados:   1.2101913239966375        2460.2818340143062        34.938765213639790     
 resultados:   1.6913868568284405E-003   10056938.186028464        34.938762589684863     
 resultados:   502526.75814957434        1.9188706906828949E-004   34.938770377979424     
 resultados:   10733076210063.980        1.0235859117568959E-013   34.938777115308305     
 resultados:   2650848.9207576378        2.3406119673034241E-005   34.938771041848590     
 resultados:   7439131.0176169574        6.3441487769205925E-006   34.938771453775864     
 resultados:   2717603.6407326246        2.2681118883382483E-005   34.938771051776989     
 resultados:   1.3040000813497759E-003   13975992.957897013        34.938762485847271     
 resultados:   1.8848484668643076E-005   2973313058.2658982        34.938760794520604     
 resultados:   1852.8862253728587       0.22989132866677667        34.938768141283177     
 resultados:   16491526.328149728        2.3172120661532951E-006   34.938771771578459     
 resultados:   1.5179482030372386E-005   3910104786.2397308        34.938760708098016     
 resultados:   502526.75814957434        1.9188706906828949E-004   34.938770377979424     
 resultados:   121719985293.05521        2.9599119917845361E-011   34.938775327133072     
 resultados:   1.6578022192731308E-003   10315385.005337961        34.938762581678425     
 resultados:   3.7462693266828773E-008   7784651733942.6270        34.938758311142394     
 resultados:   13.498685789483465        116.36717219529538        34.938766176443032     
 resultados:  0.49674340807458861        7590.0038552357755        34.938764858165470     
 resultados:   1.8848484668643076E-005   2973313058.2658982        34.938760794520604     
 resultados:   1.3550565794252446E-003   13313136.582751285        34.938762501179333     
 resultados:   1.2101913239966375        2460.2818340143062        34.938765213639790     
 resultados:   1.6913868568284405E-003   10056938.186028464        34.938762589684863     
 resultados:   502526.75814957434        1.9188706906828949E-004   34.938770377979424     
 resultados:   10733076210063.980        1.0235859117568959E-013   34.938777115308305     
 resultados:   714.27263493601345       0.76784045908921750        34.938767760748874     
 resultados:   349.37197175499318        1.8975483948527330        34.938767475267817     
 resultados:   182.25890066567263        4.3223545199057520        34.938767215502864     
 resultados:  0.49674340807458861        7590.0038552357755        34.938764858165470     
 resultados:  0.98849836672995561        3178.0657583711559        34.938765132862365     
 resultados:   1852.8862253728587       0.22989132866677667        34.938768141283177     
 resultados:   12757.450140884934        2.0019035924226679E-002   34.938768911493810     
 resultados:   2.9811901399415621E-009   191378080983436.66        34.938757300750737     
 resultados:   502526.75814957434        1.9188706906828949E-004   34.938770377979424     
 resultados:   1.8511968613310739E-002   487215.07213530858        34.938763544925052     
 resultados:   42152258.974651963        7.0687979848302556E-007   34.938772146207192     
 resultados:  0.11210741810662370        49905.887097960098        34.938764263905533     
 resultados:   13.498685789483465        116.36717219529538        34.938766176443032     
 resultados:   436.72202430511521        1.4308012288849863        34.938767564353846     
 resultados:   596875.31444047368        1.5435080353232587E-004   34.938770446666041     
 resultados:   12403.160658397099        2.0745204706599914E-002   34.938768900250622     
 resultados:   2.1582417998880117        1183.3782084676839        34.938765444584867     
 resultados:   1.6913868568284405E-003   10056938.186028464        34.938762589684863     
 resultados:   502526.75814957434        1.9188706906828949E-004   34.938770377979424     
 resultados:   1.8511968613310739E-002   487215.07213530858        34.938763544925052     
 resultados:   714.27263493601345       0.76784045908921750        34.938767760748874     
 resultados:   2804.0328868226379       0.13610702975249253        34.938768306678625     
 resultados:   3793.6282105918626        9.2854638746748513E-002   34.938768427343390     
 resultados:   436.72202430511521        1.4308012288849863        34.938767564353846     
 resultados:  0.67153369319004852        5183.1060077421389        34.938764978521405     
 resultados:   1852.8862253728587       0.22989132866677667        34.938768141283177     
 resultados:   2.1582417998880117        1183.3782084676839        34.938765444584867     
 resultados:   1.6913868568284405E-003   10056938.186028464        34.938762589684863     
 resultados:   502526.75814957434        1.9188706906828949E-004   34.938770377979424     
 resultados:   1.8511968613310739E-002   487215.07213530858        34.938763544925052     
 resultados:   714.27263493601345       0.76784045908921750        34.938767760748874     
 resultados:   6.4865152696962635E-006   11463980319.933212        34.938760368688044     
 resultados:  0.23064344656648883        20034.340290861637        34.938764551896725     
 resultados:   436.72202430511521        1.4308012288849863        34.938767564353846     
 resultados:  0.35704003778601107        11526.095293268647        34.938764726338405     
 resultados:   2.6455053181865797        914.69107627370590        34.938765525849888     
 resultados:   2.1582417998880117        1183.3782084676839        34.938765444584867     
 resultados:  0.12912850389896832        41733.777442826227        34.938764320333092     
 resultados:   502526.75814957434        1.9188706906828949E-004   34.938770377979424     
 resultados:   1.8511968613310739E-002   487215.07213530858        34.938763544925052     
 resultados:   9.1358287806676159        190.68945922440378        34.938766020598820     
 resultados:   349.37197175499318        1.8975483948527330        34.938767475267817     
 resultados:   241172.38368485551        4.8574925688793969E-004   34.938770084909756     
 resultados:   8.7564516017045381E-004   23130651.000205297        34.938762326872343     
 resultados:   1380.3839020310904       0.33363317426346223        34.938768023764645     
 resultados:   2.6455053181865797        914.69107627370590        34.938765525849888     
 resultados:   1438.4045886124650       0.31669926106538332        34.938768040201005     
 resultados:   1.2523128224043796        2356.0603824455889        34.938765227297978     
 resultados:   502526.75814957434        1.9188706906828949E-004   34.938770377979424     
 resultados:   13.523877702613147        116.09300122868935        34.938766177187354     
 resultados:   541.39526303965977        1.0902597052244114        34.938767650123701     
 resultados:   349.37197175499318        1.8975483948527330        34.938767475267817     
 resultados:   13.498685789483465        116.36717219529538        34.938766176443032     
 resultados:   436.72202430511521        1.4308012288849863        34.938767564353846     
 resultados:   1380.3839020310904       0.33363317426346223        34.938768023764645     
 resultados:   276.24724873921150        2.5540215245848841        34.938767381518645     
 resultados:   2.1582417998880117        1183.3782084676839        34.938765444584867     
 resultados:   12.108344958244423        133.52221871263546        34.938766133050692     
 resultados:   502526.75814957434        1.9188706906828949E-004   34.938770377979424     
 resultados:  0.24417415155323183        18640.261746714157        34.938764574654769     
 resultados:   403493.05377290037        2.5330441215529756E-004   34.938770290358505     
 resultados:   349.37197175499318        1.8975483948527330        34.938767475267817     
 resultados:   13.498685789483465        116.36717219529538        34.938766176443032     
 resultados:   644.59474038698886       0.87431399980241120        34.938767719773516     
 resultados:  0.18588482943572224        26321.766305203215        34.938764465770397     
 resultados:   276.24724873921150        2.5540215245848841        34.938767381518645     
 resultados:   2.1582417998880117        1183.3782084676839        34.938765444584867     
 resultados:   12.108344958244423        133.52221871263546        34.938766133050692     
 resultados:   502526.75814957434        1.9188706906828949E-004   34.938770377979424     
 resultados:   13.523877702613147        116.09300122868935        34.938766177187354     
 resultados:   2.6410102992753877E-002   310804.70203866606        34.938763686773491     
 resultados:   37.341858321309729        32.118833910644852        34.938766582641072     
 resultados:   53.679293921900296        20.293644710491563        34.938766727516793     
 resultados:   663854.66451291239        1.3491892549334435E-004   34.938770489123279     
 resultados:   1380.3839020310904       0.33363317426346223        34.938768023764645     
 resultados:   276.24724873921150        2.5540215245848841        34.938767381518645     
 resultados:  0.25298070783511134        17823.147479833977        34.938764588799138     
 resultados:   8.6792400266575878E-002   68988.289543447274        34.938764161734149     
 resultados:   502526.75814957434        1.9188706906828949E-004   34.938770377979424     
 resultados:   13.523877702613147        116.09300122868935        34.938766177187354     
 resultados:   218.85130179220346        3.4291929196980417        34.938767288542756     
 resultados:   37.341858321309729        32.118833910644852        34.938766582641072     
 resultados:   53.679293921900296        20.293644710491563        34.938766727516793     
 resultados:   436.72202430511521        1.4308012288849863        34.938767564353846     
 resultados:   46128.381767716630        3.9376477412787379E-003   34.938769424594618     
 resultados:   276.24724873921150        2.5540215245848841        34.938767381518645     
 resultados:   2.1582417998880117        1183.3782084676839        34.938765444584867     
 resultados:   92.417864874596575        10.205904657033747        34.938766944400960     
 resultados:   44.760681919729500        25.538320257528319        34.938766654982722     
 resultados:   24.440667134691850        54.909850333410162        34.938766413432312     
 resultados:   9.1358287806676159        190.68945922440378        34.938766020598820     
 resultados:   37.341858321309729        32.118833910644852        34.938766582641072     
 resultados:   53.679293921900296        20.293644710491563        34.938766727516793     
 resultados:   436.72202430511521        1.4308012288849863        34.938767564353846     
 resultados:   1380.3839020310904       0.33363317426346223        34.938768023764645     
 resultados:   1037.1970543169125       0.47898495701656535        34.938767909656576     
 resultados:   27.257738661902003        47.831284710669415        34.938766456980979     
 resultados:   92.417864874596575        10.205904657033747        34.938766944400960     
 resultados:   18.355769201235987        78.878434661838810        34.938766299138706     
 resultados:  0.34932451149563770        11849.108342521879        34.938764717617175     
 resultados:   75.156247813048381        13.257127607010357        34.938766861865325     
 resultados:   37.341858321309729        32.118833910644852        34.938766582641072     
 resultados:   53.679293921900296        20.293644710491563        34.938766727516793     
 resultados:   436.72202430511521        1.4308012288849863        34.938767564353846     
 resultados:   149.78325558089927        5.5404175619037908        34.938767137163694     
 resultados:   276.24724873921150        2.5540215245848841        34.938767381518645     
 resultados:   27.257738661902003        47.831284710669415        34.938766456980979     
 resultados:   92.417864874596575        10.205904657033747        34.938766944400960     
 resultados:   116.59997981756885        7.6058037963814522        34.938767037187233     
 resultados:   10.878773634836893        152.89336943564706        34.938766090303496     
 resultados:   255.65172052872924        2.8170563473162118        34.938767350588300     
 resultados:   37.341858321309729        32.118833910644852        34.938766582641072     
 resultados:   53.679293921900296        20.293644710491563        34.938766727516793     
 resultados:   436.72202430511521        1.4308012288849863        34.938767564353846     
 resultados:   149.78325558089927        5.5404175619037908        34.938767137163694     
 resultados:   16.965265209057403        87.144734346983924        34.938766267691136     
 resultados:   116.89901103002349        7.5811977529845658        34.938767038209711     
 resultados:   92.417864874596575        10.205904657033747        34.938766944400960     
 resultados:   44.760681919729500        25.538320257528319        34.938766654982722     
 resultados:   12.321257929904897        130.60990131591771        34.938766140009271     
 resultados:   35.198121620717352        34.613382713810516        34.938766559039323     
 resultados:   37.341858321309729        32.118833910644852        34.938766582641072     
 resultados:   171.06751918577626        4.6831549268199772        34.938767190205411     
 resultados:   355.12853973048681        1.8587180464660849        34.938767481791849     
 resultados:   87.448407381144776        10.945105348172662        34.938766922336484     
 resultados:   10.966450241120254        151.34853040895572        34.938766093507937     
 resultados:   27.257738661902003        47.831284710669415        34.938766456980979     
 resultados:   9.2326147066337008        188.16396122486128        34.938766024805773     
 resultados:   44.760681919729500        25.538320257528319        34.938766654982722     
 resultados:   75.038349711041661        13.283484958494103        34.938766861238605     
 resultados:   35.198121620717352        34.613382713810516        34.938766559039323     
 resultados:   95.091008398958124        9.8442951295308436        34.938766955783876     
 resultados:   33.525401241330599        36.812562832311436        34.938766539602398     
 resultados:   165.62703322003122        4.8786138575590883        34.938767177303234     
 resultados:   87.448407381144776        10.945105348172662        34.938766922336484     
 resultados:   16.965265209057403        87.144734346983924        34.938766267691136     
 resultados:   36.493453862712272        33.066412050512312        34.938766573466580     
 resultados:   56.892621371012424        18.854558113953679        34.938766750725783     
 resultados:   44.760681919729500        25.538320257528319        34.938766654982722     
 resultados:   24.440667134691850        54.909850333410162        34.938766413432312     
 resultados:   36.852452813934875        32.659416499207808        34.938766577374494     
 resultados:   37.341858321309729        32.118833910644852        34.938766582641072     
 resultados:   31.806259965383870        39.347657799159698        34.938766518588238     
 resultados:   165.62703322003122        4.8786138575590883        34.938767177303234     
 resultados:   26.959989135912096        48.500576461238538        34.938766452596305     
 resultados:   16.965265209057403        87.144734346983924        34.938766267691136     
 resultados:   27.257738661902003        47.831284710669415        34.938766456980979     
 resultados:   14.588968730409871        105.47593910822434        34.938766207450463     
 resultados:   44.760681919729500        25.538320257528319        34.938766654982722     
 resultados:   35.861571625444647        33.805236437268569        34.938766566493861     
 resultados:   35.198121620717352        34.613382713810516        34.938766559039323     
 resultados:   150.88346941529355        5.4893558304260317        34.938767140085275     
 resultados:   31.806259965383870        39.347657799159698        34.938766518588238     
 resultados:   66.310563476567609        15.532834563726080        34.938766811877109     
 resultados:   26.959989135912096        48.500576461238538        34.938766452596305     
 resultados:   16.965265209057403        87.144734346983924        34.938766267691136     
 resultados:   27.257738661902003        47.831284710669415        34.938766456980979     
 resultados:   45.390058436299370        25.091144029377258        34.938766660556787     
 resultados:   27.272137566575950        47.799337694757170        34.938766457191804     
 resultados:   37.789872535565927        31.637851257144384        34.938766587402057     
 resultados:   35.198121620717352        34.613382713810516        34.938766559039323     
 resultados:   43.071485376764400        26.811975666698196        34.938766639625811     
 resultados:   26.131158249414050        50.454920080719255        34.938766440130998     
 resultados:   66.310563476567609        15.532834563726080        34.938766811877109     
 resultados:   20.619167135845785        68.088004055860210        34.938766345556893     
 resultados:   58.376096651980504        18.250435368489910        34.938766761001602     
 resultados:   27.257738661902003        47.831284710669415        34.938766456980979     
 resultados:   28.640772821121185        44.928093471639258        34.938766476739076     
 resultados:   22.033290430695477        62.607183119793561        34.938766372037392     
 resultados:   24.440667134691850        54.909850333410162        34.938766413432312     
 resultados:   35.198121620717352        34.613382713810516        34.938766559039323     
 resultados:   17.973866961396435        81.004725412424449        34.938766290745441     
 resultados:   59.727642037965744        17.729534862513255        34.938766770138734     
 resultados:   66.310563476567609        15.532834563726080        34.938766811877109     
 resultados:   17.211369749013290        85.571270466334866        34.938766273440521     
 resultados:   58.376096651980504        18.250435368489910        34.938766761001602     
 resultados:   28.844538834159000        44.526934142260991        34.938766479569168     
 resultados:   20.033343243441955        70.616668039874369        34.938766334050648     
 resultados:   24.095994879654960        55.905416223114976        34.938766407762515     
 resultados:   24.440667134691850        54.909850333410162        34.938766413432312     
 resultados:   36.137788907212709        33.478670781689566        34.938766569556869     
 resultados:   75.460300877991273        13.189583666981832        34.938766863477085     
 resultados:   26.291774626898139        50.065283759934850        34.938766442577212     
 resultados:   50.846333632626873        21.734541451791653        34.938766705872276     
 resultados:   26.959989135912096        48.500576461238538        34.938766452596305     
 resultados:   52.783764709056641        20.730210311341096        34.938766720800736     
 resultados:   28.844538834159000        44.526934142260991        34.938766479569168     
 resultados:   28.640772821121185        44.928093471639258        34.938766476739076     
 resultados:   27.272137566575950        47.799337694757170        34.938766457191804     
 resultados:   24.440667134691850        54.909850333410162        34.938766413432312     
 resultados:   34.033749155095201        36.118303552178752        34.938766545610108     
 resultados:   50.522084981645406        21.911167415939602        34.938766703318400     
 resultados:   30.556585648810554        41.394453452516004        34.938766502587029     
 resultados:   71.428126996203133        14.138513097589239        34.938766841554866     
 resultados:   27.854706755502967        46.538099481409795        34.938766465629506     
 resultados:   52.783764709056641        20.730210311341096        34.938766720800736     
 resultados:   28.844538834159000        44.526934142260991        34.938766479569168     
 resultados:   28.640772821121185        44.928093471639258        34.938766476739076     
 resultados:   27.272137566575950        47.799337694757170        34.938766457191804     
 resultados:   24.440667134691850        54.909850333410162        34.938766413432312     
 resultados:   34.033749155095201        36.118303552178752        34.938766545610108     
 resultados:   37.341858321309729        32.118833910644852        34.938766582641072     
 resultados:   26.291774626898139        50.065283759934850        34.938766442577212     
 resultados:   77.379336743779518        12.777117301882910        34.938766873502303     
 resultados:   30.926232623781047        40.769496743006272        34.938766507387264     
 resultados:   52.783764709056641        20.730210311341096        34.938766720800736     
 resultados:   28.844538834159000        44.526934142260991        34.938766479569168     
 resultados:   28.640772821121185        44.928093471639258        34.938766476739076     
 resultados:   23.260225556961252        58.458768442873577        34.938766393670335     
 resultados:   24.440667134691850        54.909850333410162        34.938766413432312     
 resultados:   34.033749155095201        36.118303552178752        34.938766545610108     
 resultados:   35.733757564694869        33.958284559874897        34.938766565068519     
 resultados:   16.564471635664226        89.820853096026241        34.938766258147034     
 resultados:   30.569767463004716        41.371872682323833        34.938766502759208     
 resultados:   27.854706755502967        46.538099481409795        34.938766465629506     
 resultados:   52.783764709056641        20.730210311341096        34.938766720800736     
 resultados:   32.014582626128572        39.024011586878629        34.938766521194388     
 resultados:   28.640772821121185        44.928093471639258        34.938766476739076     
 resultados:   27.272137566575950        47.799337694757170        34.938766457191804     
 resultados:   24.440667134691850        54.909850333410162        34.938766413432312     
 resultados:   34.033749155095201        36.118303552178752        34.938766545610108     
 resultados:   34.717911519287782        35.220193188101732        34.938766553555475     
 resultados:   30.791142906430974        40.995920745085535        34.938766505639677     
 resultados:   24.251683121340676        55.451750631299298        34.938766410333535     
 resultados:   26.011579547001450        50.748545269878953        34.938766438300014     
 resultados:   31.372399602355848        40.037345228963495        34.938766513105342     
 resultados:   28.844538834159000        44.526934142260991        34.938766479569168     
 resultados:   28.640772821121185        44.928093471639258        34.938766476739076     
 resultados:   28.455813571519002        45.297866206707575        34.938766474152700     
 resultados:   24.440667134691850        54.909850333410162        34.938766413432312     
 resultados:   34.033749155095201        36.118303552178752        34.938766545610108     
 resultados:   34.717911519287782        35.220193188101732        34.938766553555475     
 resultados:   26.291774626898139        50.065283759934850        34.938766442577212     
 resultados:   48.841357484593303        22.869406391250195        34.938766689812120     
 resultados:   27.854706755502967        46.538099481409795        34.938766465629506     
 resultados:   24.856266151624649        53.750914043774685        34.938766420163454     
 resultados:   32.524602334331782        38.251441322168425        34.938766527503908     
 resultados:   26.586955394418450        49.363096293985436        34.938766447034133     
 resultados:   30.371109055187908        41.714534478281031        34.938766500156511     
 resultados:   24.440667134691850        54.909850333410162        34.938766413432312     
 resultados:   34.033749155095201        36.118303552178752        34.938766545610108     
 resultados:   34.717911519287782        35.220193188101732        34.938766553555475     
 resultados:   26.291774626898139        50.065283759934850        34.938766442577212     
 resultados:   33.197164853063185        37.273654932531706        34.938766535674667     
 resultados:   32.047385828597733        38.973483253506572        34.938766521603220     
 resultados:   31.372399602355848        40.037345228963495        34.938766513105342     
 resultados:   28.844538834159000        44.526934142260991        34.938766479569168     
 resultados:   25.799733650490914        51.276307561366629        34.938766435035475     
 resultados:   28.455813571519002        45.297866206707575        34.938766474152700     
 resultados:   28.135581667071342        45.951113785047802        34.938766469634736     
 resultados:   32.323637102389313        38.552564477577121        34.938766525029635     
 resultados:   32.497170857572584        38.292295681326436        34.938766527167083     
 resultados:   26.291774626898139        50.065283759934850        34.938766442577212     
 resultados:   30.569767463004716        41.371872682323833        34.938766502759208     
 resultados:   27.854706755502967        46.538099481409795        34.938766465629506     
 resultados:   31.372399602355848        40.037345228963495        34.938766513105342     
 resultados:   23.758245932399173        56.912781032243231        34.938766402127378     
 resultados:   27.890212064407098        46.463159224694458        34.938766466138034     
 resultados:   28.945133364216343        44.331248179231444        34.938766480958954     
 resultados:   27.990130132875088        46.253419607798143        34.938766467565642     
 resultados:   32.323637102389313        38.552564477577121        34.938766525029635     
 resultados:   28.837753513710481        44.540189261949486        34.938766479475248     
 resultados:   26.291774626898139        50.065283759934850        34.938766442577212     
 resultados:   25.012403570471768        53.326767729562924        34.938766422663250     
 resultados:   31.736681944477702        39.456825446746521        34.938766517714008     
 resultados:   30.757157657376666        41.053238196991366        34.938766505198821     
 resultados:   28.844538834159000        44.526934142260991        34.938766479569168     
 resultados:   27.890212064407098        46.463159224694458        34.938766466138034     
 resultados:   28.455813571519002        45.297866206707575        34.938766474152700     
 resultados:   28.135581667071342        45.951113785047802        34.938766469634736     
 resultados:   32.323637102389313        38.552564477577121        34.938766525029635     
 resultados:   28.837753513710481        44.540189261949486        34.938766479475248     
 resultados:   24.003673234960974        56.177585602903598        34.938766406230073     
 resultados:   30.536641548440478        41.428660162471097        34.938766502326388     
 resultados:   25.763248681798192        51.368193693783169        34.938766434470537     
 resultados:   30.757157657376666        41.053238196991366        34.938766505198821     
 resultados:   28.844538834159000        44.526934142260991        34.938766479569168     
 resultados:   31.845528493110226        39.286284085989124        34.938766519080801     
 resultados:   28.455813571519002        45.297866206707575        34.938766474152700     
 resultados:   27.939114195983372        46.360295690360438        34.938766466837379     
 resultados:   32.323637102389313        38.552564477577121        34.938766525029635     
 resultados:   26.988997544734588        48.434634702150070        34.938766453025607     
 resultados:   26.291774626898139        50.065283759934850        34.938766442577212     
 resultados:   30.536641548440478        41.428660162471097        34.938766502326388     
 resultados:   27.854706755502967        46.538099481409795        34.938766465629506     
 resultados:   29.579412590420386        43.132035047214032        34.938766489612284     
 resultados:   26.803497914261133        48.859101358991232        34.938766450272347     
 resultados:   29.289939522252745        43.672036939294799        34.938766485686322     
 resultados:   25.885135668539750        51.062372158019215        34.938766436354733     
 resultados:   28.135581667071342        45.951113785047802        34.938766469634736     
 resultados:   32.323637102389313        38.552564477577121        34.938766525029635     
 resultados:   28.837753513710481        44.540189261949486        34.938766479475248     
 resultados:   26.291774626898139        50.065283759934850        34.938766442577212     
 resultados:   29.547737489246302        43.190540157759983        34.938766489184573     
 resultados:   27.854706755502967        46.538099481409795        34.938766465629506     
 resultados:   26.737047239113629        49.012779743925336        34.938766449281424     
 resultados:   28.844538834159000        44.526934142260991        34.938766479569168     
 resultados:   27.890212064407098        46.463159224694458        34.938766466138034     
 resultados:   29.779840014006115        42.765103710189997        34.938766492308126     
 resultados:   27.831833888200350        46.586491430136952        34.938766465301569     
 resultados:   32.323637102389313        38.552564477577121        34.938766525029635     
 resultados:   25.505414534911377        52.026034659057999        34.938766430455260     
 resultados:   28.608921577103740        44.991384966900732        34.938766476294880     
 resultados:   30.525967370175760        41.446988556429524        34.938766502186823     
 resultados:   31.391889361756164        40.005899843652081        34.938766513353265     
 resultados:   29.579412590420386        43.132035047214032        34.938766489612284     
 resultados:   28.844538834159000        44.526934142260991        34.938766479569168     
 resultados:   26.688336727441140        49.125981696278060        34.938766448553473     
 resultados:   28.455813571519002        45.297866206707575        34.938766474152700     
 resultados:   28.135581667071342        45.951113785047802        34.938766469634736     
 resultados:   31.426505061304450        39.950158682848006        34.938766513793226     
 resultados:   28.837753513710481        44.540189261949486        34.938766479475248     
 resultados:   28.568669500888042        45.071598398287549        34.938766475732812     
 resultados:   29.844507442379861        42.647904618733733        34.938766493174057     
 resultados:   28.512392928386262        45.184175192357479        34.938766474945659     
 resultados:   29.579412590420386        43.132035047214032        34.938766489612284     
 resultados:   28.844538834159000        44.526934142260991        34.938766479569168     
 resultados:   27.890212064407098        46.463159224694458        34.938766466138034     
 resultados:   30.445231391429306        41.586090034844567        34.938766501129599     
 resultados:   28.135581667071342        45.951113785047802        34.938766469634736     
 resultados:   31.443162826852369        39.923384458382358        34.938766514004769     
 resultados:   28.837753513710481        44.540189261949486        34.938766479475248     
 resultados:   28.568669500888042        45.071598398287549        34.938766475732812     
 resultados:   29.547737489246302        43.190540157759983        34.938766489184573     
 resultados:   25.522719352264108        51.981411518410184        34.938766430726020     
 resultados:   30.252363903524465        41.921790931349342        34.938766498592642     
 resultados:   28.159614990357330        45.901503424356243        34.938766469975590     
 resultados:   27.890212064407098        46.463159224694458        34.938766466138034     
 resultados:   26.865543416529331        48.716387725098897        34.938766451195363     
 resultados:   27.054607078886967        48.286082052890649        34.938766453994880     
 resultados:   31.426505061304450        39.950158682848006        34.938766513793226     
 resultados:   28.736251054183853        44.739320793128449        34.938766478067663     
 resultados:   28.568669500888042        45.071598398287549        34.938766475732812     
 resultados:   26.367598613740835        49.883210828582058        34.938766443726827     
 resultados:   28.598673988556317        45.011781866116621        34.938766476151862     
 resultados:   28.025897927120688        46.178750435284861        34.938766468075450     
 resultados:   27.817584707026256        46.616683880223420        34.938766465097139     
 resultados:   28.849986256886766        44.516297715194398        34.938766479644549     
 resultados:   28.455813571519002        45.297866206707575        34.938766474152700     
 resultados:   28.598370960116377        45.012385268869906        34.938766476147627     
 resultados:   29.749123946539257        42.820973722235813        34.938766491896153     
 resultados:   28.736251054183853        44.739320793128449        34.938766478067663     
 resultados:   28.568669500888042        45.071598398287549        34.938766475732812     
 resultados:   28.876202578770755        44.465172304418758        34.938766480007146     
 resultados:   30.530497590773127        41.439208042534091        34.938766502246061     
 resultados:   28.030382818280156        46.169402962257259        34.938766468139328     
 resultados:   28.159614990357330        45.901503424356243        34.938766469975590     
 resultados:   27.890212064407098        46.463159224694458        34.938766466138034     
 resultados:   28.455813571519002        45.297866206707575        34.938766474152700     
 resultados:   28.135581667071342        45.951113785047802        34.938766469634736     
 resultados:   28.151419273795728        45.918410507291831        34.938766469859388     
 resultados:   27.580747821358159        47.123693423671718        34.938766461683798     
 resultados:   29.242404794784751        43.761869399051221        34.938766485037924     
 resultados:   28.876202578770755        44.465172304418758        34.938766480007146     
 resultados:   27.854706755502967        46.538099481409795        34.938766465629506     
 resultados:   28.030382818280156        46.169402962257259        34.938766468139328     
 resultados:   28.159614990357330        45.901503424356243        34.938766469975590     
 resultados:   27.890212064407098        46.463159224694458        34.938766466138034     
 resultados:   28.319053227181865        45.574799520483403        34.938766472229482     
 resultados:   28.135581667071342        45.951113785047802        34.938766469634736     
 resultados:   28.151419273795728        45.918410507291831        34.938766469859388     
 resultados:   28.865827986044810        44.485391602945448        34.938766479863695     
 resultados:   28.568669500888042        45.071598398287549        34.938766475732812     
 resultados:   28.876202578770755        44.465172304418758        34.938766480007146     
 resultados:   27.434902983183271        47.440847936109755        34.938766459567248     
 resultados:   28.235525111956829        45.745435307648421        34.938766471050279     
 resultados:   28.159614990357330        45.901503424356243        34.938766469975590     
 resultados:   27.890212064407098        46.463159224694458        34.938766466138034     
 resultados:   28.098832001006496        46.027159512408524        34.938766469112977     
 resultados:   28.135581667071342        45.951113785047802        34.938766469634736     
 resultados:   28.594150269927077        45.020791187510731        34.938766476088709     
 resultados:   28.736251054183853        44.739320793128449        34.938766478067663     
 resultados:   28.568669500888042        45.071598398287549        34.938766475732812     
 resultados:   28.876202578770755        44.465172304418758        34.938766480007146     
 resultados:   28.443576694349527        45.322522471300410        34.938766473980998     
 resultados:   27.935461835064977        46.367964181727167        34.938766466785182     
 resultados:   28.291683313596423        45.630586579117477        34.938766471843472     
 resultados:   28.162138143139490        45.896300613313805        34.938766470011359     
 resultados:   28.098832001006496        46.027159512408524        34.938766469112977     
 resultados:   28.135581667071342        45.951113785047802        34.938766469634736     
 resultados:   28.151419273795728        45.918410507291831        34.938766469859388     
 resultados:   27.654863203742515        46.963973126538853        34.938766462755105     
 resultados:   28.568669500888042        45.071598398287549        34.938766475732812     
 resultados:   28.876202578770755        44.465172304418758        34.938766480007146     
 resultados:   28.779776032464003        44.653736946218160        34.938766478671859     
 resultados:   28.036809768265673        46.156013727316953        34.938766468230845     
 resultados:   27.920580672273125        46.399232138861578        34.938766466572474     
 resultados:   28.387064873957886        45.436701357641823        34.938766473187066     
 resultados:   28.718538604197445        44.774233182069651        34.938766477821531     
 resultados:   28.135581667071342        45.951113785047802        34.938766469634736     
 resultados:   28.143645066267709        45.934458359300088        34.938766469749133     
 resultados:   27.654863203742515        46.963973126538853        34.938766462755105     
 resultados:   28.424618078512822        45.360769951752829        34.938766473714821     
 resultados:   28.486188165294340        45.236767664215456        34.938766474578593     
 resultados:   27.941447645857131        46.355397571282872        34.938766466870717     
 resultados:   28.235525111956829        45.745435307648421        34.938766471050279     
 resultados:   28.337296709592806        45.537682304399198        34.938766472486577     
 resultados:   28.162138143139490        45.896300613313805        34.938766470011359     
 resultados:   27.911975775794893        46.417329780685314        34.938766466449422     
 resultados:   28.135581667071342        45.951113785047802        34.938766469634736     
 resultados:   28.151419273795728        45.918410507291831        34.938766469859388     
 resultados:   28.008732543529060        46.214558090969867        34.938766467830867     
 resultados:   28.852474709051219        44.511440373255013        34.938766479678982     
 resultados:   28.486188165294340        45.236767664215456        34.938766474578593     
 resultados:   27.704562187565685        46.857412666728258        34.938766463471872     
 resultados:   28.522434296605613        45.164051356354584        34.938766475086226     
 resultados:   28.159614990357330        45.901503424356243        34.938766469975590     
 resultados:   28.162138143139490        45.896300613313805        34.938766470011359     
 resultados:   28.098832001006496        46.027159512408524        34.938766469112977     
 resultados:   28.478005678541503        45.253212222873422        34.938766474463911     
 resultados:   28.151419273795728        45.918410507291831        34.938766469859388     
 resultados:   28.079520691478947        46.067210587031411        34.938766468838523     
 resultados:   28.424618078512822        45.360769951752829        34.938766473714821     
 resultados:   28.486188165294340        45.236767664215456        34.938766474578593     
 resultados:   27.941447645857131        46.355397571282872        34.938766466870717     
 resultados:   28.187472266790135        45.844119414553255        34.938766470370318     
 resultados:   28.311972237357271        45.589220720127301        34.938766472129657     
 resultados:   28.429738135056041        45.350434955510373        34.938766473786721     
 resultados:   28.159750553423688        45.901223862709038        34.938766469977516     
 resultados:   28.277285670762879        45.659981846506959        34.938766471640271     
 resultados:   28.151419273795728        45.918410507291831        34.938766469859388     
 resultados:   28.079520691478947        46.067210587031411        34.938766468838523     
 resultados:   28.195449798955185        45.827709917976030        34.938766470483280     
 resultados:   28.022966234907670        46.184862540859847        34.938766468033684     
 resultados:   27.941447645857131        46.355397571282872        34.938766466870717     
 resultados:   28.121901389885060        45.979395949237301        34.938766469440587     
 resultados:   28.159614990357330        45.901503424356243        34.938766469975590     
 resultados:   28.006576776074198        46.219058619260089        34.938766467800143     
 resultados:   28.104097415808596        46.016250015801013        34.938766469187776     
 resultados:   28.135581667071342        45.951113785047802        34.938766469634736     
 resultados:   28.140618029732760        45.940709614104065        34.938766469706195     
 resultados:   28.136723309132719        45.948754999138387        34.938766469650936     
 resultados:   28.195449798955185        45.827709917976030        34.938766470483280     
 resultados:   28.105239670244771        46.013883971775108        34.938766469203998     
 resultados:   28.294576248720468        45.624684241574585        34.938766471884293     
 resultados:   28.187472266790135        45.844119414553255        34.938766470370318     
 resultados:   28.202694068674425        45.812817824352763        34.938766470585833     
 resultados:   28.162138143139490        45.896300613313805        34.938766470011359     
 resultados:   28.269996319797720        45.674877242894659        34.938766471537349     
 resultados:   28.159356441965368        45.902036617961315        34.938766469971931     
 resultados:   28.135209479263398        45.951882821933800        34.938766469629456     
 resultados:   28.136723309132719        45.948754999138387        34.938766469650936     
 resultados:   28.195449798955185        45.827709917976030        34.938766470483280     
 resultados:   28.105239670244771        46.013883971775108        34.938766469203998     
 resultados:   28.141631516449596        45.938616452345421        34.938766469720569     
 resultados:   28.187472266790135        45.844119414553255        34.938766470370318     
 resultados:   28.159614990357330        45.901503424356243        34.938766469975590     
 resultados:   28.162138143139490        45.896300613313805        34.938766470011359     
 resultados:   28.159750553423688        45.901223862709038        34.938766469977516     
 resultados:   28.159356441965368        45.902036617961315        34.938766469971931     
 resultados:   28.199777392831592        45.818812612242773        34.938766470544550     
 resultados:   28.136723309132719        45.948754999138387        34.938766469650936     
 resultados:   28.195449798955185        45.827709917976030        34.938766470483280     
 resultados:   28.105239670244771        46.013883971775108        34.938766469203998     
 resultados:   28.141631516449596        45.938616452345421        34.938766469720569     
 resultados:   28.187472266790135        45.844119414553255        34.938766470370318     
 resultados:   28.119461062365964        45.984444279510583        34.938766469405948     
 resultados:   28.168805507300906        45.882557403549100        34.938766470105861     
 resultados:   28.162366781853866        45.895829206115053        34.938766470014599     
 resultados:   28.159356441965368        45.902036617961315        34.938766469971931     
 resultados:   28.151419273795728        45.918410507291831        34.938766469859388     
 resultados:   28.136723309132719        45.948754999138387        34.938766469650936     
 resultados:   28.195449798955185        45.827709917976030        34.938766470483280     
 resultados:   28.114437628733487        45.994839432237541        34.938766469334624     
 resultados:   28.099487111806241        46.025801925707796        34.938766469122285     
 resultados:   28.206094328491716        45.805830875075948        34.938766470633958     
 resultados:   28.177652800414787        45.864332152598287        34.938766470231222     
 resultados:   28.162138143139490        45.896300613313805        34.938766470011359     
 resultados:   28.162183870733866        45.896206331486702        34.938766470012006     
 resultados:   28.123407834962943        45.976280046358539        34.938766469461974     
 resultados:   28.151419273795728        45.918410507291831        34.938766469859388     
 resultados:   28.155003011096277        45.911016183167206        34.938766469910206     
 resultados:   28.195449798955185        45.827709917976030        34.938766470483280     
 resultados:   28.129351943306492        45.963989051711131        34.938766469546344     
 resultados:   28.128829285964589        45.965069546203708        34.938766469538926     
 resultados:   28.187472266790135        45.844119414553255        34.938766470370318     
 resultados:   28.159987373960565        45.900735492612384        34.938766469980870     
 resultados:   28.162138143139490        45.896300613313805        34.938766470011359     
 resultados:   28.162366781853866        45.895829206115053        34.938766470014599     
 resultados:   28.192322377435886        45.834141658072127        34.938766470438999     
 resultados:   28.151419273795728        45.918410507291831        34.938766469859388     
 resultados:   28.180720027575735        45.858016750014031        34.938766470274672     
 resultados:   28.195449798955185        45.827709917976030        34.938766470483280     
 resultados:   28.099399501272099        46.025983476943836        34.938766469121035     
 resultados:   28.141631516449596        45.938616452345421        34.938766469720569     
 resultados:   28.194625472881935        45.829405039828671        34.938766470471613     
 resultados:   28.135680509184908        45.950909555386502        34.938766469636143     
 resultados:   28.162138143139490        45.896300613313805        34.938766470011359     
 resultados:   28.182632422750888        45.854079927625278        34.938766470301765     
 resultados:   28.190314194915835        45.838272464530242        34.938766470410563     
 resultados:   28.167577059133915        45.885089007998069        34.938766470088453     
 resultados:   28.174290578716970        45.871256736450775        34.938766470183587     
 resultados:   28.195449798955185        45.827709917976030        34.938766470483280     
 resultados:   28.137529041230252        45.947090378842447        34.938766469662369     
 resultados:   28.161880151548626        45.896832550670254        34.938766470007707     
 resultados:   28.163338460600421        45.893825896015215        34.938766470028376     
 resultados:   28.158239364341590        45.904340448190105        34.938766469956093     
 resultados:   28.162138143139490        45.896300613313805        34.938766470011359     
 resultados:   28.168259185119549        45.883683241634351        34.938766470098116     
 resultados:   28.186403323360704        45.846318991988724        34.938766470355176     
 resultados:   28.157177203561410        45.906531211445277        34.938766469941029     
 resultados:   28.155277502879020        45.910449912250726        34.938766469914100     
 resultados:   28.217371587313686        45.782671698167135        34.938766470793539     
 resultados:   28.137529041230252        45.947090378842447        34.938766469662369     
 resultados:   28.143942603424993        45.933843985564792        34.938766469753354     
 resultados:   28.163338460600421        45.893825896015215        34.938766470028376     
 resultados:   28.159987373960565        45.900735492612384        34.938766469980870     
 resultados:   28.194335244743613        45.830001883847068        34.938766470467499     
 resultados:   28.162366781853866        45.895829206115053        34.938766470014599     
 resultados:   28.155192082659891        45.910626131070096        34.938766469912885     
 resultados:   28.161706879772574        45.897189815528314        34.938766470005248     
 resultados:   28.175144977351174        45.869496902645572        34.938766470195688     
 resultados:   28.200030966749335        45.818291373504145        34.938766470548131     
 resultados:   28.137529041230252        45.947090378842447        34.938766469662369     
 resultados:   28.115657066967074        45.992315622816818        34.938766469351940     
 resultados:   28.142689032230873        45.936432539060675        34.938766469735569     
 resultados:   28.162315913453387        45.895934085810538        34.938766470013881     
 resultados:   28.162036469915503        45.896510245906136        34.938766470009917     
 resultados:   28.162366781853866        45.895829206115053        34.938766470014599     
 resultados:   28.165928546370992        45.888486680895980        34.938766470065083     
 resultados:   28.132913224420030        45.956627991822472        34.938766469596878     
 resultados:   28.155277502879020        45.910449912250726        34.938766469914100     
 resultados:   28.195449798955185        45.827709917976030        34.938766470483280     
 resultados:   28.133183769831515        45.956068868937443        34.938766469600715     
 resultados:   28.161880151548626        45.896832550670254        34.938766470007707     
 resultados:   28.163338460600421        45.893825896015215        34.938766470028376     
 resultados:   28.162493943929608        45.895567027155813        34.938766470016404     
 resultados:   28.162138143139490        45.896300613313805        34.938766470011359     
 resultados:   28.162366781853866        45.895829206115053        34.938766470014599     
 resultados:   28.165604614440678        45.889154374868262        34.938766470060493     
 resultados:   28.161706879772574        45.897189815528314        34.938766470005248     
 resultados:   28.155277502879020        45.910449912250726        34.938766469914100     
 resultados:   28.184082591092690        45.851095040481255        34.938766470322307     
 resultados:   28.137529041230252        45.947090378842447        34.938766469662369     
 resultados:   28.161880151548626        45.896832550670254        34.938766470007707     
 resultados:   28.160565472554598        45.899543379728740        34.938766469989069     
 resultados:   28.162493943929608        45.895567027155813        34.938766470016404     
 resultados:   28.162138143139490        45.896300613313805        34.938766470011359     
 resultados:   28.162366781853866        45.895829206115053        34.938766470014599     
 resultados:   28.173016060611907        45.873882129231845        34.938766470165525     
 resultados:   28.162459413305907        45.895638221096341        34.938766470015914     
 resultados:   28.155277502879020        45.910449912250726        34.938766469914100     
 resultados:   28.175497583109305        45.868770663860083        34.938766470200690     
 resultados:   28.141467549424615        45.938955083100574        34.938766469718239     
 resultados:   28.144540632364649        45.932609181697671        34.938766469761838     
 resultados:   28.163338460600421        45.893825896015215        34.938766470028376     
 resultados:   28.162493943929608        45.895567027155813        34.938766470016404     
 resultados:   28.162247401868218        45.896075342634411        34.938766470012908     
 resultados:   28.162308822258741        45.895948706362027        34.938766470013782     
 resultados:   28.165604614440678        45.889154374868262        34.938766470060493     
 resultados:   28.162459413305907        45.895638221096341        34.938766470015914     
 resultados:   28.148249464135628        45.924952551883699        34.938766469814439     
 resultados:   28.163237045820608        45.894034975552238        34.938766470026941     
 resultados:   28.141467549424615        45.938955083100574        34.938766469718239     
 resultados:   28.171829377084279        45.876326832545764        34.938766470148714     
 resultados:   28.163338460600421        45.893825896015215        34.938766470028376     
 resultados:   28.156698365777139        45.907518901130395        34.938766469934244     
 resultados:   28.162247401868218        45.896075342634411        34.938766470012908     
 resultados:   28.162366781853866        45.895829206115053        34.938766470014599     
 resultados:   28.161363058076468        45.897898747858470        34.938766470000374     
 resultados:   28.162459413305907        45.895638221096341        34.938766470015914     
 resultados:   28.155277502879020        45.910449912250726        34.938766469914100     
 resultados:   28.179951061807216        45.859599899737212        34.938766470263779     
 resultados:   28.141467549424615        45.938955083100574        34.938766469718239     
 resultados:   28.161880151548626        45.896832550670254        34.938766470007707     
 resultados:   28.163366085958248        45.893768943102998        34.938766470028767     
 resultados:   28.162493943929608        45.895567027155813        34.938766470016404     
 resultados:   28.162247401868218        45.896075342634411        34.938766470012908     
 resultados:   28.162366781853866        45.895829206115053        34.938766470014599     
 resultados:   28.171792700471070        45.876402394265121        34.938766470148195     
 resultados:   28.162459413305907        45.895638221096341        34.938766470015914     
 resultados:   28.154757242174355        45.911523210022089        34.938766469906724     
 resultados:   28.163237045820608        45.894034975552238        34.938766470026941     
 resultados:   28.141467549424615        45.938955083100574        34.938766469718239     
 resultados:   28.161880151548626        45.896832550670254        34.938766470007707     
 resultados:   28.163366085958248        45.893768943102998        34.938766470028767     
 resultados:   28.164446787617020        45.891541049298951        34.938766470044087     
 resultados:   28.180192788828617        45.859102220657284        34.938766470267204     
 resultados:   28.162366781853866        45.895829206115053        34.938766470014599     
 resultados:   28.169051486040569        45.882050516915243        34.938766470109350     
 resultados:   28.162172274107977        45.896230241547826        34.938766470011849     
 resultados:   28.155277502879020        45.910449912250726        34.938766469914100     
 resultados:   28.162573644510829        45.895402704251524        34.938766470017534     
 resultados:   28.157470415715380        45.905926427035503        34.938766469945193     
 resultados:   28.161567101787004        45.897478023983389        34.938766470003266     
 resultados:   28.163366085958248        45.893768943102998        34.938766470028767     
 resultados:   28.163655035665052        45.893173247007908        34.938766470032860     
 resultados:   28.162247401868218        45.896075342634411        34.938766470012908     
 resultados:   28.165181984190870        45.890025533637534        34.938766470054510     
 resultados:   28.170922684035101        45.878194880767836        34.938766470135867     
 resultados:   28.164653578102122        45.891114767554569        34.938766470047014     
 resultados:   28.155277502879020        45.910449912250726        34.938766469914100     
 resultados:   28.163237045820608        45.894034975552238        34.938766470026941     
 resultados:   28.163512119354124        45.893467880248160        34.938766470030835     
 resultados:   28.161880151548626        45.896832550670254        34.938766470007707     
 resultados:   28.163366085958248        45.893768943102998        34.938766470028767     
 resultados:   28.157975486976394        45.904884691853233        34.938766469952348     
 resultados:   28.164483517834626        45.891465332428801        34.938766470044605     
 resultados:   28.165181984190870        45.890025533637534        34.938766470054510     
 resultados:   28.165604614440678        45.889154374868262        34.938766470060493     
 resultados:   28.162512753300906        45.895528246785062        34.938766470016674     
 resultados:   28.155277502879020        45.910449912250726        34.938766469914100     
 resultados:   28.164171564217206        45.892108410921090        34.938766470040186     
 resultados:   28.163512119354124        45.893467880248160        34.938766470030835     
 resultados:   28.162745953571655        45.895047449146446        34.938766470019978     
 resultados:   28.163366085958248        45.893768943102998        34.938766470028767     
 resultados:   28.164446787617020        45.891541049298951        34.938766470044087     
 resultados:   28.164483517834626        45.891465332428801        34.938766470044605     
 resultados:   28.165181984190870        45.890025533637534        34.938766470054510     
 resultados:   28.163050845433023        45.894418855901719        34.938766470024298     
 resultados:   28.164297028611902        45.891849769718235        34.938766470041962     
 resultados:   28.155277502879020        45.910449912250726        34.938766469914100     
 resultados:   28.164171564217206        45.892108410921090        34.938766470040186     
 resultados:   28.163571613834684        45.893345227275404        34.938766470031680     
 resultados:   28.156645051525580        45.907628873787573        34.938766469933483     
 resultados:   28.163366085958248        45.893768943102998        34.938766470028767     
 resultados:   28.164446787617020        45.891541049298951        34.938766470044087     
 resultados:   28.171551056520645        45.876900238397184        34.938766470144770     
 resultados:   28.165181984190870        45.890025533637534        34.938766470054510     
 resultados:   28.163229750308908        45.894050016248272        34.938766470026835     
 resultados:   28.164297028611902        45.891849769718235        34.938766470041962     
 resultados:   28.155277502879020        45.910449912250726        34.938766469914100     
 resultados:   28.164171564217206        45.892108410921090        34.938766470040186     
 resultados:   28.163571613834684        45.893345227275404        34.938766470031680     
 resultados:   28.164694361997221        45.891030695713177        34.938766470047597     
 resultados:   28.162933120035984        45.894661567635580        34.938766470022628     
 resultados:   28.164446787617020        45.891541049298951        34.938766470044087     
 resultados:   28.165290033378771        45.889802811321061        34.938766470056038     
 resultados:   28.165181984190870        45.890025533637534        34.938766470054510     
 resultados:   28.163229750308908        45.894050016248272        34.938766470026835     
 resultados:   28.157594164452966        45.905671185051048        34.938766469946941     
 resultados:   28.160360480622831        45.899966092841005        34.938766469986156     
 resultados:   28.163691602888775        45.893097861337942        34.938766470033386     
 resultados:   28.164637836031247        45.891147218302365        34.938766470046794     
 resultados:   28.164694361997221        45.891030695713177        34.938766470047597     
 resultados:   28.163366085958248        45.893768943102998        34.938766470028767     
 resultados:   28.167726009970661        45.884782034551151        34.938766470090563     
 resultados:   28.164483517834626        45.891465332428801        34.938766470044605     
 resultados:   28.165181984190870        45.890025533637534        34.938766470054510     
 resultados:   28.163229762320395        45.894049991484941        34.938766470026835     
 resultados:   28.164330992057277        45.891779755511656        34.938766470042445     
 resultados:   28.162159709080747        45.896256148295521        34.938766470011664     
 resultados:   28.164171564217206        45.892108410921090        34.938766470040186     
 resultados:   28.164637836031247        45.891147218302365        34.938766470046794     
 resultados:   28.164694361997221        45.891030695713177        34.938766470047597     
 resultados:   28.163366085958248        45.893768943102998        34.938766470028767     
 resultados:   28.164446787617020        45.891541049298951        34.938766470044087     
 resultados:   28.163763486730986        45.892949668846967        34.938766470034402     
 resultados:   28.165701633925423        45.888954394841086        34.938766470061871     
 resultados:   28.163142789859329        45.894229297798496        34.938766470025598     
 resultados:   28.164297028611902        45.891849769718235        34.938766470041962     
 resultados:   28.161381611470635        45.897860491770601        34.938766470000637     
 resultados:   28.163418120180236        45.893661668800810        34.938766470029506     
 resultados:   28.165264186257431        45.889856089941858        34.938766470055668     
 resultados:   28.163809541819219        45.892854724201989        34.938766470035056     
 resultados:   28.162593173968112        45.895362439497056        34.938766470017811     
 resultados:   28.164446787617020        45.891541049298951        34.938766470044087     
 resultados:   28.163763486730986        45.892949668846967        34.938766470034402     
 resultados:   28.167049735492100        45.886175801206164        34.938766470080978     
 resultados:   28.161627080740960        45.897354352884079        34.938766470004119     
 resultados:   28.164297028611902        45.891849769718235        34.938766470041962     
 resultados:   28.162159709080747        45.896256148295521        34.938766470011664     
 resultados:   28.164171564217206        45.892108410921090        34.938766470040186     
 resultados:   28.163486861081108        45.893519952521110        34.938766470030480     
 resultados:   28.163809541819219        45.892854724201989        34.938766470035056     
 resultados:   28.164756171545569        45.890903282157062        34.938766470048471     
 resultados:   28.162427719520558        45.895703566324350        34.938766470015466     
 resultados:   28.164480335366097        45.891471892864523        34.938766470044563     
 resultados:   28.164537933522134        45.891353158564556        34.938766470045373     
 resultados:   28.163229762320395        45.894049991484941        34.938766470026835     
 resultados:   28.165842184867998        45.888664688985777        34.938766470063861     
 resultados:   28.161673589576402        45.897258456343806        34.938766470004772     
 resultados:   28.164071193103865        45.892315324932895        34.938766470038765     
 resultados:   28.165320672436895        45.889739655233761        34.938766470056471     
 resultados:   28.163539716109913        45.893410987096964        34.938766470031233     
 resultados:   28.164031622671342        45.892396899429244        34.938766470038203     
 resultados:   28.164446787617020        45.891541049298951        34.938766470044087     
 resultados:   28.163763486730986        45.892949668846967        34.938766470034402     
 resultados:   28.164537933522134        45.891353158564556        34.938766470045373     
 resultados:   28.163229762320395        45.894049991484941        34.938766470026835     
 resultados:   28.163536298018727        45.893418033787199        34.938766470031176     
 resultados:   28.162809385308812        45.894916671143783        34.938766470020873     
 resultados:   28.164151113758344        45.892150569194989        34.938766470039894     
 resultados:   28.165245528877115        45.889894548432338        34.938766470055405     
 resultados:   28.163809541819219        45.892854724201989        34.938766470035056     
 resultados:   28.164031622671342        45.892396899429244        34.938766470038203     
 resultados:   28.164446787617020        45.891541049298951        34.938766470044087     
 resultados:   28.163763486730986        45.892949668846967        34.938766470034402     
 resultados:   28.164537933522134        45.891353158564556        34.938766470045373     
 resultados:   28.163229762320395        45.894049991484941        34.938766470026835     
 resultados:   28.164615906184924        45.891192424615809        34.938766470046481     
 resultados:   28.162940979577435        45.894645363728785        34.938766470022742     
 resultados:   28.164071193103865        45.892315324932895        34.938766470038765     
 resultados:   28.164637836031247        45.891147218302365        34.938766470046794     
 resultados:   28.163809541819219        45.892854724201989        34.938766470035056     
 resultados:   28.164294918138953        45.891854120375292        34.938766470041934     
 resultados:   28.164446787617020        45.891541049298951        34.938766470044087     
 resultados:   28.163110175422549        45.894296537502647        34.938766470025136     
 resultados:   28.164371928372251        45.891695367283411        34.938766470043028     
 resultados:   28.163229762320395        45.894049991484941        34.938766470026835     
 resultados:   28.164297028611902        45.891849769718235        34.938766470041962     
 resultados:   28.164252386734749        45.891941797351301        34.938766470041330     
 resultados:   28.163998277564541        45.892465640610347        34.938766470037727     
 resultados:   28.164639710480067        45.891143354306308        34.938766470046822     
 resultados:   28.163942935913305        45.892579728235290        34.938766470036946     
 resultados:   28.164268738239922        45.891908089269862        34.938766470041557     
 resultados:   28.164462825559745        45.891507988132531        34.938766470044314     
 resultados:   28.163763486730986        45.892949668846967        34.938766470034402     
 resultados:   28.164371928372251        45.891695367283411        34.938766470043028     
 resultados:   28.163229762320395        45.894049991484941        34.938766470026835     
 resultados:   28.163874545594219        45.892720716581714        34.938766470035972     
 resultados:   28.163687387834347        45.893106550930867        34.938766470033322     
 resultados:   28.164071193103865        45.892315324932895        34.938766470038765     
 resultados:   28.164637836031247        45.891147218302365        34.938766470046794     
 resultados:   28.164234320715085        45.891979039898594        34.938766470041074     
 resultados:   28.164031622671342        45.892396899429244        34.938766470038203     
 resultados:   28.164607383214950        45.891209993937473        34.938766470046360     
 resultados:   28.164061151851545        45.892336024962582        34.938766470038615     
 resultados:   28.164371928372251        45.891695367283411        34.938766470043028     
 resultados:   28.163620673812499        45.893244086366252        34.938766470032377     
 resultados:   28.164318268001836        45.891805985591539        34.938766470042260     
 resultados:   28.164252386734749        45.891941797351301        34.938766470041330     
 resultados:   28.163398046465975        45.893703052929176        34.938766470029222     
 resultados:   28.164661081154836        45.891099300755720        34.938766470047121     
 resultados:   28.163743311877553        45.892991260329502        34.938766470034118     
 resultados:   28.163777600896879        45.892920571818976        34.938766470034601     
 resultados:   28.163921460726652        45.892623999784014        34.938766470036640     
 resultados:   28.164061151851545        45.892336024962582        34.938766470038615     
 resultados:   28.163924949217485        45.892616808181621        34.938766470036690     
 resultados:   28.163555473856331        45.893378501166623        34.938766470031453     
 resultados:   28.164493520060844        45.891444713551770        34.938766470044747     
 resultados:   28.164252386734749        45.891941797351301        34.938766470041330     
 resultados:   28.163940691695171        45.892584354734581        34.938766470036910     
 resultados:   28.164553539976435        45.891320987118483        34.938766470045600     
 resultados:   28.164650135140434        45.891121864881654        34.938766470046964     
 resultados:   28.164031622671342        45.892396899429244        34.938766470038203     
 resultados:   28.163826488796762        45.892819787330701        34.938766470035290     
 resultados:   28.164061151851545        45.892336024962582        34.938766470038615     
 resultados:   28.163924949217485        45.892616808181621        34.938766470036690     
 resultados:   28.163516814882204        45.893458199993091        34.938766470030906     
 resultados:   28.164241001780209        45.891965267080764        34.938766470041166     
 resultados:   28.164379886349881        45.891678962330680        34.938766470043134     
 resultados:   28.164073983911337        45.892309571689587        34.938766470038800     
 resultados:   28.164756985297757        45.890901604701050        34.938766470048485     
 resultados:   28.164020454523332        45.892419922627369        34.938766470038040     
 resultados:   28.164031622671342        45.892396899429244        34.938766470038203     
 resultados:   28.163921460726652        45.892623999784014        34.938766470036640     
 resultados:   28.164061151851545        45.892336024962582        34.938766470038615     
 resultados:   28.163924949217485        45.892616808181621        34.938766470036690     
 resultados:   28.163620673812499        45.893244086366252        34.938766470032377     
 resultados:   28.164529824268421        45.891369875152606        34.938766470045266     
 resultados:   28.163849725694298        45.892771883615467        34.938766470035624     
 resultados:   28.164073983911337        45.892309571689587        34.938766470038800     
 resultados:   28.164325821551415        45.891790414278532        34.938766470042367     
 resultados:   28.164054304627118        45.892350140517159        34.938766470038523     
 resultados:   28.164031622671342        45.892396899429244        34.938766470038203     
 resultados:   28.163689363146073        45.893102478704364        34.938766470033350     
 resultados:   28.164061151851545        45.892336024962582        34.938766470038615     
 resultados:   28.163924949217485        45.892616808181621        34.938766470036690     
 resultados:   28.163329942242544        45.893843457633658        34.938766470028256     
 resultados:   28.164241001780209        45.891965267080764        34.938766470041166     
 resultados:   28.164252386734749        45.891941797351301        34.938766470041330     
 resultados:   28.164058240482859        45.892342026748778        34.938766470038573     
 resultados:   28.164325821551415        45.891790414278532        34.938766470042367     
 resultados:   28.163792241594837        45.892890389354868        34.938766470034807     
 resultados:   28.164031622671342        45.892396899429244        34.938766470038203     
 resultados:   28.164108344899571        45.892238736695681        34.938766470039283     
 resultados:   28.163956180645673        45.892552423979225        34.938766470037130     
 resultados:   28.163924949217485        45.892616808181621        34.938766470036690     
 resultados:   28.163620673812499        45.893244086366252        34.938766470032377     
 resultados:   28.164241001780209        45.891965267080764        34.938766470041166     
 resultados:   28.164252386734749        45.891941797351301        34.938766470041330     
 resultados:   28.164317407890334        45.891807758674496        34.938766470042246     
 resultados:   28.163696461803852        45.893087844390486        34.938766470033450     
 resultados:   28.163996849970204        45.892468583610615        34.938766470037706     
 resultados:   28.164031622671342        45.892396899429244        34.938766470038203     
 resultados:   28.164108344899571        45.892238736695681        34.938766470039283     
 resultados:   28.164061151851545        45.892336024962582        34.938766470038615     
 resultados:   28.163888482481575        45.892691985278347        34.938766470036171     
 resultados:   28.163620673812499        45.893244086366252        34.938766470032377     
 resultados:   28.164035575495017        45.892388750666598        34.938766470038253     
 resultados:   28.164252386734749        45.891941797351301        34.938766470041330     
 resultados:   28.164246032380760        45.891954896651640        34.938766470041244     
 resultados:   28.164325821551415        45.891790414278532        34.938766470042367     
 resultados:   28.164054304627118        45.892350140517159        34.938766470038523     
 resultados:   28.164241564533860        45.891964106981114        34.938766470041173     
 resultados:   28.163999382557048        45.892463362657281        34.938766470037741     
 resultados:   28.164144649867449        45.892163894410785        34.938766470039802     
 resultados:   28.163924949217485        45.892616808181621        34.938766470036690     
 resultados:   28.163672643250997        45.893136947815904        34.938766470033109     
 resultados:   28.164054700357365        45.892349324718964        34.938766470038523     
 resultados:   28.164327594628013        45.891786759159835        34.938766470042395     
 resultados:   28.164073983911337        45.892309571689587        34.938766470038800     
 resultados:   28.164022416943958        45.892415877085035        34.938766470038068     
 resultados:   28.164054304627118        45.892350140517159        34.938766470038523     
 resultados:   28.164238707892959        45.891969995860535        34.938766470041138     
 resultados:   28.164108344899571        45.892238736695681        34.938766470039283     
 resultados:   28.164167681483704        45.892116415104979        34.938766470040129     
 resultados:   28.163924949217485        45.892616808181621        34.938766470036690     
 resultados:   28.163686962878089        45.893107427004395        34.938766470033315     
 resultados:   28.164054700357365        45.892349324718964        34.938766470038523     
 resultados:   28.164252386734749        45.891941797351301        34.938766470041330     
 resultados:   28.164073983911337        45.892309571689587        34.938766470038800     
 resultados:   28.164022416943958        45.892415877085035        34.938766470038068     
 resultados:   28.164054304627118        45.892350140517159        34.938766470038523     
 resultados:   28.163953424185198        45.892558106470105        34.938766470037088     
 resultados:   28.164108344899571        45.892238736695681        34.938766470039283     
 resultados:   28.164144649867449        45.892163894410785        34.938766470039802     
 resultados:   28.164171624108544        45.892108287456217        34.938766470040186     
 resultados:   28.163686962878089        45.893107427004395        34.938766470033315     
 resultados:   28.164054700357365        45.892349324718964        34.938766470038523     
 resultados:   28.164110896989545        45.892233475583623        34.938766470039326     
 resultados:   28.164073983911337        45.892309571689587        34.938766470038800     
 resultados:   28.164022416943958        45.892415877085035        34.938766470038068     
 resultados:   28.164054304627118        45.892350140517159        34.938766470038523     
 resultados:   28.164031622671342        45.892396899429244        34.938766470038203     
 resultados:   28.164093373506883        45.892269600117750        34.938766470039077     
 resultados:   28.164197858647867        45.892054205500401        34.938766470040555     
 resultados:   28.163884888174376        45.892699395045312        34.938766470036121     
 resultados:   28.163686962878089        45.893107427004395        34.938766470033315     
 resultados:   28.164053238727497        45.892352337870150        34.938766470038509     
 resultados:   28.164013110725502        45.892435061917979        34.938766470037933     
 resultados:   28.164135774124222        45.892182191635918        34.938766470039681     
 resultados:   28.164049500384973        45.892360044467978        34.938766470038452     
 resultados:   28.164098427135684        45.892259182092921        34.938766470039148     
 resultados:   28.164031622671342        45.892396899429244        34.938766470038203     
 resultados:   28.164130779638871        45.892192487705948        34.938766470039603     
 resultados:   28.164144649867449        45.892163894410785        34.938766470039802     
 resultados:   28.164250354260993        45.891945987231118        34.938766470041301     
 resultados:   28.163705164955424        45.893069902326687        34.938766470033570     
 resultados:   28.164075495921676        45.892306454684224        34.938766470038821     
 resultados:   28.164052339522300        45.892354191582591        34.938766470038495     
 resultados:   28.164228683674136        45.891990660497278        34.938766470040996     
 resultados:   28.164057161263536        45.892344251559649        34.938766470038559     
 resultados:   28.164395021915116        45.891647761187222        34.938766470043355     
 resultados:   28.164031622671342        45.892396899429244        34.938766470038203     
 resultados:   28.164108344899571        45.892238736695681        34.938766470039283     
 resultados:   28.164144649867449        45.892163894410785        34.938766470039802     
 resultados:   28.164171624108544        45.892108287456217        34.938766470040186     
 resultados:   28.163854472958246        45.892762096967985        34.938766470035688     
 resultados:   28.164075495921676        45.892306454684224        34.938766470038821     
 resultados:   28.164132840369117        45.892188239535422        34.938766470039639     
 resultados:   28.164135774124222        45.892182191635918        34.938766470039681     
 resultados:   28.164057161263536        45.892344251559649        34.938766470038559     
 resultados:   28.164087231836366        45.892282261139634        34.938766470038985     
 resultados:   28.164235976309620        45.891975626938816        34.938766470041095     
 resultados:   28.164108344899571        45.892238736695681        34.938766470039283     
 resultados:   28.163890394570693        45.892688043452871        34.938766470036200     
 resultados:   28.164203675568725        45.892042214054797        34.938766470040640     
 resultados:   28.163887212063791        45.892694604280656        34.938766470036150     
 resultados:   28.164061388624201        45.892335536855839        34.938766470038622     
 resultados:   28.164110896989545        45.892233475583623        34.938766470039326     
 resultados:   28.164080057144716        45.892297051737138        34.938766470038885     
 resultados:   28.164060053615753        45.892338288975374        34.938766470038601     
 resultados:   28.164189046480313        45.892072371587354        34.938766470040427     
 resultados:   28.164035472468804        45.892388963055538        34.938766470038253     
 resultados:   28.164286299658542        45.891871887041688        34.938766470041813     
 resultados:   28.164144649867449        45.892163894410785        34.938766470039802     
 resultados:   28.164173707443787        45.892103992699887        34.938766470040214     
 resultados:   28.163887212063791        45.892694604280656        34.938766470036150     
 resultados:   28.163921050382779        45.892624845717272        34.938766470036633     
 resultados:   28.164110896989545        45.892233475583623        34.938766470039326     
 resultados:   28.164127607622714        45.892199026780332        34.938766470039560     
 resultados:   28.164060053615753        45.892338288975374        34.938766470038601     
 resultados:   28.164066565921758        45.892324863861219        34.938766470038694     
 resultados:   28.164035472468804        45.892388963055538        34.938766470038253     
 resultados:   28.164108344899571        45.892238736695681        34.938766470039283     
 resultados:   28.164144649867449        45.892163894410785        34.938766470039802     
 resultados:   28.164130580516169        45.892192898195020        34.938766470039603     
 resultados:   28.163887212063791        45.892694604280656        34.938766470036150     
 resultados:   28.164156199338635        45.892140085351038        34.938766470039965     
 resultados:   28.164316848679931        45.891808911462796        34.938766470042239     
 resultados:   28.164127607622714        45.892199026780332        34.938766470039560     
 resultados:   28.164019736489500        45.892421402858737        34.938766470038033     
 resultados:   28.164098427135684        45.892259182092921        34.938766470039148     
 resultados:   28.164035472468804        45.892388963055538        34.938766470038253     
 resultados:   28.164072088113311        45.892313479872797        34.938766470038772     
 resultados:   28.164115444504517        45.892224100922363        34.938766470039390     
 resultados:   28.164130580516169        45.892192898195020        34.938766470039603     
 resultados:   28.163938083540039        45.892589731498099        34.938766470036875     
 resultados:   28.164075495921676        45.892306454684224        34.938766470038821     
 resultados:   28.164066829336129        45.892324320832834        34.938766470038701     
 resultados:   28.164127607622714        45.892199026780332        34.938766470039560     
 resultados:   28.164060053615753        45.892338288975374        34.938766470038601     
 resultados:   28.164098427135684        45.892259182092921        34.938766470039148     
 resultados:   28.164035472468804        45.892388963055538        34.938766470038253     
 resultados:   28.164248855956906        45.891949075937639        34.938766470041280     
 resultados:   28.164033506905714        45.892393015071825        34.938766470038225     
 resultados:   28.164039445265338        45.892380773121303        34.938766470038310     
 resultados:   28.163938083540039        45.892589731498099        34.938766470036875     
 resultados:   28.164098904638166        45.892258197724694        34.938766470039155     
 resultados:   28.164110896989545        45.892233475583623        34.938766470039326     
 resultados:   28.164127607622714        45.892199026780332        34.938766470039560     
 resultados:   28.164061001001286        45.892336335940335        34.938766470038615     
 resultados:   28.164165889135049        45.892120109999702        34.938766470040107     
 resultados:   28.164035472468804        45.892388963055538        34.938766470038253     
 resultados:   28.164238721622844        45.891969967556790        34.938766470041138     
 resultados:   28.164115444504517        45.892224100922363        34.938766470039390     
 resultados:   28.164130580516169        45.892192898195020        34.938766470039603     
 resultados:   28.163938083540039        45.892589731498099        34.938766470036875     
 resultados:   28.164098904638166        45.892258197724694        34.938766470039155     
 resultados:   28.164150813843797        45.892151187464243        34.938766470039894     
 resultados:   28.164102737149292        45.892250297029584        34.938766470039205     
 resultados:   28.164115034672630        45.892224945786978        34.938766470039383     
 resultados:   28.164120058943681        45.892214588300988        34.938766470039454     
 resultados:   28.164035472468804        45.892388963055538        34.938766470038253     
 resultados:   28.164108344899571        45.892238736695681        34.938766470039283     
 resultados:   28.164109249238464        45.892236872408525        34.938766470039305     
 resultados:   28.164182070320503        45.892086752794391        34.938766470040335     
 resultados:   28.163938083540039        45.892589731498099        34.938766470036875     
 resultados:   28.164098904638166        45.892258197724694        34.938766470039155     
 resultados:   28.164252458675293        45.891941649048178        34.938766470041330     
 resultados:   28.164102737149292        45.892250297029584        34.938766470039205     
 resultados:   28.164115034672630        45.892224945786978        34.938766470039383     
 resultados:   28.164101014351246        45.892253848565510        34.938766470039184     
 resultados:   28.164035472468804        45.892388963055538        34.938766470038253     
 resultados:   28.164108344899571        45.892238736695681        34.938766470039283     
 resultados:   28.164239239545697        45.891968899874286        34.938766470041145     
 resultados:   28.164130580516169        45.892192898195020        34.938766470039603     
 resultados:   28.164001770031923        45.892458440854703        34.938766470037777     
 resultados:   28.164124350966045        45.892205740341872        34.938766470039518     
 resultados:   28.164103567428384        45.892248585415324        34.938766470039219     
 resultados:   28.164123194330834        45.892208124732939        34.938766470039496     
 resultados:   28.164107201880690        45.892241093019855        34.938766470039269     
 resultados:   28.164107296863818        45.892240897212901        34.938766470039276     
  -8.1490491914404051E-002   0.0000000000000000        15.860353431136510     
