   1.9471904001840135        34.938766556086925        22.077813619888229     
   3.2569385927100725        34.938766556086925        38.257858957976673     
   5.1146154635509156        34.938766556086925        56.874445300659815     
  0.16263579486719637        34.938766556086925        15.417505564020729     
   6.0739570763065212        34.938766556086925        65.297323402778986     
   2.0634564103220301        34.938766556086925        23.676963659390754     
   1.6960479177188759        34.938766556086925        18.472307729871194     
   8.4165794103308684        34.938766556086925        83.643669541500245     
  0.54516377273852945        34.938766556086925        2.8502997474325271     
   9.3518837952979190        34.938766556086925        90.295512221319854     
   1.9471904001840135        34.938766556086925        22.077813619888229     
  0.23472013254926560        34.938766556086925        12.312941699670789     
   5.1146154635509156        34.938766556086925        56.874445300659815     
  0.16263579486719637        34.938766556086925        15.417505564020729     
   6.0739570763065212        34.938766556086925        65.297323402778986     
   2.0634564103220301        34.938766556086925        23.676963659390754     
   1.6960479177188759        34.938766556086925        18.472307729871194     
   6.7364499760448844        34.938766556086925        70.769797119392209     
   0.0000000000000000        34.938766556086925                            NaN
   9.0968378710438031        34.938766556086925        88.513745302041954     
   1.9471904001840135        34.938766556086925        22.077813619888229     
  0.22647339090980056        34.938766556086925        12.638185319765606     
   5.1146154635509156        34.938766556086925        56.874445300659815     
  0.16263579486719637        34.938766556086925        15.417505564020729     
   6.0739570763065212        34.938766556086925        65.297323402778986     
   2.0634564103220301        34.938766556086925        23.676963659390754     
   1.6960479177188759        34.938766556086925        18.472307729871194     
   0.0000000000000000        34.938766556086925                            NaN
   6.1718689413159487        34.938766556086925        66.122419730103886     
   7.6840523548788608        34.938766556086925        78.190635221795944     
   1.9471904001840135        34.938766556086925        22.077813619888229     
   6.2213709699651485        34.938766556086925        66.537337501985590     
   5.1146154635509156        34.938766556086925        56.874445300659815     
   0.0000000000000000        34.938766556086925                            NaN
   6.0739570763065212        34.938766556086925        65.297323402778986     
   2.0634564103220301        34.938766556086925        23.676963659390754     
   1.3013400156712922        34.938766556086925        12.282851305351233     
   6.7364499760448844        34.938766556086925        70.769797119392209     
   0.0000000000000000        34.938766556086925                            NaN
   7.6840523548788608        34.938766556086925        78.190635221795944     
   1.9471904001840135        34.938766556086925        22.077813619888229     
   6.2686571059283169        34.938766556086925        66.932301845359746     
   5.1146154635509156        34.938766556086925        56.874445300659815     
   3.5558123808192472        34.938766556086925        41.518895457494445     
   6.0739570763065212        34.938766556086925        65.297323402778986     
   2.0634564103220301        34.938766556086925        23.676963659390754     
   0.0000000000000000        34.938766556086925                            NaN
   6.7364499760448844        34.938766556086925        70.769797119392209     
  0.54516377273852945        34.938766556086925        2.8502997474325271     
   7.6840523548788608        34.938766556086925        78.190635221795944     
   1.0169503451119879        34.938766556086925        7.2765193279459082     
  0.93303763000314621        34.938766556086925        5.6805848550857805     
   5.1146154635509156        34.938766556086925        56.874445300659815     
  0.16263579486719637        34.938766556086925        15.417505564020729     
   4.4379487261185320        34.938766556086925        50.504605326497220     
   0.0000000000000000        34.938766556086925                            NaN
   0.0000000000000000        34.938766556086925                            NaN
   10.000000000000000        34.938766556086925        94.722874137233632     
   0.0000000000000000        34.938766556086925                            NaN
   4.4314329072180456        34.938766556086925        50.441267087517517     
   1.0169503451119879        34.938766556086925        7.2765193279459082     
   4.4616576493467592        34.938766556086925        50.734728660397465     
  0.82043292135950097        34.938766556086925        3.4335388449894411     
   0.0000000000000000        34.938766556086925                            NaN
   4.4379487261185320        34.938766556086925        50.504605326497220     
   2.1762506292641901        34.938766556086925        25.190887096674238     
   1.7373142384165758        34.938766556086925        19.080220899736510     
   2.2009111456225572        34.938766556086925        25.517250460125879     
   0.0000000000000000        34.938766556086925                            NaN
   2.6182216212030194        34.938766556086925        30.816302576039170     
   2.7335187813410551        34.938766556086925        32.213743401460931     
   4.5777695854461342E-002   34.938766556086925        23.177984709023924     
  0.82043292135950097        34.938766556086925        3.4335388449894411     
  0.16263579486719637        34.938766556086925        15.417505564020729     
   4.4379487261185320        34.938766556086925        50.504605326497220     
   2.0634564103220301        34.938766556086925        23.676963659390754     
  0.79404346804703163        34.938766556086925        2.8881542332849164     
   2.6554966907791262        34.938766556086925        31.270975388811795     
   0.0000000000000000        34.938766556086925                            NaN
   2.9847151887856000        34.938766556086925        35.172050425282961     
   1.0169503451119879        34.938766556086925        7.2765193279459082     
   0.0000000000000000        34.938766556086925                            NaN
   0.0000000000000000        34.938766556086925                            NaN
  0.16263579486719637        34.938766556086925        15.417505564020729     
   4.4379487261185320        34.938766556086925        50.504605326497220     
   2.0634564103220301        34.938766556086925        23.676963659390754     
   1.9819115328659336        34.938766556086925        22.559679035905194     
   5.8373281090882134E-002   34.938766556086925        21.964341766377451     
  0.54516377273852945        34.938766556086925        2.8502997474325271     
   2.6182216212030194        34.938766556086925        30.816302576039170     
   1.0169503451119879        34.938766556086925        7.2765193279459082     
   1.6803536514528759        34.938766556086925        18.239387230996698     
  0.82043292135950097        34.938766556086925        3.4335388449894411     
   1.0156896072652490        34.938766556086925        7.2529955348956623     
   4.4379487261185320        34.938766556086925        50.504605326497220     
  0.93014876246609113        34.938766556086925        5.6245035126677791     
  0.79404346804703163        34.938766556086925        2.8881542332849164     
   0.0000000000000000        34.938766556086925                            NaN
  0.54516377273852945        34.938766556086925        2.8502997474325271     
   2.6182216212030194        34.938766556086925        30.816302576039170     
   1.1469062358415458        34.938766556086925        9.6340760864525254     
  0.17876812945473863        34.938766556086925        14.664079498740019     
  0.55987250748867279        34.938766556086925        2.4861218900567192     
   1.0156896072652490        34.938766556086925        7.2529955348956623     
