   3.9896873941508111        40.951949290716996        24.666904872800739     
   3.0590342244309534        56.156387662804896        21.220048790961751     
   2.0272180930097634        33.350994994020311        10.635137409750746     
   3.1552872160384702        14.960501130169494        15.257531068495963     
   1.1225104880162777        56.125538380867965        5.9227738791879023     
   1.2456844084936558        61.155515257434004        7.6866808967231419     
   3.1925854875671336        27.686417046258239        17.693366896627516     
   4.6627109703509122        30.373539073339522        26.679625620910812     
   1.2609455445471751        12.062191415206964        1.3350414626605960     
   1.2072529779483199        51.969380842960803        6.2668881629221618     
   3.9896873941508111        40.951949290716996        24.666904872800739     
   1.8510802599432203        10.000000000000000        5.4860686714274767     
   3.4659782261993262        35.786297141841800        20.719939366053229     
   3.1552872160384702        10.000000000000000        14.379099513385844     
   1.1225104880162777        56.125538380867965        5.9227738791879023     
   2.7881888563416286        10.000000000000000        12.021410443775491     
   1.3472476874972055        27.686417046258239        4.3410590359931369     
   4.6627109703509122        32.015225570249910        26.956955991556182     
   1.3677865550561192        12.062191415206964        2.1295421227645339     
   2.8086202511362446        13.234664285253126        12.729933141781173     
   5.0000000000000000        10.000000000000000        24.972182142976205     
   2.4372551316379285        27.124844748036601        12.615098959556573     
   2.0272180930097634        65.958146347711747        15.065693801603524     
   3.1552872160384702        10.000000000000000        14.379099513385844     
   0.0000000000000000        29.359691192226485                            NaN
   1.2456844084936558        61.155515257434004        7.6866808967231419     
   1.3472476874972055        27.686417046258239        4.3410590359931369     
   4.6627109703509122        56.315898392253601        30.842631911738195     
   0.0000000000000000        12.062191415206964                            NaN
   1.2072529779483199        45.622479819121359        5.5018389993638497     
   3.9896873941508111        40.951949290716996        24.666904872800739     
   1.8510802599432203        10.000000000000000        5.4860686714274767     
   2.0272180930097634        33.350994994020311        10.635137409750746     
   3.1552872160384702        10.000000000000000        14.379099513385844     
   1.1225104880162777        47.531716157193657        4.9280527535554288     
   1.2456844084936558        61.155515257434004        7.6866808967231419     
  0.74289477542109217        60.694992416439476        2.3603455156946858     
   4.6627109703509122        40.461423720675825        28.354456134247542     
   2.8193729350192953        12.062191415206964        12.591683638327929     
   0.0000000000000000        45.622479819121359                            NaN
   3.9896873941508111        40.951949290716996        24.666904872800739     
  0.96279832925397313        13.104049505919152        1.5270201820547025     
   1.9711448858601308        10.000000000000000        6.3701216181178504     
   3.1552872160384702        22.353335653945859        16.552578069580907     
  0.49637142313748650        33.862513653558338        3.4491721909317925     
   1.9124189422144853        16.716787266416521        7.1003709453809432     
   0.0000000000000000        60.694992416439476                            NaN
   5.0000000000000000        10.000000000000000        24.972182142976205     
   0.0000000000000000        52.618185348358551                            NaN
   1.2072529779483199        45.622479819121359        5.5018389993638497     
   3.9896873941508111        40.951949290716996        24.666904872800739     
  0.96279832925397313        12.374970395040169        1.6560584977516200     
   1.9711448858601308        10.000000000000000        6.3701216181178504     
   3.1552872160384702        10.000000000000000        14.379099513385844     
   8.4096856196421044E-002   18.606923956551029        11.243685528337979     
   1.2806032575348745        51.532314305479858        6.9047484573769546     
   3.2884136292520596        49.774179850975344        21.779040935726151     
   3.9418843869559903        10.000000000000000        19.125315736808712     
   1.2609455445471751        12.062191415206964        1.3350414626605960     
   1.8564856538938566        45.622479819121359        11.079838246970450     
  0.85820563862898358        51.092310061613304        2.6505749482547269     
  0.96279832925397313        13.104049505919152        1.5270201820547025     
   4.0586436208234762        10.000000000000000        19.798446496320377     
   3.1552872160384702        10.000000000000000        14.379099513385844     
  0.68950761567753693        33.862513653558338        1.1894800913104606     
   1.2806032575348745        51.532314305479858        6.9047484573769546     
  0.74289477542109217        60.694992416439476        2.3603455156946858     
   3.9418843869559903        10.000000000000000        19.125315736808712     
   0.0000000000000000        12.062191415206964                            NaN
   1.2072529779483199        45.622479819121359        5.5018389993638497     
  0.85820563862898358        51.092310061613304        2.6505749482547269     
  0.60127394285566638        10.000000000000000        5.4757339387513300     
   2.7083210976383327        22.841184525328369        13.744991687467001     
   0.0000000000000000        10.000000000000000                            NaN
  0.21663110219166687        33.862513653558338        7.4489489977756334     
   1.2931364326617363        28.744002156990046        4.0260857958269103     
  0.74289477542109217        60.694992416439476        2.3603455156946858     
   4.3500893435575216        10.000000000000000        21.446853437414756     
   1.2609455445471751        12.062191415206964        1.3350414626605960     
   1.2072529779483199        45.622479819121359        5.5018389993638497     
  0.85820563862898358        51.092310061613304        2.6505749482547269     
  0.96279832925397313        26.315975886180485       0.67372589094784774     
   3.7573357985112454        10.000000000000000        18.045736146140161     
   3.1552872160384702        42.627786665482205        19.852292049715970     
  0.68950761567753693        10.000000000000000        4.5887753476104596     
   1.1045147208320332        58.016472826433940        5.9541585059045961     
  0.74289477542109217        31.105238244409804       0.93577692939891888     
   3.9418843869559903        10.000000000000000        19.125315736808712     
   1.2609455445471751        12.062191415206964        1.3350414626605960     
   1.2072529779483199        30.455589104971384        3.5081360056652993     
  0.85820563862898358        58.371056682781784        3.4173485702678597     
  0.96279832925397313        24.946706327795415       0.50062356337981939     
   1.4967964103983236        10.000000000000000        2.8074672464822279     
   1.6491293234369362        18.630112160173077        5.4078212676006139     
   1.8317376401575598        33.862513653558338        9.2149390088482246     
   1.2931364326617363        46.795246216124923        6.4419721218369519     
   2.7668886510526858        12.172088336060337        12.267225905056135     
   3.9418843869559903        10.000000000000000        19.125315736808712     
   1.2609455445471751        31.213077061871079        4.0939518576472134     
   3.5696125164567833        30.455589104971384        20.474722700814304     
  0.85820563862898358        40.730842294765829        1.4766588090677217     
  0.96279832925397313        24.946706327795415       0.50062356337981939     
   3.5759267942012398        10.000000000000000        16.965035713291076     
  0.69799023055583675        18.630112160173077        3.0926469488314168     
  0.76837183326966163        33.862513653558338       0.35461952081303205     
   1.2931364326617363        28.744002156990046        4.0260857958269103     
  0.91546523702238836        27.282006770144331       0.35073177062497024     
  0.67193107706965338        10.000000000000000        4.7623790044135399     
   1.2609455445471751        24.675815716919764        3.1510602059776356     
   1.0516120209267981        10.000000000000000        1.4098670106484448     
  0.85820563862898358        40.730842294765829        1.4766588090677217     
   1.0700432582766914        20.196881663885105       0.84675323447993767     
   1.4967964103983236        28.803272605102691        5.7687816488829613     
  0.69799023055583675        39.626558392010864       0.51507044019916448     
   1.1045284554984072        33.862513653558338        3.0315851269569252     
   1.2931364326617363        26.772099975083094        3.7395635724248302     
  0.91546523702238836        27.282006770144331       0.35073177062497024     
  0.67193107706965338        10.000000000000000        4.7623790044135399     
   1.2609455445471751        10.362585386735804        1.1725299865972358     
  0.97580455051999626        24.567139299207852       0.57087096591806563     
  0.85820563862898358        26.739202677507073       0.32801347664088387     
  0.96279832925397313        24.946706327795415       0.50062356337981939     
   1.4967964103983236        17.870194796916913        4.0728671766814362     
  0.69799023055583675        39.626558392010864       0.51507044019916448     
  0.76837183326966163        33.862513653558338       0.35461952081303205     
   1.2931364326617363        26.772099975083094        3.7395635724248302     
  0.91546523702238836        51.866680605957001        3.3408369144796075     
  0.67193107706965338        10.000000000000000        4.7623790044135399     
   1.1979299360410862        13.256554143933149        1.0353790792340456     
  0.55643594520883344        24.567139299207852        3.8083805225945495     
  0.85820563862898358        13.321522697440598        2.3985450550815219     
  0.72308407204474356        35.183296128765591       0.67934141058431186     
   1.2299692350688616        10.000000000000000        1.0024878382486859     
  0.69799023055583675        39.626558392010864       0.51507044019916448     
   1.2888153181362043        20.064105175883039        2.6982480256048773     
   1.4221758429968767        26.772099975083094        4.8424970080648455     
  0.91546523702238836        40.839777398462097        2.0744979961639913     
  0.67193107706965338        10.000000000000000        4.7623790044135399     
   1.1979299360410862        31.956806960145087        3.6327252978438902     
  0.97580455051999626        24.567139299207852       0.57087096591806563     
   1.0241518124292512        26.739202677507073        1.3083287271030726     
  0.96279832925397313        28.739344303025749       0.99595021251096472     
   1.2299692350688616        26.787117595034054        3.1882398887210810     
  0.69799023055583675        39.626558392010864       0.51507044019916448     
  0.47993536987088120        29.117535486599067        4.1729498027983425     
   1.2931364326617363        36.625949275354550        5.1253322365828975     
  0.91546523702238836        28.382754606472300       0.49010178530719756     
  0.99015135907639595        10.000000000000000        1.8701275944221816     
   1.1979299360410862        22.491453219619771        2.2781745836874814     
  0.47710498670672330        23.400725389304462        4.8825015847824647     
  0.85820563862898358        26.739202677507073       0.32801347664088387     
  0.96279832925397313        24.946706327795415       0.50062356337981939     
   1.2299692350688616        17.746468037563659        1.8547626786887332     
  0.73758747896713495        39.626558392010864       0.28905493385940267     
  0.54586093771605881        40.741916659153944        2.1303978622022122     
   1.2768540074203734        26.772099975083094        3.5977833749153758     
  0.80789652811240864        27.282006770144331       0.74873827265985859     
  0.99015135907639595        10.000000000000000        1.8701275944221816     
   1.1979299360410862        13.256554143933149        1.0353790792340456     
  0.97580455051999626        25.758387918468976       0.72273335058679822     
   1.0366168697387743        35.981337470628894        2.6652145471768560     
  0.68450621846336623        24.946706327795415        2.3448587612929259     
   1.0881937269599591        20.756868950560250        1.0712159522841671     
  0.51161571975217668        50.846920492979812        1.6494936978791761     
  0.67791615796538363        33.862513653558338        1.3175136686057169     
  0.92559525704431223        26.772099975083094       0.38285807153231599     
  0.91546523702238836        48.127425375765178        2.9245739883001143     
  0.99015135907639595        10.000000000000000        1.8701275944221816     
   1.1979299360410862        15.761971788794630        1.3177893774277634     
  0.97580455051999626        24.567139299207852       0.57087096591806563     
  0.65255613204658625        26.739202677507073        2.4572009144874318     
  0.96984557907072877        14.556336792399360        1.2205249866501995     
   1.2570490626925401        10.000000000000000        1.1262418115702610     
  0.55741879873766442        39.626558392010864        2.0997344969822533     
  0.76837183326966163        44.563480962373660       0.98938571134787345     
   1.0592998179373097        26.772099975083094        1.6406977134356315     
  0.91546523702238836        27.282006770144331       0.35073177062497024     
  0.99015135907639595        10.000000000000000        1.8701275944221816     
   1.1979299360410862        13.256554143933149        1.0353790792340456     
  0.99192635786510686        22.392548975093032       0.46273030903119677     
  0.85820563862898358        26.739202677507073       0.32801347664088387     
  0.96279832925397313        24.946706327795415       0.50062356337981939     
   1.1935259133024272        15.793458692413886        1.2874215989926101     
  0.73758747896713495        36.122917592018815       0.43663343433493973     
  0.76837183326966163        24.958778856924944        1.4667717341604523     
  0.92559525704431223        40.720406438121977        2.1626664059597256     
  0.91546523702238836        34.904719617874669        1.3392476223951930     
  0.99015135907639595        10.000000000000000        1.8701275944221816     
   1.1979299360410862        13.256554143933149        1.0353790792340456     
  0.98962879793268543        22.392548975093032       0.44540028087345396     
  0.81776197830861685        23.160653062351280        1.2246308897832414     
  0.96279832925397313        24.946706327795415       0.50062356337981939     
  0.97982847633340764        26.946705633867690       0.91845845495990452     
  0.51161571975217668        39.626558392010864        2.6667748098453892     
  0.67300180808432464        33.862513653558338        1.3720814801475512     
  0.92559525704431223        29.277318321940722       0.70610892197144259     
  0.91546523702238836        27.282006770144331       0.35073177062497024     
  0.60505365427416846        42.533075756722312        1.2489250490506099     
  0.64442042978073011        57.090550761238831       0.95660645743876771     
   1.0109391280950599        22.392548975093032       0.61589867391103004     
  0.85820563862898358        35.480390482251721       0.83731352432054973     
  0.77210932126368548        49.495171010755541        1.5568562093971927     
   1.0615480535590620        20.356039762779531       0.79615912664627853     
  0.73758747896713495        51.827413581273248        1.4282928720564760     
  0.76837183326966163        32.727754668592986       0.47609172604139444     
  0.68002174864317078        26.772099975083094        2.1542922316471937     
  0.69276775950776526        42.582519633244850       0.39112117762698395     
  0.60505365427416846        42.533075756722312        1.2489250490506099     
  0.59861027438130121        57.090550761238831       0.64423334580333513     
   1.1870166063322811        16.927522322946409        1.3846505435052563     
  0.85820563862898358        26.739202677507073       0.32801347664088387     
  0.96279832925397313        24.946706327795415       0.50062356337981939     
   1.0615480535590620        20.356039762779531       0.79615912664627853     
  0.76221496240915632        39.626558392010864       0.40701521599960777     
  0.76837183326966163        33.862513653558338       0.35461952081303205     
  0.92559525704431223        49.644972481029697        3.2004270794478811     
   1.0810898305334264        27.282006770144331        1.9135260222093950     
  0.60505365427416846        42.533075756722312        1.2489250490506099     
  0.59861027438130121        56.392799228203330       0.62187067247094574     
  0.98962879793268543        34.981651603898321        2.0807892853454488     
  0.85820563862898358        50.900306079348070        2.6297540749808235     
  0.96279832925397313        24.946706327795415       0.50062356337981939     
   1.0615480535590620        67.069658114785184        6.4797216386764891     
  0.73758747896713495        41.060555471780191       0.36728264537206240     
  0.76837183326966163        29.336255682445532       0.88704517353187373     
  0.92559525704431223        26.772099975083094       0.38285807153231599     
  0.91546523702238836        27.282006770144331       0.35073177062497024     
  0.60505365427416846        41.878977133328291        1.3106438760576400     
  0.59861027438130121        27.419717551459087        2.9726797322999041     
  0.80963085274858404        38.413073451857699       0.70769839412244817     
  0.85820563862898358        26.739202677507073       0.32801347664088387     
  0.96279832925397313        24.946706327795415       0.50062356337981939     
  0.99711330261644882        20.356039762779531       0.37283743914836726     
  0.44623703506899742        39.626558392010864        3.5129163830577350     
  0.85709393986785221        33.862513653558338       0.62253492424251955     
  0.92559525704431223        26.772099975083094       0.38285807153231599     
  0.58093300417970362        45.026486459000196        1.3025711692834125     
  0.70931797118055917        42.533075756722312       0.35552763532110954     
  0.59861027438130121        56.392799228203330       0.62187067247094574     
   1.1607624505794656        22.392548975093032        1.9370522717369498     
  0.96611206027191576        26.739202677507073       0.76068579260972458     
   1.0758968184753168        24.946706327795415        1.5388886205610073     
  0.96757006812250823        23.195649438574005       0.35577511172682275     
  0.73758747896713495        51.370440043383226        1.3820915729556811     
  0.76837183326966163        33.862513653558338       0.35461952081303205     
  0.92559525704431223        23.203663020760828       0.27508393466576825     
  0.91546523702238836        27.282006770144331       0.35073177062497024     
  0.70931797118055917        42.533075756722312       0.35552763532110954     
  0.59861027438130121        56.392799228203330       0.62187067247094574     
  0.92568652013502406        22.392548975093032       0.36960202576429357     
  0.84720355651159140        26.739202677507073       0.43245884130678680     
  0.96279832925397313        10.000000000000000        2.0920784135400816     
  0.96757006812250823        23.195649438574005       0.35577511172682275     
  0.60257864825254903        39.626558392010864        1.5603409309769192     
  0.76837183326966163        33.862513653558338       0.35461952081303205     
  0.92559525704431223        23.203663020760828       0.27508393466576825     
  0.87170573117866346        26.023169565517424       0.30299259267131784     
  0.74486971013816972        42.533075756722312       0.55083174650396038     
  0.63121601713774522        56.392799228203330       0.78868427326074486     
  0.92568652013502406        10.000000000000000        2.4045987560821014     
  0.94632010805660738        26.739202677507073       0.57318858102908454     
  0.96279832925397313        26.814527268479008       0.73921192509890254     
   1.1174359099905427        14.663970365401227       0.69191245613691221     
  0.73758747896713495        39.626558392010864       0.28905493385940267     
  0.76837183326966163        33.862513653558338       0.35461952081303205     
  0.92559525704431223        19.726340058829596       0.75032288212965093     
  0.87170573117866346        12.750430125869990        2.3763999851549937     
  0.73561420733052185        42.533075756722312       0.47642231613746422     
  0.78374080187189610        56.392799228203330        2.3956507921989840     
  0.63431543677911773        47.732859490278358       0.55845177911745947     
  0.93088273243251907        26.739202677507073       0.42798501437319753     
  0.96279832925397313        24.946706327795415       0.50062356337981939     
   1.1138162838435026        10.000000000000000        1.0438697598346931     
  0.73758747896713495        22.878964730280615        2.0713797828109417     
  0.76837183326966163        10.000000000000000        3.8280077365931970     
  0.92559525704431223        26.038505611907283       0.29816682007771278     
  0.70329742046947852        26.023169565517424        2.0023486711595249     
  0.70931797118055917        25.591662388949192        1.9955396382384709     
  0.54560508154754928        56.392799228203330       0.86667630879106372     
   1.0023197732233051        22.392548975093032       0.54473063090001539     
  0.85820563862898358        49.944048069692570        2.5255723271354054     
  0.98149652390730158        24.946706327795415       0.67019826916073300     
  0.96757006812250823        24.637231544530898       0.50599194462674757     
  0.73758747896713495        39.626558392010864       0.28905493385940267     
  0.76837183326966163        33.862513653558338       0.35461952081303205     
   1.0328898588135351        12.320951959566075        1.1345145045639309     
  0.77223408204360033        26.023169565517424        1.2820656896961031     
  0.70931797118055917        15.061403243120123        3.5309089793676920     
  0.95535161322739903        18.042125368856698       0.77243645587217435     
   1.0141662951156412        22.392548975093032       0.64305551546082240     
   1.0759846598861105        15.140732399004527       0.59767896069219639     
  0.96279832925397313        24.946706327795415       0.50062356337981939     
   1.0610920799614203        10.000000000000000        1.3456337573281953     
  0.69778817641822366        39.626558392010864       0.51696246209683294     
  0.76837183326966163        10.000000000000000        3.8280077365931970     
  0.92559525704431223        23.203663020760828       0.27508393466576825     
  0.87170573117866346        22.930032492291552       0.74184299998874270     
  0.70931797118055917        42.533075756722312       0.35552763532110954     
  0.97856989426354457        17.311068693236471       0.71585700103883598     
  0.74162133233201710        36.240435395583049       0.38801096358379378     
  0.85820563862898358        28.800879381486755        8.1545977105769454E-002
  0.84847879332497833        26.524600239657371       0.44963870936319361     
  0.96757006812250823        23.195649438574005       0.35577511172682275     
  0.94985568800745179        39.626558392010864        2.2733129011713471     
  0.76837183326966163        33.862513653558338       0.35461952081303205     
  0.92559525704431223        23.203663020760828       0.27508393466576825     
  0.88080425184487510        22.595523803813059       0.70773192234736737     
  0.70931797118055917        42.533075756722312       0.35552763532110954     
   1.0145753576292205        20.715466953902499       0.47699023388974132     
  0.92568652013502406        22.392548975093032       0.36960202576429357     
  0.61399972947005454        46.254966423742601       0.82990266021550618     
  0.84847879332497833        26.524600239657371       0.44963870936319361     
  0.96757006812250823        23.195649438574005       0.35577511172682275     
  0.62747327428862010        39.626558392010864        1.2719110490792698     
  0.86020101768359158        33.862513653558338       0.65354345962116867     
  0.89526175497756633        23.203663020760828       0.49172409377365706     
  0.77969636357830918        31.436917820300714       0.50895728548807184     
  0.70931797118055917        42.533075756722312       0.35552763532110954     
   1.0145753576292205        29.692736293936147        1.6209031147625592     
  0.92568652013502406        22.392548975093032       0.36960202576429357     
  0.85820563862898358        28.800879381486755        8.1545977105769454E-002
  0.84847879332497833        32.488832899581531       0.36293900988396827     
  0.96757006812250823        23.195649438574005       0.35577511172682275     
  0.73758747896713495        43.664157337932302       0.59920293535582925     
  0.74946208518405955        33.862513653558338       0.54560031372622553     
  0.92559525704431223        26.091311283916593       0.30387368572472045     
  0.80003775025522905        27.479422319250446       0.80209575188645998     
  0.87481852947917493        33.433098621786989       0.74493460543028445     
  0.90083013302084736        31.931720509147816       0.81044456198045911     
  0.92568652013502406        22.392548975093032       0.36960202576429357     
  0.85820563862898358        28.800879381486755        8.1545977105769454E-002
  0.84847879332497833        33.615266424167416       0.50564935208640882     
  0.96757006812250823        23.195649438574005       0.35577511172682275     
  0.73758747896713495        31.834196213993778       0.90454314269797531     
  0.76837183326966163        33.862513653558338       0.35461952081303205     
  0.77986623623213103        23.203663020760828        1.5954654791786131     
  0.92933847587616925        18.796617175887498       0.86225339704954929     
  0.70931797118055917        42.533075756722312       0.35552763532110954     
   1.0145753576292205        30.625592371402107        1.7468353136868557     
  0.92568652013502406        30.626116602585910       0.88510540879820077     
  0.85820563862898358        28.800879381486755        8.1545977105769454E-002
  0.84847879332497833        29.650721684430241        7.2917177516871448E-002
  0.96757006812250823        28.598425830834884        1.0230500517125005     
  0.73758747896713495        39.974882130687533       0.30189520197658581     
  0.76837183326966163        12.521980790755940        3.3776344109558405     
  0.92559525704431223        23.203663020760828       0.27508393466576825     
  0.87170573117866346        36.232989815928313        1.0672295539369574     
  0.70931797118055917        36.473345563810874       0.69023050951450260     
   1.0145753576292205        20.715466953902499       0.47699023388974132     
  0.98116766091536900        16.430309758739227       0.83094454665215556     
  0.85820563862898358        29.870059729714466       0.13006907153016700     
  0.84847879332497833        18.664964584241794        1.6061953212740168     
  0.66880932224764122        23.195649438574005        2.7476837984631186     
  0.73758747896713495        39.626558392010864       0.28905493385940267     
  0.76837183326966163        33.862513653558338       0.35461952081303205     
  0.78297417066510122        37.039724218584169       0.31012510611615307     
  0.94373276017796637        21.413449229376052       0.38122238005684816     
  0.61370793198290752        45.165255516035955       0.91894795512179306     
  0.97199458204327482        20.715466953902499       0.34304669349256800     
  0.92568652013502406        19.910926320427745       0.72164484109177407     
  0.85176318098582582        28.800879381486755       0.12196820576151138     
  0.93719184481125306        29.650721684430241       0.86885195960751571     
   1.0122599553232725        23.195649438574005       0.72452247465665165     
  0.74605402081584660        41.260639531764419       0.43882452228355190     
  0.76837183326966163        30.383392983938812       0.75549007448205341     
  0.77672913338360017        34.303672941832687       0.23964226525932883     
  0.87170573117866346        31.583536924550707       0.47567751628747318     
  0.70931797118055917        22.576088560497837        2.4062113652532591     
  0.90155310285990276        20.715466953902499       0.80391636482217788     
  0.79131625200583300        22.392548975093032        1.5971694037241759     
  0.85820563862898358        28.800879381486755        8.1545977105769454E-002
  0.84847879332497833        29.650721684430241        7.2917177516871448E-002
  0.95978002795765804        20.445711119897851       0.41022266037945126     
  0.73758747896713495        39.626558392010864       0.28905493385940267     
  0.76837183326966163        25.965393301467195        1.3295570942345551     
  0.77672913338360017        34.791560820670263       0.20899796457242509     
  0.81583782461182253        30.304345194398422       0.27755437516143477     
  0.70931797118055917        42.533075756722312       0.35552763532110954     
  0.92583510902970534        21.372439084574658       0.50639310399063953     
  0.92568652013502406        21.125851685413558       0.54259453895917797     
  0.85820563862898358        23.794321979687808       0.74217845924475478     
  0.88237304453870713        29.650721684430241       0.33094059350224636     
   1.0568276630736610        14.086078042622201       0.73370067034159991     
  0.82073912806142080        39.626558392010864       0.96247330004928866     
  0.76837183326966163        33.862513653558338       0.35461952081303205     
  0.77672913338360017        37.706812478559016       0.32963321962912068     
  0.65898894255912543        30.304345194398422        1.9445791536122927     
  0.61594259299267939        42.533075756722312        1.1241415592553832     
  0.97199458204327482        20.715466953902499       0.34304669349256800     
  0.96536239719760231        18.611034289990403       0.61637602646811862     
  0.85820563862898358        42.022286827187855        1.6289980620468434     
  0.84847879332497833        29.650721684430241        7.2917177516871448E-002
  0.96757006812250823        23.195649438574005       0.35577511172682275     
  0.73758747896713495        39.626558392010864       0.28905493385940267     
  0.93495837902384038        33.862513653558338        1.3992768964180753     
  0.77672913338360017        34.850607690220144       0.20618051800973891     
  0.91527750899927263        30.304345194398422       0.74025297332545703     
  0.70931797118055917        51.289925402513362        1.0780313840728231     
   1.0080929857003322        14.585234917408140       0.93301357561736431     
  0.81990752573350190        30.195649244587781       0.25040577975067690     
  0.64204875347065982        45.105666615022187       0.63706252075158853     
  0.84847879332497833        30.173620492404787        8.8149379330095812E-002
  0.96757006812250823        23.195649438574005       0.35577511172682275     
  0.73758747896713495        39.626558392010864       0.28905493385940267     
  0.76837183326966163        33.862513653558338       0.35461952081303205     
  0.74840008417506931        34.850607690220144       0.45259037777488603     
  0.96701295217608352        30.304345194398422        1.2460435903790910     
  0.70931797118055917        29.791084013625198        1.4568708988164834     
  0.97199458204327482        20.715466953902499       0.34304669349256800     
  0.81990752573350190        30.195649244587781       0.25040577975067690     
  0.85820563862898358        25.496051624780826       0.49983957787147565     
  0.87133580739815952        29.650721684430241       0.22408404257333023     
  0.96757006812250823        11.396340912716646        1.7936864698047008     
  0.82804475334514638        30.097041220379548       0.18349482421736571     
  0.76837183326966163        30.085938894801423       0.79252775188900682     
  0.81696773236573061        34.850607690220144       0.35472624997310914     
  0.81583782461182253        30.304345194398422       0.27755437516143477     
  0.79733151548248404        42.533075756722312        1.0598028614929007     
  0.97199458204327482        20.715466953902499       0.34304669349256800     
  0.84139694355411954        30.195649244587781        7.5576291238399235E-002
  0.83003087402386577        29.503935883445255       0.23568212279635201     
  0.75320577348695439        34.814779481115231       0.40853142346433768     
   1.0949967092338178        23.195649438574005        1.4663077069116257     
  0.82804475334514638        23.856451686123226        1.0237833375620575     
  0.76837183326966163        43.955414836748830       0.92335688918543268     
  0.77672913338360017        32.711356684230701       0.39272778471234338     
  0.87049570519523178        27.153405889022448       0.16698359534477872     
  0.70931797118055917        42.533075756722312       0.35552763532110954     
  0.84133241382267787        30.193793485429353        7.5799030966650735E-002
  0.84139694355411954        22.409027699690963        1.1045826126016463     
  0.85820563862898358        28.800879381486755        8.1545977105769454E-002
  0.72936865936623874        29.650721684430241        1.2592518130754506     
  0.96757006812250823        28.578102936083134        1.0203235671584818     
  0.82804475334514638        30.097041220379548       0.18349482421736571     
  0.76837183326966163        29.598094790503392       0.85385148342723305     
  0.89579635010222769        27.496509856568242       0.19730407615919102     
   1.0062969289354571        19.743128353329826       0.39545476893861842     
  0.70931797118055917        42.533075756722312       0.35552763532110954     
  0.84133241382267787        22.841188757816585        1.0418114621222931     
  0.84139694355411954        30.195649244587781        7.5576291238399235E-002
  0.85690040271329126        28.800879381486755        8.7370708418871151E-002
  0.84847879332497833        29.650721684430241        7.2917177516871448E-002
  0.96757006812250823        23.195649438574005       0.35577511172682275     
  0.82804475334514638        30.097041220379548       0.18349482421736571     
  0.88319923038391590        27.403456709083287       0.10727461653760532     
  0.89579635010222769        27.496509856568242       0.19730407615919102     
  0.87049570519523178        27.153405889022448       0.16698359534477872     
  0.84690121984706401        31.577604272122290       0.23299959888994454     
  0.89369693582574850        30.193793485429353       0.51278251006141806     
  0.82234342261225768        30.842057945824745       0.15461992127837360     
  0.74503047699202785        28.800879381486755        1.2003155062675659     
  0.84847879332497833        24.050721839619221       0.79785430778698818     
  0.96757006812250823        26.386853086506235       0.72796839402859814     
  0.84138898501432813        30.100136183696566        7.9042583197570945E-002
  0.88319923038391590        27.403456709083287       0.10727461653760532     
  0.89579635010222769        29.382382986152241       0.42781725390462405     
  0.85919465900981740        27.153405889022448       0.26315467604485371     
  0.83732135365041638        31.577604272122290       0.14846204698368481     
  0.86580544975360452        27.674669272037931       0.14115506069887174     
  0.85315915920322583        30.195649244587781       0.12382450837740756     
  0.85820563862898358        28.800879381486755        8.1545977105769454E-002
  0.84847879332497833        31.810033194845872       0.27705086924106748     
  0.96757006812250823        29.985458375115023        1.2088653708369932     
  0.84138898501432813        30.100136183696566        7.9042583197570945E-002
  0.84718826849000950        27.403456709083287       0.34234640140353789     
  0.89579635010222769        26.890609675594014       0.14536343740505814     
  0.87049570519523178        27.153405889022448       0.16698359534477872     
  0.74544805451358520        35.534539876751474       0.41518923437791333     
  0.88063623798584245        30.193793485429353       0.38389653523377248     
  0.94809334816110780        30.195649244587781        1.0475923516068149     
  0.84791676006690964        30.597487672379845       0.12515913025049494     
  0.84847879332497833        29.850762340478912        7.1469144796984463E-002
  0.82402037872291134        23.195649438574005        1.1582305002582469     
  0.86001514670724133        30.100136183696566       0.17291178290527262     
  0.88319923038391590        27.403456709083287       0.10727461653760532     
  0.89579635010222769        26.890609675594014       0.14536343740505814     
  0.95877132416512745        27.153405889022448       0.74570287639250188     
  0.81189732663090985        32.416289022541392       0.11923228435208293     
  0.84133241382267787        30.193793485429353        7.5799030966650735E-002
  0.84139694355411954        30.481413607047344        7.7701996242923649E-002
  0.85820563862898358        28.800879381486755        8.1545977105769454E-002
  0.84847879332497833        29.850762340478912        7.1469144796984463E-002
  0.88636743009709629        28.403208970011828       0.21424027173587165     
  0.84138898501432813        32.502955969534341       0.29645905000055223     
  0.88319923038391590        27.403456709083287       0.10727461653760532     
  0.89586618077471902        26.964759979020457       0.15058747136441095     
  0.87049570519523178        27.153405889022448       0.16698359534477872     
  0.82605540740396211        30.794917827088295       0.12780864060712976     
  0.86577085247241481        28.300305258217790        8.5436569859200992E-002
  0.84228604816686881        30.156348438607871        7.4345418793796150E-002
  0.85820563862898358        28.800879381486755        8.1545977105769454E-002
  0.84847879332497833        29.850762340478912        7.1469144796984463E-002
  0.86432489044280969        28.403208970011828        8.3968357786111808E-002
  0.84138898501432813        31.006115778399028       0.11836229495905781     
  0.88319923038391590        27.403456709083287       0.10727461653760532     
  0.89579635010222769        25.647409756231959       0.17369926165774247     
  0.87049570519523178        27.153405889022448       0.16698359534477872     
  0.81189732663090985        29.597717369151493       0.40485611984601044     
  0.87675281544557548        30.193793485429353       0.34570526996100326     
  0.77749774279584827        34.461871078937619       0.22269375033011302     
  0.85820563862898358        31.567973464542767       0.34047796122552004     
  0.82823827739938161        29.850762340478912       0.21069563936235111     
  0.89599510177614572        28.403208970011828       0.30484174780870560     
  0.84138898501432813        30.100136183696566        7.9042583197570945E-002
  0.82770775952112219        27.403456709083287       0.53341281440219968     
  0.89579635010222769        26.890609675594014       0.14536343740505814     
  0.87049570519523178        27.153405889022448       0.16698359534477872     
  0.81267442104600951        32.416289022541392       0.11663264192121255     
  0.84133241382267787        31.177865998790093       0.13620111504635207     
  0.87815092210405055        27.879751915020801       0.10231435403046447     
  0.85820563862898358        31.025155512174031       0.27117142717093773     
  0.88633283874677782        29.850762340478912       0.39555535913429007     
  0.84102175105794341        28.403208970011828       0.26915094178997073     
  0.85993127966798555        28.662451861636043        8.3474609220619736E-002
  0.88319923038391590        26.336714329810672       0.17250904061580175     
  0.87719297357359616        26.890609675594014       0.15012980577079085     
  0.87049570519523178        27.164862715306921       0.16561770256949129     
  0.76985227205665185        35.005167217962118       0.24391660280993066     
  0.87790688467259270        30.193793485429353       0.35704316840697481     
  0.84735224745254911        30.156348438607871        8.1115862585439402E-002
  0.78440689942268094        34.009489388375009       0.20170833966903859     
  0.84771588584962554        29.850762340478912        7.1031673545248253E-002
  0.88250301114776852        28.403208970011828       0.17923741611924543     
  0.82907968595059700        31.315461960911762        8.8502499276522498E-002
  0.83714239064789775        27.403456709083287       0.44005960761049284     
  0.85534204137819347        30.103246010084892       0.13179876186936568     
  0.88741749616585608        27.164862715306921       0.11626075709193685     
  0.81267442104600951        28.341825418361154       0.55939897958916673     
  0.86966830340449952        30.193793485429353       0.27645239129815230     
  0.85265157009189407        30.156348438607871       0.11552822595370300     
  0.85820563862898358        28.153072504633307       0.14441356292539190     
  0.84771588584962554        29.850762340478912        7.1031673545248253E-002
  0.83077187281462417        31.545036014218322       0.10271004988718106     
  0.85002491715299611        30.100136183696566        9.1368603645914565E-002
  0.89262138578808692        27.403456709083287       0.16237849805251497     
  0.87385788878108750        30.103246010084892       0.30571180910161022     
  0.88741749616585608        27.164862715306921       0.11626075709193685     
  0.81347430401722587        32.528801597088275       0.11478110228923302     
  0.84133241382267787        28.970409983207482       0.19372612552602997     
  0.83251623487172011        30.988449465252454        8.3270791963262689E-002
  0.86024632803486900        28.800879381486755        7.6186468702875168E-002
  0.88453869477084790        27.502543565767194       0.11611306795201912     
  0.86432489044280969        29.532993396472172       0.14512540550346620     
  0.84138898501432813        30.100136183696566        7.9042583197570945E-002
  0.88319923038391590        31.596440965418289       0.59153349703757951     
  0.85534204137819347        30.103246010084892       0.13179876186936568     
  0.88741749616585608        27.164862715306921       0.11626075709193685     
  0.83251592760709203        32.528801597088275       0.21800787320633480     
  0.84133241382267787        30.193793485429353        7.5799030966650735E-002
  0.84228604816686881        31.220334485427930       0.14870569327214028     
  0.86701891200190884        28.654005804041436        8.6319838683989167E-002
  0.84771588584962554        31.993193745766401       0.29283962841511274     
  0.86432489044280969        28.384547657519764        8.4938838868504798E-002
  0.84138898501432813        29.797045729843195       0.10039183248479920     
  0.88319923038391590        28.582659271703733       0.20609508029167783     
  0.85534204137819347        30.103246010084892       0.13179876186936568     
  0.81724822878147463        31.806466008583087       0.11649176477739176     
  0.81347430401722587        32.528801597088275       0.11478110228923302     
  0.82960558237968374        31.279026467346505        8.7816391904706831E-002
  0.84228604816686881        30.156348438607871        7.4345418793796150E-002
  0.83007907311734419        28.800879381486755       0.32457850035393443     
  0.81161072745043572        29.850762340478912       0.37588523081915115     
  0.86432489044280969        28.403208970011828        8.3968357786111808E-002
  0.84138898501432813        28.707788388841706       0.22631166049605927     
  0.88668282285695355        27.354661881883395       0.11993361637643225     
  0.85534204137819347        30.103246010084892       0.13179876186936568     
  0.88741749616585608        29.486476362852731       0.35917920472126535     
  0.81347430401722587        32.528801597088275       0.11478110228923302     
  0.84133241382267787        30.193793485429353        7.5799030966650735E-002
  0.84228604816686881        30.911121088041998       0.11519307749777542     
  0.86024632803486900        29.804097176506247       0.14020132980593161     
  0.82936716150684031        31.208304111426703        8.7529126460556189E-002
  0.86432489044280969        29.929835389622806       0.19220556125541013     
  0.84138898501432813        30.100136183696566        7.9042583197570945E-002
  0.88319923038391590        31.600802523595753       0.59210014290192059     
  0.85534204137819347        30.103246010084892       0.13179876186936568     
  0.88741749616585608        28.504760513490169       0.23604429008495437     
  0.82252189491059735        31.946165083412030       0.10157094444423845     
  0.84133241382267787        28.795514374017895       0.21569262233526049     
  0.84720957338948244        30.156348438607871        8.0483052715304412E-002
  0.86024632803486900        28.800879381486755        7.6186468702875168E-002
  0.85774023959782031        29.010855973285185        7.3767376373542942E-002
  0.86432489044280969        28.403208970011828        8.3968357786111808E-002
  0.84138898501432813        27.934110036003126       0.32737289884751386     
  0.89741145910416797        25.987427218933032       0.14360237258651726     
  0.85534204137819347        30.103246010084892       0.13179876186936568     
  0.90490535125092586        26.240906265330860       0.16121323855326136     
  0.82252189491059735        32.936006392200042       0.18178768471063170     
  0.82644257080968375        30.193793485429353       0.18745491025481875     
  0.84228604816686881        30.156348438607871        7.4345418793796150E-002
  0.85984524071681201        28.789731841597288        7.7251651028353296E-002
  0.84771588584962554        31.808606845595413       0.26959349989338360     
  0.86432489044280969        28.403208970011828        8.3968357786111808E-002
  0.84138898501432813        27.510989994953796       0.38399014261238740     
  0.88319923038391590        25.886786475869354       0.22607992280895528     
  0.85534204137819347        27.636230482083640       0.23456755513932023     
  0.86071495932373510        27.164862715306921       0.24786535926671402     
  0.82252189491059735        31.946165083412030       0.10157094444423845     
  0.84133241382267787        30.337959073003450        7.4286922916512288E-002
  0.84228604816686881        30.064506325687407        7.7102006261233882E-002
  0.86024632803486900        28.335650772286758       0.10908811926788824     
  0.84771588584962554        31.208304111426703       0.19496352996499577     
  0.84014201965223523        28.403208970011828       0.27765842620603842     
  0.84138898501432813        28.005910111284759       0.31784214060002336     
  0.86890030739940793        28.352121081150976        8.3730397475574592E-002
  0.85534204137819347        30.103246010084892       0.13179876186936568     
  0.81378836170444913        27.164862715306921       0.70502347406577581     
  0.87240554718209540        31.946165083412030       0.52952828671342578     
  0.84133241382267787        30.337959073003450        7.4286922916512288E-002
  0.84133217556719964        31.031117914589629       0.12051846368431196     
  0.85418436639241602        28.800879381486755       0.10388492605063694     
  0.86284701721937840        29.850762340478912       0.16893882071394278     
  0.82462221645528078        31.188735571080407       0.10765064803861733     
  0.84138898501432813        27.908856610979889       0.33073081379412811     
  0.86890030739940793        28.352121081150976        8.3730397475574592E-002
  0.83274910130783475        30.103246010084892       0.13986808430079598     
  0.88430207709228070        27.582386694223050       0.11905994695691136     
  0.84517040077933736        30.231007322790219        7.6944542538043018E-002
  0.84133241382267787        28.777987574116224       0.21791520978564899     
  0.84228604816686881        31.578530250739281       0.19081286334475062     
  0.86683666549049798        28.800879381486755        9.3935180727346176E-002
  0.84847879332497833        29.705473832962451        7.1536785955331542E-002
  0.86432489044280969        30.396287224027702       0.25043275535772841     
  0.82486110213971453        30.100136183696566       0.21351013645910424     
  0.86890030739940793        28.352121081150976        8.3730397475574592E-002
  0.84997104666565815        30.103246010084892        9.1296831326928007E-002
  0.88741749616585608        29.135167748443234       0.31427148921134596     
  0.84517040077933736        30.231007322790219        7.6944542538043018E-002
  0.84133241382267787        30.337959073003450        7.4286922916512288E-002
  0.85480291939704489        30.156348438607871       0.13318739194922380     
  0.86024632803486900        29.316147431126407        9.1478193656745713E-002
  0.84771588584962554        29.705473832962451        7.3122092637099775E-002
  0.86432489044280969        28.403208970011828        8.3968357786111808E-002
  0.84138898501432813        30.100136183696566        7.9042583197570945E-002
  0.86890030739940793        29.388278226016460       0.16944114432988686     
  0.85213243877854306        29.661792483885833        7.3539962542399431E-002
  0.85107903630127935        29.675613489416872        7.1597506690361454E-002
  0.84517040077933736        30.231007322790219        7.6944542538043018E-002
  0.84133241382267787        28.699104193818055       0.22796026837755407     
  0.88104322902894217        30.156348438607871       0.38305841684817493     
  0.86661598549169971        28.800879381486755        9.2634248485049808E-002
  0.82570682794156169        31.249174422515384        9.8490401189804566E-002
  0.84727862372849627        28.403208970011828       0.20969144357532715     
  0.84138898501432813        29.658271066906618       0.11369264793715239     
  0.86890030739940793        27.590789421763038       0.12883071305238711     
  0.84320312858072477        30.454845518625881        8.2059615306955214E-002
  0.84449546964752653        29.675613489416872        8.9700080428743320E-002
  0.84517040077933736        30.231007322790219        7.6944542538043018E-002
  0.85994234286727955        29.029592180032555        7.5053678501898452E-002
  0.84228604816686881        29.603058854360444       0.11215606759351243     
  0.85062353440566418        28.800879381486755       0.13120059883132543     
  0.84771588584962554        29.850762340478912        7.1031673545248253E-002
  0.86432489044280969        28.403208970011828        8.3968357786111808E-002
  0.83694440648060320        30.100136183696566       0.10581701120724550     
  0.86890030739940793        28.646621212961595        9.5699173103012500E-002
  0.83307276334345848        29.661792483885833       0.18718975376117891     
  0.85107903630127935        28.892361697726432       0.11736617394015984     
  0.84292338730373384        30.231007322790219        7.3294079492807779E-002
  0.85399392882466796        29.162444220652013        7.6667887643056570E-002
  0.82709487499739220        30.156348438607871       0.18560819575013823     
  0.84613240229312925        29.762373758364117        7.5900038935175496E-002
  0.84771588584962554        28.347653347167519       0.21273041161123371     
  0.86432489044280969        29.338601480565998       0.12384153712751751     
  0.83642498877686922        30.307705018159659        9.2702357614078884E-002
  0.86027661921845189        28.352121081150976       0.10725779722066110     
  0.85213243877854306        29.661792483885833        7.3539962542399431E-002
  0.86754303398717680        28.228324643959251        8.5072884364563825E-002
  0.83787632121754596        30.542675715333285        7.7261749752794415E-002
  0.85203003515063302        30.337959073003450       0.13019429751823092     
  0.83103380076072153        30.156348438607871       0.14932928618209265     
  0.84613240229312925        29.409981506183623       0.10191237280345786     
  0.84771588584962554        30.120972280744873        8.0501408624644305E-002
  0.83541582084785038        28.403208970011828       0.32378586127700643     
  0.83668772438384198        30.507982804767575        8.0892481268518446E-002
  0.86890030739940793        28.352121081150976        8.3730397475574592E-002
  0.83541723012171754        29.661792483885833       0.16529060666705139     
  0.86284759030664038        29.675613489416872       0.14837837848162463     
  0.85302061358206627        30.231007322790219       0.12656194364266118     
  0.84829013284212895        29.795355797214654        7.0877412350769817E-002
  0.86333709343803611        30.156348438607871       0.21085484838512317     
  0.84613240229312925        29.762373758364117        7.5900038935175496E-002
  0.86623271659806911        28.477000728661775        8.0215833008747212E-002
  0.86432489044280969        28.740038417677944        7.9517621109568171E-002
  0.84425196512790712        29.999857257161405        7.3397100280601979E-002
  0.86890030739940793        28.729647178473570       0.10171276911360290     
  0.85213243877854306        29.661792483885833        7.3539962542399431E-002
  0.85249372895687725        29.675613489416872        7.5245929337538320E-002
  0.82320305353988976        31.546855563756040        9.8856570450062950E-002
  0.84829013284212895        29.795355797214654        7.0877412350769817E-002
  0.84228604816686881        30.156348438607871        7.4345418793796150E-002
  0.84613240229312925        28.577572532018781       0.19818526398873310     
  0.84771588584962554        29.896464167607189        7.1458204449035570E-002
  0.86129821609462398        28.887373276737840        7.5434467281656814E-002
  0.84513702411061231        29.923415533858584        7.3227134684396150E-002
  0.85901912212936105        28.352121081150976       0.11581364726425604     
  0.85213243877854306        29.661792483885833        7.3539962542399431E-002
  0.85107903630127935        29.675613489416872        7.1597506690361454E-002
  0.84292338730373384        30.231007322790219        7.3294079492807779E-002
  0.82699872545609765        29.795355797214654       0.22940702782312938     
  0.84658115592609884        30.028278817140723        7.2777102844501201E-002
  0.84613240229312925        29.940796731791767        7.1518197948730516E-002
  0.84715591983070271        29.834537277178686        7.1388148898781409E-002
  0.86129821609462398        29.547182768201424       0.12090334535279872     
  0.84513702411061231        29.923415533858584        7.3227134684396150E-002
  0.85702578987651001        29.036376040516096        7.4064577124671863E-002
  0.85213243877854306        29.661792483885833        7.3539962542399431E-002
  0.85107903630127935        29.675613489416872        7.1597506690361454E-002
  0.85164761541897582        29.588293225453601        7.0893837798415307E-002
  0.84829013284212895        29.795355797214654        7.0877412350769817E-002
  0.84658115592609884        30.028278817140723        7.2777102844501201E-002
  0.84838203916790100        29.874103750419277        7.1804973349166398E-002
  0.85044249241363978        29.707161462115739        7.1290093840795016E-002
  0.83830066158885441        30.583542171897189        7.7001316485343113E-002
  0.85657236537970249        29.089383801334623        7.3298248915717901E-002
  0.85469678067163135        29.036376040516096        8.1193638577980023E-002
  0.84927653762777611        29.732711139884440        7.0737635217225731E-002
  0.85107903630127935        29.159396685340212        9.1204608952154237E-002
  0.84479333489569930        29.979101876880581        7.2735602149958653E-002
  0.84829013284212895        29.711465170588944        7.1727187245948495E-002
  0.84060780789936163        30.478812346995944        7.6256433022010794E-002
  0.85942361942223400        29.023491764077768        7.3999487570317754E-002
  0.84771588584962554        29.698124890617724        7.3362961816499817E-002
  0.86129821609462398        29.757413435958149       0.14408462602788435     
  0.84513702411061231        29.923415533858584        7.3227134684396150E-002
  0.85702578987651001        29.036376040516096        7.4064577124671863E-002
  0.85043184308016528        29.732711139884440        7.1811497011956091E-002
  0.84421676707692328        29.996098545898636        7.3563027070437770E-002
  0.85388431725181102        29.588293225453601        7.6204589601496550E-002
  0.84523785402099094        29.795355797214654        7.7835281593514313E-002
  0.84087883025288412        30.387687045751377        7.4760493068004266E-002
  0.83831300219873039        29.940796731791767       0.11012674232985455     
  0.85554407574207625        29.850762340478912       0.10660425440875966     
  0.86129821609462398        29.155844835339199        8.6104127186180712E-002
  0.84645638758755970        29.962825644451776        7.1519952693467892E-002
  0.85160800386568780        29.036376040516096        9.8831371697214621E-002
  0.84927653762777611        29.732711139884440        7.0737635217225731E-002
  0.85107903630127935        29.145597295981457        9.2391839655012117E-002
  0.85164761541897582        29.588293225453601        7.0893837798415307E-002
  0.84486353265230230        29.795355797214654        7.9483569954196170E-002
  0.85278493907860087        29.671015406237018        7.6082291278519010E-002
  0.84613240229312925        29.940796731791767        7.1518197948730516E-002
  0.85483169059569430        29.850762340478912       0.10134220405685898     
  0.86129821609462398        28.325722724203601       0.10338057838366328     
  0.84805356675109311        29.962825644451776        7.3749367114432113E-002
  0.85702578987651001        29.036376040516096        7.4064577124671863E-002
  0.84963554053415180        29.732711139884440        7.0866106205110024E-002
  0.85107903630127935        29.864361697910674        7.9690532430661820E-002
  0.85164761541897582        29.588293225453601        7.0893837798415307E-002
  0.84829013284212895        29.795355797214654        7.0877412350769817E-002
  0.83935305484043599        30.655682804360673        8.0121643838548251E-002
  0.84613240229312925        29.954877925418703        7.1498838198936709E-002
  0.84771588584962554        29.623274875162185        7.6496608372612296E-002
  0.86129821609462398        29.965316036995929       0.16846885726805261     
  0.84480876874140665        29.962825644451776        7.3026734022447512E-002
  0.84721524906254220        29.036376040516096       0.13285208585514033     
  0.84927653762777611        30.363303310027664       0.11097294002925262     
  0.85783766576586806        28.988206171610866        7.4209611773744244E-002
  0.85164761541897582        29.588293225453601        7.0893837798415307E-002
  0.84829013284212895        29.795355797214654        7.0877412350769817E-002
  0.84658115592609884        30.028278817140723        7.2777102844501201E-002
  0.84392942506325497        30.176130663139691        7.2943498176437457E-002
  0.85259157047150103        29.557882664322332        7.1600068048134055E-002
  0.85569096411993140        29.250842897506836        7.1684793745046521E-002
  0.84645638758755970        30.478922053046457       0.10208314232334145     
  0.85702578987651001        29.036376040516096        7.4064577124671863E-002
  0.84676122936005860        29.910444568311849        7.1279878257887314E-002
  0.84991852756907638        29.675613489416872        7.0662983627412565E-002
  0.85500973950911408        29.588293225453601        8.1161214646785024E-002
  0.85927705684674327        29.795355797214654       0.13087869333763261     
  0.84658115592609884        30.028278817140723        7.2777102844501201E-002
  0.85524240330588008        29.191214187735305        7.2604429184830288E-002
  0.84156242842042150        29.850762340478912        9.4540520104835921E-002
  0.85569096411993140        29.250842897506836        7.1684793745046521E-002
  0.84645638758755970        29.615553959577401        8.2769338187125160E-002
  0.85942344807061499        28.914623698349015        7.4337180509046488E-002
  0.84522409264032916        29.993985436567851        7.1960936791674437E-002
  0.84991852756907638        29.675613489416872        7.0662983627412565E-002
  0.85164761541897582        30.288730332281048       0.12164561620967511     
  0.85335555172224398        29.428634787223061        7.0943412135779704E-002
  0.84896477363792056        30.028278817140723        8.0277670740370496E-002
  0.84903662788663692        29.954877925418703        7.6403349126317618E-002
  0.85062192223142674        29.850762340478912        7.6965983915381495E-002
  0.85569096411993140        29.250842897506836        7.1684793745046521E-002
  0.84645638758755970        29.962825644451776        7.1519952693467892E-002
  0.85413478116785047        29.036376040516096        8.3815799195906981E-002
  0.84931627123065412        29.732711139884440        7.0742648588029797E-002
  0.85260451363055390        29.509963432008028        7.0931867839131843E-002
  0.84447151976911228        29.588293225453601        9.7245083906233487E-002
  0.85141981655690546        29.795355797214654        7.7166094749839154E-002
  0.84658115592609884        30.028278817140723        7.2777102844501201E-002
  0.84613240229312925        29.954877925418703        7.1498838198936709E-002
  0.84771588584962554        29.023232587282891       0.13013277118658470     
  0.85569096411993140        29.250842897506836        7.1684793745046521E-002
  0.84992576464715008        29.962825644451776        8.0546394548924566E-002
  0.85126490952409140        29.036376040516096       0.10119657601573277     
  0.85551378318059912        29.732711139884440        9.5287067521069274E-002
  0.84991852756907638        29.533600308087422        7.3119687180411133E-002
  0.85331026928554543        29.588293225453601        7.4222474370861269E-002
  0.84210460743859683        30.343491818648975        7.4616862132502626E-002
  0.84417372577643690        30.028278817140723        7.2991056313657460E-002
  0.84613240229312925        30.063375541303376        7.2982239337890553E-002
  0.84123458501251402        30.348276907255268        7.4380106793870901E-002
  0.85141881416302012        29.541165182729419        7.0726270469934779E-002
  0.84645638758755970        29.962825644451776        7.1519952693467892E-002
  0.85702578987651001        29.036376040516096        7.4064577124671863E-002
  0.84847284810746781        29.880789633886003        7.2098823978288470E-002
  0.85433069806975359        29.382345729444790        7.1320599617791011E-002
  0.85103593138257727        29.588293225453601        7.0645255086942527E-002
  0.84771167612635578        29.795355797214654        7.1219031901580909E-002
  0.85494296956188054        30.028278817140723       0.12025524705281757     
  0.84760979868754671        29.954877925418703        7.2552010902958403E-002
  0.84771588584962554        29.850762340478912        7.1031673545248253E-002
  0.85004446145842016        29.637697651737820        7.0747506785475187E-002
  0.84645638758755970        29.991581586580711        7.1860209265171948E-002
  0.85085743768601552        29.595261196740580        7.0651606980066187E-002
  0.84800870268658246        29.732711139884440        7.1775494333964462E-002
  0.84944332358140484        29.701197740594093        7.0709878629885037E-002
  0.85103593138257727        28.794771004153898       0.12850643040108439     
  0.84829013284212895        29.795355797214654        7.0877412350769817E-002
  0.84658115592609884        30.028278817140723        7.2777102844501201E-002
  0.84613240229312925        29.954877925418703        7.1498838198936709E-002
  0.84771588584962554        29.850762340478912        7.1031673545248253E-002
  0.85141881416302012        29.541165182729419        7.0726270469934779E-002
  0.84645638758755970        29.962825644451776        7.1519952693467892E-002
  0.85304770650917294        29.429859809408423        7.0900578982720286E-002
  0.85113485606818617        29.732711139884440        7.3377133638927367E-002
  0.85041357026846820        29.675613489416872        7.0824777197782157E-002
  0.84883929255021862        29.753943282862444        7.0780162782675446E-002
  0.84829013284212895        29.795355797214654        7.0877412350769817E-002
  0.84658115592609884        30.028278817140723        7.2777102844501201E-002
  0.85001937423022211        29.654588094315223        7.0674674863851747E-002
  0.84879505275859457        29.850762340478912        7.1894531433619041E-002
  0.85141881416302012        29.701824418622920        7.3040172737123904E-002
  0.85308813723087129        29.962825644451776        9.9473024734465704E-002
  0.84957506484983691        29.705910274363919        7.0695168460277472E-002
  0.84927653762777611        29.727253394557945        7.0725483584769017E-002
  0.84991852756907638        29.675613489416872        7.0662983627412565E-002
  0.85072962515822304        29.625995659632945        7.0655657648649853E-002
  0.85197732922025315        29.795355797214654        7.9570810451462026E-002
  0.84996359314920500        29.726162509825048        7.1049377731621885E-002
  0.84832207135340831        29.805400556509039        7.0895080527211149E-002
  0.84771588584962554        29.850762340478912        7.1031673545248253E-002
  0.85141881416302012        29.330837387113384        7.7273256964308021E-002
  0.85004971654821337        29.625561882859390        7.0844964267127150E-002
  0.85085743768601552        29.688546094778854        7.1520685979561086E-002
  0.84927653762777611        29.427794131875107        8.0906691509841505E-002
  0.84953937272858349        29.675613489416872        7.0779747322250591E-002
  0.84818554206844732        29.588293225453601        7.6419214548565512E-002
  0.84829013284212895        29.471178825233054        8.2995032789549714E-002
  0.85000019724631204        29.669934198229260        7.0658204286497536E-002
  0.85236000386371791        29.654588094315223        7.3927010485319133E-002
  0.84771588584962554        29.850762340478912        7.1031673545248253E-002
  0.85061831577783942        29.541165182729419        7.1474709615512624E-002
  0.85004971654821337        29.625561882859390        7.0844964267127150E-002
  0.85095591757927680        29.595261196740580        7.0642293084060212E-002
  0.85260507248898676        29.727253394557945        7.8343537362630986E-002
  0.84991852756907638        29.805449119536402        7.2817594176187675E-002
  0.85099631594105618        29.623791077749498        7.0749391760771982E-002
  0.85021586701288243        29.795355797214654        7.3200028163858566E-002
  0.85109355487632488        29.669934198229260        7.1500203167122980E-002
  0.85001937423022211        29.654588094315223        7.0674674863851747E-002
  0.84771588584962554        29.850762340478912        7.1031673545248253E-002
  0.85141881416302012        29.541165182729419        7.0726270469934779E-002
  0.85044971599608288        29.608753045861846        7.0727295117022942E-002
  0.85178582958743709        29.595261196740580        7.1121420248259362E-002
  0.84979424319758934        29.718356478977451        7.0828592821041064E-002
  0.84991852756907638        29.675613489416872        7.0662983627412565E-002
  0.85054686740192775        29.588293225453601        7.0836677084940111E-002
  0.84829013284212895        29.795355797214654        7.0877412350769817E-002
  0.85000019724631204        29.791118568025755        7.2552578134389020E-002
  0.84788088561220909        29.654588094315223        7.4491426404498726E-002
  0.84980148540186584        29.850762340478912        7.4160968060841562E-002
  0.84928394895799553        29.541165182729419        7.4688771361150957E-002
  0.85209523829061140        29.489325954359991        7.0801176461656540E-002
  0.85089190653663638        29.595261196740580        7.0646745195529645E-002
  0.84927653762777611        29.574475082237822        7.3395390928148729E-002
  0.84991852756907638        29.563617639754721        7.2190303163814071E-002
  0.85362158164412572        29.588293225453601        7.5248321775047075E-002
  0.85065049936401649        29.795355797214654        7.4425878342049723E-002
  0.85000019724631204        29.669934198229260        7.0658204286497536E-002
  0.85245133846867516        29.460326519036467        7.0868426641516186E-002
  0.84938385217759638        29.733304988188518        7.0759405168992359E-002
  0.85141881416302012        29.645052856278287        7.1495278609740531E-002
  0.84997904040167582        29.608753045861846        7.1125218526468525E-002
  0.84876885346211095        29.595261196740580        7.4084880139793002E-002
  0.84927653762777611        29.541202720186366        7.4711451050706049E-002
  0.85138438882556211        29.572028472082533        7.0663268084101102E-002
  0.84964209124067036        29.588293225453601        7.2092915497748572E-002
  0.84829013284212895        29.615989186964974        7.4760446058217064E-002
  0.85000019724631204        29.522620603183199        7.3289726091672405E-002
  0.85060898231213877        29.654588094315223        7.0763431192791229E-002
  0.84991641279798480        29.711306950499317        7.0837934546476369E-002
  0.85129539073708294        29.541165182729419        7.0781672452236211E-002
  0.85044971599608288        29.570989918289193        7.1157449747721313E-002
  0.84932794799093780        29.595261196740580        7.2578848497377446E-002
  0.84927653762777611        29.727253394557945        7.0725483584769017E-002
  0.85030903531254887        29.631389125161611        7.0668418892554888E-002
  0.85103593138257727        29.588293225453601        7.0645255086942527E-002
  0.84829013284212895        29.795355797214654        7.0877412350769817E-002
  0.85000019724631204        29.669934198229260        7.0658204286497536E-002
  0.85250339604183289        29.470733283659246        7.0801242179135568E-002
  0.84935265630282641        29.733304988188518        7.0751868300838808E-002
  0.85239632399294207        29.541165182729419        7.1066132501037660E-002
  0.84887737994344969        29.753895206015926        7.0775717275668656E-002
  0.85089058183748822        29.599804629690670        7.0641127608691887E-002
  0.84927653762777611        29.734212451001682        7.0742297232198562E-002
  0.84991852756907638        29.675613489416872        7.0662983627412565E-002
  0.85018279144052689        29.655744160279284        7.0648884206849338E-002
  0.85045164609310719        29.628362016767941        7.0645708113394129E-002
  0.84866549519000611        29.800732261126441        7.0958333902088347E-002
  0.84990443593693932        29.680256888986960        7.0667071167172107E-002
  0.85004162291697050        29.681134624527502        7.0688853570444229E-002
  0.85141881416302012        29.459245541579826        7.2039481560959920E-002
  0.85044971599608288        29.608753045861846        7.0727295117022942E-002
  0.85209081111264318        29.492245984340709        7.0785060286283188E-002
  0.84999223481816522        29.666000477805397        7.0658956394496916E-002
  0.84872453229656430        29.675613489416872        7.1730577369689727E-002
  0.85103593138257727        29.588293225453601        7.0645255086942527E-002
  0.85045164609310719        29.675577506182179        7.0851545602794372E-002
  0.85071381031473658        29.603833028553243        7.0655683748653289E-002
  0.84990443593693932        29.678784124816058        7.0665374510324910E-002
  0.85004162291697050        29.681134624527502        7.0688853570444229E-002
  0.85169035654338543        29.524224624403537        7.0730276508718548E-002
  0.85044971599608288        29.640376369275430        7.0644356604247352E-002
  0.85042315360591214        29.631859662742141        7.0644256961111193E-002
  0.84999223481816522        29.558134037515838        7.2187964058637852E-002
  0.85055010903762329        29.611168852023667        7.0673004669453809E-002
  0.85103593138257727        29.588293225453601        7.0645255086942527E-002
  0.85045164609310719        29.544284609971307        7.1672984721654301E-002
  0.85039962672271019        29.658254955820912        7.0690716108547685E-002
  0.84990443593693932        29.617396725186417        7.1082616023738610E-002
  0.85004162291697050        29.701231246543848        7.0822563121763826E-002
  0.85054715470343467        29.627597888595353        7.0639070412785207E-002
  0.85044971599608288        29.565630807515134        7.1247426636398201E-002
  0.85089058183748822        29.599804629690670        7.0641127608691887E-002
  0.84999223481816522        29.682215837812869        7.0681923312952644E-002
  0.84991852756907638        29.675613489416872        7.0662983627412565E-002
  0.85140945959931713        29.588293225453601        7.0732713902292674E-002
  0.85045164609310719        29.538586514360290        7.1806122966499908E-002
  0.85071926155213717        29.610055455255523        7.0641631976295916E-002
  0.84990443593693932        29.624210595724460        7.0989480581584066E-002
  0.85024256511755802        29.645008754772427        7.0649662861596671E-002
  0.85098492282836902        29.587260202156859        7.0651079233936320E-002
  0.85044971599608288        29.655042484465802        7.0692006680237729E-002
  0.85105316032181999        29.599804629690670        7.0654914577268108E-002
  0.84999223481816522        29.666000477805397        7.0658956394496916E-002
  0.84963899298283807        29.675613489416872        7.0728861586864575E-002
  0.85152408010338132        29.550925667796758        7.0671545330760491E-002
  0.85014068531197073        29.658020204570857        7.0650542284428949E-002
  0.85100834673193582        29.589001830463470        7.0645878967842149E-002
  0.84990443593693932        29.690397657781784        7.0693664487042909E-002
  0.85116580205027592        29.571584804824585        7.0662918880835507E-002
  0.85118774188988333        29.575151461266273        7.0653083575651227E-002
  0.85044971599608288        29.680568499957371        7.0904585521617644E-002
  0.85089058183748822        29.609141209527291        7.0645729455199049E-002
  0.84999223481816522        29.685960532976821        7.0696691041464893E-002
  0.84958977566506466        29.693268853973180        7.0691095871995069E-002
  0.85152539494100488        29.588293225453601        7.0800938713721825E-002
  0.85045164609310719        29.637928240126989        7.0641789378824829E-002
  0.85007437480118975        29.656466901777058        7.0658285813241142E-002
  0.85015098362611263        29.657510322992241        7.0650114891477059E-002
  0.85024256511755802        29.648862230342353        7.0646550635225472E-002
  0.84982847708797626        29.627597888595353        7.1023346237598511E-002
  0.85083807719639626        29.603241272022640        7.0640627840290321E-002
  0.85089058183748822        29.599804629690670        7.0641127608691887E-002
  0.84980434809715333        29.666000477805397        7.0704245379557495E-002
  0.85040197941754880        29.640627058573848        7.0642194537696060E-002
  0.85107110158690291        29.588293225453601        7.0644857653816742E-002
  0.85045164609310719        29.628482287845362        7.0645514637702050E-002
  0.85071926155213717        29.591993271208064        7.0706228926672762E-002
  0.85015098362611263        29.657510322992241        7.0650114891477059E-002
  0.85091923661979862        29.648862230342353        7.0937948741482126E-002
  0.85089603292651261        29.597689259354386        7.0642788066606579E-002
  0.84988989712754315        29.603241272022640        7.1333413098899248E-002
  0.85089058183748822        29.599804629690670        7.0641127608691887E-002
  0.84999223481816522        29.666000477805397        7.0658956394496916E-002
  0.85122649141469575        29.640627058573848        7.1149080138848311E-002
  0.85107110158690291        29.608682476375307        7.0692513218358219E-002
  0.85032100868200422        29.637928240126989        7.0648972594731060E-002
  0.85071926155213717        29.645142310187278        7.0752817421181877E-002
  0.85015098362611263        29.653283274378953        7.0651672051694314E-002
  0.85024256511755802        29.632722501457224        7.0684734268964544E-002
  0.85054715470343467        29.627597888595353        7.0639070412785207E-002
  0.85083807719639626        29.600471264354500        7.0643815999247128E-002
  0.85089058183748822        29.599804629690670        7.0641127608691887E-002
  0.84999223481816522        29.679472739708306        7.0673357416634885E-002
  0.85040197941754880        29.678189811164721        7.0842014907006937E-002
  0.85091216017976112        29.588293225453601        7.0660933564462861E-002
  0.85045164609310719        29.637928240126989        7.0641789378824829E-002
  0.85071926155213717        29.610055455255523        7.0641631976295916E-002
  0.85015098362611263        29.686731145824222        7.0763149663652131E-002
  0.84998311018583561        29.648862230342353        7.0711040032505293E-002
  0.85054715470343467        29.627597888595353        7.0639070412785207E-002
  0.85083807719639626        29.595716492392501        7.0653833653182341E-002
  0.85089058183748822        29.607787658229654        7.0643689749901956E-002
  0.84948478746270562        29.666000477805397        7.0898805049873337E-002
  0.85059568500311400        29.628014711907678        7.0640491514995074E-002
  0.85113985819869564        29.584814505609032        7.0647224825258564E-002
  0.85045164609310719        29.637928240126989        7.0641789378824829E-002
  0.85071926155213717        29.604143752972192        7.0653656724711800E-002
  0.85015098362611263        29.657510322992241        7.0650114891477059E-002
  0.85024256511755802        29.648862230342353        7.0646550635225472E-002
  0.85067415374979261        29.627597888595353        7.0649023922688584E-002
  0.85083807719639626        29.603241272022640        7.0640627840290321E-002
  0.85089058183748822        29.599804629690670        7.0641127608691887E-002
  0.84999223481816522        29.654984867986013        7.0681365399438048E-002
  0.85075654602105943        29.615836754550795        7.0640096589545343E-002
  0.85107110158690291        29.588293225453601        7.0644857653816742E-002
  0.85045164609310719        29.637928240126989        7.0641789378824829E-002
  0.85071926155213717        29.610055455255523        7.0641631976295916E-002
  0.85054715470343467        29.627597888595353        7.0639070412785207E-002
