  0.95473540006953517        26.406941518091049        2.5833034811514546
   3.8291482249100506        26.820272998433420        51.774043329014468
   5.9413247441704806        38.901542982851488        95.148997376148927
   2.1827916271252858        33.284695575787850        35.020101988940461
   9.0049035769838763        48.497291382445198        142.25056413633956
   6.9128072648736829        29.606239732567868        92.051830219080827
   1.1806489139148846        3.1374385968720162        26.945213239119244
   2.9361284320842485        10.357820256192763        13.659568269383678
   2.1172757725131417        48.273043343533864        49.037339178398987
   1.0236878997284105        46.946108608679907        22.091741016754302
   0.0000000000000000        8.7346616266077284                            NaN
   3.8291482249100506        26.820272998433420        51.774043329014468
   5.9413247441704806        38.901542982851488        95.148997376148927
   2.1827916271252858        33.284695575787850        35.020101988940461
   9.0049035769838763        48.497291382445198        142.25056413633956
   9.1867605384180884        22.279135283462509        101.13677957449511
  0.31598623758187383        0.0000000000000000                            NaN
   2.9361284320842485        44.100375548077196        59.868016048072668
   2.7757906886613197        48.273043343533864        61.446298180340428
   1.6595571137866973        46.946108608679907        38.107142319834288
  0.95473540006953517        20.904738271933606        3.2393897258396369
   3.8291482249100506        26.820272998433420        51.774043329014468
   5.9413247441704806        38.901542982851488        95.148997376148927
   2.1827916271252858        18.486887415065063        16.423581019527312
   9.0049035769838763        48.497291382445198        142.25056413633956
   6.3261929899857678        29.606239732567868        85.774270755101540
   1.1806489139148846        12.207240153899431        9.8060431346969228
   2.9361284320842485        10.357820256192763        13.659568269383678
   0.0000000000000000        48.273043343533864                            NaN
   1.0236878997284105        46.946108608679907        22.091741016754302
  0.95473540006953517        0.0000000000000000                            NaN
   3.8291482249100506        26.820272998433420        51.774043329014468
   5.5025572443201725        16.077900196269052        53.617215616512468
   2.1827916271252858        18.486887415065063        16.423581019527312
   4.7257596357011140        48.497291382445198        91.926758632131481
   6.3261929899857678        41.756687396381537        103.60918835629083
   1.1806489139148846        12.207240153899431        9.8060431346969228
   2.9361284320842485        49.325554654738006        65.323987766297265
   2.1172757725131417        48.273043343533864        49.037339178398987
   0.0000000000000000        46.946108608679907                            NaN
   0.0000000000000000        26.406941518091049                            NaN
   3.8291482249100506        26.820272998433420        51.774043329014468
   0.0000000000000000        16.077900196269052                            NaN
   2.1827916271252858        9.0500683626041152        3.8499629613507036
   0.0000000000000000        48.497291382445198                            NaN
  0.42784498910960322        29.606239732567868        10.532995785960079
   1.1806489139148846        43.550826681184802        23.671331463237362
   2.5333859509256706        0.0000000000000000                            NaN
   2.1172757725131417        48.273043343533864        49.037339178398987
   0.0000000000000000        46.946108608679907                            NaN
  0.95473540006953517        41.519782837992913        15.887947775577151
   3.8291482249100506        26.820272998433420        51.774043329014468
   5.5025572443201725        38.065881858621140        88.731666459259714
   2.1827916271252858        25.753160388922289        26.123098805271379
   4.7257596357011140        42.752664146949968        84.954523386786818
  0.42784498910960322        0.0000000000000000                            NaN
   1.1806489139148846        12.207240153899431        9.8060431346969228
   1.2087002854961317        20.381765069048537        1.9738691830486557
   2.5565776961830062        24.171623124748216        30.044073708283811
   1.0236878997284105        19.677855720243620        3.1279073186931510
   1.1573729031428708        28.671501381749380        9.6278419339780044
   3.8291482249100506        26.820272998433420        51.774043329014468
   5.5025572443201725        16.077900196269052        53.617215616512468
   2.1827916271252858        14.861505001897431        11.086951098541991
   0.0000000000000000        2.4434392117600723                            NaN
  0.42784498910960322        29.606239732567868        10.532995785960079
   1.1806489139148846        17.444205890207989        2.7493768528746720
   0.0000000000000000        36.826702165019540                            NaN
   2.5565776961830062        34.559172785916203        42.919155463250654
   1.0236878997284105        11.583404220751593        13.584443764221501
   1.9642224160018553        26.406941518091049        23.184846394686648
   3.8291482249100506        33.304892895868690        60.664909198934893
   2.2092612584258817        0.0000000000000000                            NaN
   5.5174026610628459        20.773800413225107        62.333599458722212
   1.6302225992144339        42.599397123845847        33.549386389312168
  0.42784498910960322        34.337956821817855        7.1447052678162768
   0.0000000000000000        20.636959913757462                            NaN
   3.5654839240058651        13.906786726265207        27.789439024533124
   2.5565776961830062        26.799967672893139        33.496840490001532
  0.26411483838217142        28.818164946219817        18.249521093190499
  0.95473540006953517        19.876286316985134        4.3803561117404879
   3.8291482249100506        26.820272998433420        51.774043329014468
   5.5025572443201725        23.959051737378047        67.578149847649783
   2.1827916271252858        9.0500683626041152        3.8499629613507036
   1.5661789851933343        22.527618512901721        11.313217626406077
   0.0000000000000000        20.519781060805215                            NaN
  0.21449312534152276        17.444205890207989        28.924846000997629
   1.2087002854961317        7.7584657687185956        16.632901083942642
   2.5565776961830062        24.171623124748216        30.044073708283811
   2.0930251078245758        26.695762138257109        25.769628286235331
  0.95473540006953517        26.406941518091049        2.5833034811514546
   3.8291482249100506        26.820272998433420        51.774043329014468
  0.24531656092466236        16.077900196269052        28.694220161989687
   2.1827916271252858        19.934767706707586        18.460478508651931
   1.5661789851933343        28.305902531359951        17.944096126651594
   1.3537002721348652        35.231959951382898        20.500417170302608
   1.8054101068784845        6.2873113586875320        11.069356776900255
   1.2087002854961317        20.381765069048537        1.9738691830486557
   2.5565776961830062        24.171623124748216        30.044073708283811
   1.0236878997284105        19.677855720243620        3.1279073186931510
  0.95473540006953517        26.406941518091049        2.5833034811514546
   2.6269922435533468        26.820272998433420        34.622947179682761
  0.24531656092466236        16.077900196269052        28.694220161989687
   2.1827916271252858        9.0500683626041152        3.8499629613507036
   1.5661789851933343        22.527618512901721        11.313217626406077
   1.0266447745172413        20.427133116818929        2.2315313566622672
  0.43677025484979148        16.810594418989073        21.115640159952449
   3.3050586370272663        20.381765069048537        35.253195189140953
   1.4351030098822641        33.027161483545484        20.157343322708741
  0.25090959250241496        19.677855720243620        25.472754621168953
  0.95473540006953517        26.406941518091049        2.5833034811514546
   3.3137694346427411        39.176446553029535        60.419602384771210
  0.24531656092466236        14.602400984556409        30.003732972566610
   2.1827916271252858        9.0500683626041152        3.8499629613507036
   1.5661789851933343        18.683507152312629        6.5530442594421965
   1.0266447745172413        31.200694806166233        8.9393031260911666
   1.1283636856694927        22.777026916036636        2.8576834122317236
   1.2311413827611295        20.381765069048537        2.3900243708561093
   1.9909435124095207        11.482301333985429        3.8318956335864010
   1.0236878997284105        20.408824994300485        2.3115683625095551
  0.95473540006953517        26.406941518091049        2.5833034811514546
   3.3160754163915245        26.820272998433420        44.785285163460784
  0.24531656092466236        16.077900196269052        28.694220161989687
   2.1827916271252858        24.528538353538220        24.574739147488295
   1.5661789851933343        18.683507152312629        6.5530442594421965
   0.0000000000000000        20.427133116818929                            NaN
   1.0815010779440024        22.349653833221371        1.4470167674251682
   1.2087002854961317        8.1113877374901442        15.994669724517587
   1.5233021322632272        14.293902232077738        2.0934623315323893
   1.6756355287854707        20.408824994300485        10.675121087896668
  0.95473540006953517        21.320683794251092        2.7874709574628689
   2.6269922435533468        26.820272998433420        34.622947179682761
   0.0000000000000000        27.663453130345324                            NaN
   1.8017922278732703        9.0500683626041152        5.8607961924090297
   1.5661789851933343        18.683507152312629        6.5530442594421965
  0.84519846988992131        26.008680360810313       0.66747660310450108
  0.72806023448862256        28.794255114136277        1.2853598406248288
  0.87234062509727561        20.381765069048537        5.6971579426550756
   2.3707171764907793        14.293902232077738        12.902143041773714
  0.19793395433354177        20.408824994300485        27.474766170947213
  0.95473540006953517        26.406941518091049        2.5833034811514546
  0.43434921805409688        26.820272998433420        12.419159334024361
  0.24531656092466236        16.077900196269052        28.694220161989687
   2.1827916271252858        9.0500683626041152        3.8499629613507036
   1.8471944965255536        18.683507152312629        11.341796501629204
  0.84519846988992131        16.921675055453218        10.242111901177989
  0.72806023448862256        28.794255114136277        1.2853598406248288
   2.2996145696827215        20.381765069048537        20.900807958486425
   1.5233021322632272        12.077520013288668        4.5766703295713951
  0.46846463868585791        25.592512701427559        12.178340943608847
  0.95473540006953517        26.406941518091049        2.5833034811514546
   0.0000000000000000        26.820272998433420                            NaN
  0.44156119636059232        16.077900196269052        21.700254535440081
  0.99352949383948963        24.128072442886630        1.2775502240415779
   1.5661789851933343        11.629473177674146        4.6677012538008578
  0.84519846988992131        19.829932868187576        6.9401691119938764
  0.53532604852087828        33.366184783532383        3.7589612067637947
   1.2087002854961317        20.381765069048537        1.9738691830486557
   1.2279101981416494        14.293902232077738        5.9799731592501413
   1.0236878997284105        32.508088144650401        10.069746276493698
   1.3470916788216198        26.406941518091049        11.421760171532648
  0.45864513322013617        26.820272998433420        11.532219822231841
  0.44156119636059232        31.082916292774399        8.9111201752122842
   1.4166263600749280        28.132971387924847        14.722914123747151
   1.3901300576384097        13.936457149774217        3.8454927724264722
  0.55439701740495295        30.510212594219734        5.2648495611340680
  0.79600683976426290        28.794255114136277       0.74694693282385882
  0.87509395657690270        11.824876359722866        16.135406691903274
   1.7448422135271713        14.293902232077738        3.8833284674361273
   1.0236878997284105        21.995599970490751       0.77350394559305724
  0.95473540006953517        29.708004363465271        5.7352817882357892
  0.45864513322013617        32.516982421291864        7.2088833498193869
  0.44156119636059232        18.156744689626073        19.653761920646833
  0.63871842734627127        23.625562549740973        8.5028046081117843
                                0.92013055470061444        24.580929316521150       0.41884507911087637
   1.2867731078730391        26.008680360810313        9.7233222677972790
   6.5314685283210605E-002   40.916639754387482        27.472535484432029
   1.2087002854961317        18.447010817261319        1.3299599974578091
   1.4258792261167597        14.293902232077738        2.9049971778732524
  0.83387052167888986        21.995599970490751        4.9064657727407850
  0.95473540006953517        26.406941518091049        2.5833034811514546
  0.47255712062308686        32.516982421291864        6.6781500715730058
  0.44156119636059232        31.082916292774399        8.9111201752122842
   1.3970992438407923        24.128072442886630        9.9200641327983980
   1.1509863393370283        24.580929316521150        5.2668582336166709
   1.3184933620348989        17.198616834464158        1.4275165309686308
  0.79600683976426290        28.794255114136277       0.74694693282385882
  0.99047718255296013        18.447010817261319        5.2513875576064555
   1.5233021322632272        14.293902232077738        2.0934623315323893
   1.0236878997284105        25.533591718862876        3.3672780499942689
  0.96260117560351521        23.842913423491453       0.50268456927754568
   0.0000000000000000        43.366264869115007                            NaN
  0.82446089128358768        24.294661610274144        2.8193364697481145
   1.8244318003628182        10.909660371097493        3.1743810273475082
  0.92013055470061444        26.809389119181922        2.1176377117088867
  0.46986998013589787        29.078554504738843        9.3534264010364989
  0.79438738024700239        28.794255114136277       0.70663116601300135
   1.2087002854961317        18.447010817261319        1.3299599974578091
   1.1570236252528487        21.196079076259633        1.8110612297658637
   1.0236878997284105        21.995599970490751       0.77350394559305724
  0.68084361170588359        27.243243158471277        3.9973187776063344
  0.47255712062308686        32.516982421291864        6.6781500715730058
  0.69574388593759928        29.897331938646815        1.2988011887262811
  0.83288020317494893        24.128072442886630        2.7702675937658814
   1.0029764307228513        24.580929316521150        1.9304804200094319
  0.84519846988992131        26.008680360810313       0.66747660310450108
  0.79438738024700239        26.974629496043008        1.0668527679770963
   1.2087002854961317        26.633756092120489        8.6987512477192759
