   3.4862978366361967        48.703309201724856        16.733234668811072
   1.8750646724878011        49.336219667011648        9.2687715128218233
   1.6581347155237931        37.331395545810864        6.5107409515192201
   1.6591460151056647        66.464962189300309        9.9124399846952951
   1.0711247207540819        25.838640731039153        1.2693521581000866
   2.9541605683776750        15.639402996965877        9.6428371237478530
  0.63303760710146373        23.369503110404970        2.4538836918944908
   4.8918941656117889        29.181756618808670        18.864097144475188
   1.3129780395246982        23.551868511580359        2.5444403253298957
   2.5418898869303446        12.349346370481184        7.2901110163816876
   3.5539034091685942        48.703309201724856        16.998628859470735
   1.8750646724878011        49.336219667011648        9.2687715128218233
   1.6581347155237931        43.026254410812641        7.2370962939641803
   1.6591460151056647        66.464962189300309        9.9124399846952951
   1.0711247207540819        25.838640731039153        1.2693521581000866
   3.4912427582758365        41.487292852934630        15.766551653889550
   1.2337219252835272        23.369503110404970        2.0176266419207578
   1.1979817483900370        53.662446224545278        5.4656263439924775
   1.3129780395246982        23.551868511580359        2.5444403253298957
   2.5418898869303446        10.000000000000000        6.9060047183807720
   3.4862978366361967        37.570376964020170        15.190984366071810
   1.8750646724878011        26.196001055241123        6.1822841244431261
   1.6581347155237931        44.261796217421647        7.3901526583236095
  0.64541490614726449        10.000000000000000        4.3172585505171659
   2.9541605683776750        15.639402996965877        9.6428371237478530
   2.8883173920213046        23.369503110404970        10.603261164570840
   1.1979817483900370        53.662446224545278        5.4656263439924775
  0.58055835421383495        23.551868511580359        2.8863336849632777
   1.4849343539443021        10.000000000000000        1.6772579883297154
   3.4862978366361967        32.702246603916208        14.478399271760342
   1.8750646724878011        14.777180332730470        4.4319479166728248
   2.7847371743311253        37.331395545810864        12.231666306099646
  0.28743803176674998        70.000000000000000        2.2614926995586937
   1.0711247207540819        25.838640731039153        1.2693521581000866
   2.9541605683776750        15.639402996965877        9.6428371237478530
   1.2337219252835272        23.369503110404970        2.0176266419207578
   1.1979817483900370        48.947586972727485        4.9534041986849964
   1.3129780395246982        35.552969752261532        4.1485800235812560
   1.4849343539443021        10.000000000000000        1.6772579883297154
   5.0000000000000000        18.880221639301460        17.596967497303911
   1.3087355691943983        14.777180332730470        1.3305077111378356
   1.8996164609632986        39.770459462229752        8.2000724466859740
   1.0711247207540819        25.838640731039153        1.2693521581000866
   3.8241719995975947        15.639402996965877        13.081725766154362
   2.6891484007893425        48.947586972727485        13.365982786330843
  0.77080674217294665        23.551868511580359        1.3118186856957770
  0.61471737820040739        10.000000000000000        4.5577495340177316
   1.2998364687239676        32.702246603916208        3.6967776748293870
  0.89701967224191481        14.777180332730470        1.7010190823511790
  0.19137825631919658        62.767731156360931        4.2812006187434077
   9.0442592885587092E-002   47.306342602172627        7.2393343158828509
   1.0711247207540819        25.838640731039153        1.2693521581000866
   2.9541605683776750        15.639402996965877        9.6428371237478530
   1.2337219252835272        23.369503110404970        2.0176266419207578
   2.2811807800863577        20.379282130987640        7.3638939409285520
  0.77080674217294665        10.000000000000000        3.3813637769931946
   1.3813484027202481        10.000000000000000        1.2111422880840985
   1.2167861096592427        33.635690524957717        3.2671747191951077
  0.61152473010884467        29.564882698344860        1.8898717569461270
  0.19137825631919658        62.767731156360931        4.2812006187434077
   1.2462620966791342        70.000000000000000        7.4653538910111008
   1.0711247207540819        10.000000000000000        1.4707648150771939
   2.9541605683776750        15.639402996965877        9.6428371237478530
   1.2337219252835272        24.640253935235179        2.1909430919364499
   1.1979817483900370        48.947586972727485        4.9534041986849964
  0.77080674217294665        10.000000000000000        3.3813637769931946
   6.5008403373626455E-002   10.000000000000000        10.379494300280614
   1.2167861096592427        33.635690524957717        3.2671747191951077
   1.3087355691943983        45.728279137550004        5.3548048454820192
   1.3419227885076528        62.767731156360931        7.4357200661049063
   1.1432455165649145        46.171801879384418        4.2521919896819087
   3.5656512774525018        25.838640731039153        13.739306092600337
   1.3962469442407992        15.639402996965877        1.9309149580389604
   1.2337219252835272        23.369503110404970        2.0176266419207578
   1.1979817483900370        48.947586972727485        4.9534041986849964
  0.77080674217294665        49.524864673873680        1.6586189152408213
   1.3963918917356126        10.000000000000000        1.2719971409102857
   1.2167861096592427        33.635690524957717        3.2671747191951077
   1.3087355691943983        22.135173962277129        2.3199440814609944
  0.19137825631919658        48.751479172514614        5.1431188090973601
  0.10806419022654878        40.777787196481015        7.2133650671772536
   1.0711247207540819        30.361612264666629        1.8476553049449711
   1.2473422704762054        15.639402996965877        1.1009154242991954
   1.2337219252835272        23.369503110404970        2.0176266419207578
   1.1979817483900370        10.000000000000000       0.97185918056736420
   1.5652249642854996        23.551868511580359        4.0646227854854997
   1.3813484027202481        10.000000000000000        1.2111422880840985
   1.2167861096592427        17.454666855210320        1.1372055380901409
   1.3087355691943983        14.777180332730470        1.3305077111378356
  0.19137825631919658        11.007223731775827        8.4355614501223695
   1.8925119985254506        10.000000000000000        3.7702388211849112
   1.1420476403535291        25.838640731039153        1.7492371614336326
   1.2473422704762054        15.639402996965877        1.1009154242991954
   1.0698252739148704        23.369503110404970       0.95100403824962021
   1.1979817483900370        58.000000000000000        5.9203323739074616
   1.6053611099014611        10.000000000000000        2.2864661132972404
   1.3813484027202481        10.000000000000000        1.2111422880840985
   1.2167861096592427        32.299375596962221        3.0963024218549435
   1.2483510173301695        16.292952458655481        1.1786793826370374
  0.19137825631919658        22.459969924047371        7.1873138170945223
  0.28743803176674998        70.000000000000000        2.2614926995586937
   1.0711247207540819        25.838640731039153        1.2693521581000866
   1.2473422704762054        15.639402996965877        1.1009154242991954
   1.0698252739148704        23.369503110404970       0.95100403824962021
   1.4648667554691110        10.000000000000000        1.5803647281716648
  0.77080674217294665        16.550085627830530        2.3111486998392490
   1.3813484027202481        30.219859072837600        3.8894311088549247
   1.9287145410465785        10.000000000000000        3.9543470342701412
   1.2483510173301695        28.653664212937123        2.8276730310658200
  0.19137825631919658        56.284901320487961        4.6660315239340546
   1.0711247207540819        20.274196256767784       0.62663284873987857
   1.2473422704762054        15.639402996965877        1.1009154242991954
   1.0698252739148704        27.881025507977672        1.5220901554210167
   1.1979817483900370        10.000000000000000       0.97185918056736420
  0.37145822590488825        23.551868511580359        4.9078428102868097
   1.5626485482482819        10.000000000000000        2.0668827338589577
   1.2167861096592427        17.454666855210320        1.1372055380901409
   1.2483510173301695        23.179836012640770        2.0850216957141954
  0.19137825631919658        62.767731156360931        4.2812006187434077
  0.28743803176674998        34.458951045844429        4.8164354376345138
   1.9462530175168804        10.000000000000000        4.0431758016539217
  0.35505455250155715        67.948982819304717        1.4348738518584563
   1.0698252739148704        23.369503110404970       0.95100403824962021
  0.23525479319913456        57.255940612849251        3.8676222072733411
  0.77080674217294665        14.174211031367761        2.6814456670647924
   1.3813484027202481        24.431039410429236        3.0920022869260495
   1.2167861096592427        17.454666855210320        1.1372055380901409
   2.1507144166040559        10.000000000000000        5.0599443994537383
  0.19137825631919658        11.091450787283506        8.4247757948830913
  0.84856323708765380        70.000000000000000        4.2405603291827774
   1.0711247207540819        20.797035826119465       0.67334323577400623
  0.37768565848539226        53.187318159241059        2.1521453270791029
  0.44427924725936885        59.807400624360184       0.89134701427896490
   1.1979817483900370        23.717652635946749        1.8347150938823265
  0.77080674217294665        18.926482547566387        1.9578591281967535
   1.3095478945400658        10.000000000000000       0.98195841128537531
   1.2167861096592427        62.359430266633986        6.5008738812112670
   1.0389347338100892        16.292952458655481       0.67759911121216754
   1.0316965954220736        62.767731156360931        5.1276909089728884
  0.28743803176674998        70.000000000000000        2.2614926995586937
   1.0711247207540819        20.274196256767784       0.62663284873987857
   1.2473422704762054        10.000000000000000       0.91338047575615844
  0.22476811104429684        70.000000000000000        3.2740988256177843
   1.1979817483900370        10.000000000000000       0.97185918056736420
  0.81713532304079894        23.046238096668738        1.0315837941647628
   1.3095478945400658        10.000000000000000       0.98195841128537531
   1.2167861096592427        10.000000000000000       0.93786785113531146
   1.0389347338100892        16.292952458655481       0.67759911121216754
  0.19137825631919658        41.684871604646730        5.6254669342820218
  0.60152089842324652        60.732983989446424        1.1125252461934274
   1.0711247207540819        14.310462772599529       0.80694314701546899
   1.6954746545935060        10.000000000000000        2.7539432444281418
   1.4793006372349340        10.000000000000000        1.6498467295120891
  0.81713532304079894        62.053015245285479        3.2546234595218766
   1.3095478945400658        18.144532726368158        1.7698167532973699
   1.2167861096592427        10.000000000000000       0.93786785113531146
   1.3950206824436375        16.292952458655481        2.0147983767673634
  0.86019566490921695        62.767731156360931        3.6991327947806232
  0.60152089842324652        52.997069185099740       0.48774318749054851
   1.1106131384230167        20.274196256767784       0.84479192770497968
   1.2473422704762054        12.704942430952705       0.87608550077482850
   1.3160071752560845        10.000000000000000       0.99715094290208384
   1.1703764577458127        23.046238096668738        1.5659059666388071
   1.3095478945400658        51.810396238371865        6.0484476565196266
  0.91998418494811152        54.071211113566122        3.3735263440436074
   1.0389347338100892        17.878188552132244       0.52365312777013961
  0.97626121706384517        57.311378214161422        4.1525179888909731
  0.60152089842324652        44.777712179685508       0.44636559778804802
   1.5265671090861022        10.000000000000000        1.8838093220596555
   1.2473422704762054        12.704942430952705       0.87608550077482850
  0.15278559053869778        59.807400624360184        5.1869912538807199
  0.65556374564919750        44.090727591795009       0.20386056080482373
  0.77337474894704994        23.046238096668738        1.3603187625116502
   1.3034134209493187        10.000000000000000       0.96877458607052336
   1.0052001012985863        47.738202927791214        3.3953869605044837
   1.0389347338100892        17.878188552132244       0.52365312777013961
  0.86019566490921695        42.005310824760677        1.6275167590003612
  0.60152089842324652        44.777712179685508       0.44636559778804802
   1.0711247207540819        20.274196256767784       0.62663284873987857
  0.64842618679717379        12.704942430952705        3.8465323314781932
  0.37398305064268023        59.807400624360184        1.7213636955454383
  0.32283061152931902        44.090727591795009        3.5555866362601316
  0.81713532304079894        17.515956064377797        1.8258288018411994
  0.91505078279812901        10.000000000000000        2.3950412448752374
  0.81664094091945039        45.596302869416654        1.6512877775332142
  0.47714178992618000        17.878188552132244        4.5496022541781409
  0.86019566490921695        42.005310824760677        1.6275167590003612
  0.40813800767526087        44.777712179685508        2.4558569511437094
   1.1379826528658570        18.294280034741238       0.79536121326901510
   1.2473422704762054        12.704942430952705       0.87608550077482850
  0.29679583967051026        65.174224907814633        2.4181937853812627
   1.1312881348897736        10.547357934012652        1.1037360715437932
  0.81713532304079894        23.046238096668738        1.0315837941647628
   1.5404047000645196        10.000000000000000        1.9536731296737126
   1.2167861096592427        33.521882226941152        3.2527009234121200
  0.57203867946680875        17.878188552132244        3.7052879637612630
  0.84868372017596938        24.278164839534302       0.63961633036256449
  0.60152089842324652        69.863266994158238        1.8422856874262568
  0.80222071556286012        20.274196256767784        1.5293140035451187
   1.2739546610496968        12.704942430952705       0.96956755835915232
  0.77283294140546566        35.367505488237825       0.17592778770362924
  0.65556374564919750        44.090727591795009       0.20386056080482373
  0.20293179609219275        66.757624821069328        3.8435254435359689
   1.3034134209493187        27.520158693447687        3.0309009673274039
   1.2167861096592427        10.000000000000000       0.93786785113531146
   1.0389347338100892        10.000000000000000        1.6438024089460785
  0.84868372017596938        20.770417630205287        1.1230523916549313
  0.60152089842324652        44.777712179685508       0.44636559778804802
  0.50373522834803452        20.274196256767784        3.9930385810021418
   1.0339381629711437        25.395078226937777       0.95954988501110605
  0.92503375231276153        35.367505488237825        1.3855948972218064
  0.65556374564919750        33.619211132112966        1.0390964776914544
  0.73666811611779393        26.151519461207648        1.2400798112988745
  0.93105985138845460        28.467921677020762       0.60638511132092709
  0.33035619759721074        10.000000000000000        7.0585495143130288
  0.94492503732693300        17.878188552132244       0.91758285764061853
  0.75557840383887798        32.208376684273190       0.34482388321818985
  0.60152089842324652        44.777712179685508       0.44636559778804802
  0.93283166186762578        20.274196256767784       0.65121651659950774
  0.79054962335606183        42.685665553984080        1.1253798404132260
  0.77283294140546566        35.367505488237825       0.17592778770362924
  0.60519946501956012        44.090727591795009       0.46881147340628287
  0.81713532304079894        43.245749820698975        1.4074761206032433
  0.93105985138845460        10.000000000000000        2.2921032461336690
  0.98516293343665640        21.746314478063610       0.37123674294332892
   1.0389347338100892        17.878188552132244       0.52365312777013961
  0.75557840383887798        59.516097897933605        2.4690677548367121
  0.60152089842324652        25.070229263909852        2.5132467812585264
   1.2806882410019709        10.000000000000000       0.93144946417036534
   1.3332039032758920        17.294366064030541        1.7936271823365817
   1.1417991060617574        35.367505488237825        2.9704554492973254
  0.65556374564919750        44.090727591795009       0.20386056080482373
  0.91045790214379907        23.046238096668738       0.42196611786002636
  0.93105985138845460        30.762299548450706       0.88011435376955605
   1.2844116974299855        10.000000000000000       0.93625454635206729
   1.0389347338100892        45.467250597851006        3.4050523710977667
  0.75557840383887798        32.208376684273190       0.34482388321818985
  0.68015951862788926        43.743615524730238       0.31182910277514170
   1.0711247207540819        20.274196256767784       0.62663284873987857
   1.2473422704762054        39.706965210546358        4.2265929528325810
  0.77283294140546566        38.359869494039771       0.50845131769298224
  0.65556374564919750        46.844728081285929       0.40115316327337913
  0.91045790214379907        10.000000000000000        2.4248402714856807
  0.93105985138845460        28.467921677020762       0.60638511132092709
  0.98516293343665640        21.746314478063610       0.37123674294332892
   1.0389347338100892        40.304348314849825        2.8215117618543197
  0.59966722800891370        38.327062301642414        1.0560089452390800
   1.2116684788503509        43.743615524730238        4.4598256882871645
   1.0711247207540819        20.274196256767784       0.62663284873987857
  0.90664535024163440        12.704942430952705        1.9790482058611503
  0.83259696643975156        35.367505488237825       0.65926540495770003
  0.60053264732172840        44.090727591795009       0.51027745304432626
  0.91045790214379907        23.046238096668738       0.42196611786002636
  0.93105985138845460        28.467921677020762       0.60638511132092709
  0.98516293343665640        17.153982824317374       0.79931008797717917
   1.0389347338100892        40.487112581877547        2.8426363773423216
  0.75557840383887798        32.208376684273190       0.34482388321818985
  0.68015951862788926        43.743615524730238       0.31182910277514170
   1.0711247207540819        20.274196256767784       0.62663284873987857
   1.1962309796454005        12.704942430952705       0.76785198946413491
  0.77283294140546566        35.367505488237825       0.17592778770362924
  0.73067932266622093        44.090727591795009       0.76276525104491644
  0.41960407034097347        23.046238096668738        4.4656679291588102
  0.60244004539109441        28.467921677020762        2.0984858399227790
  0.98516293343665640        27.530897847621134       0.88205975602098496
  0.55639410189291572        17.878188552132244        3.8403100391662544
   1.0125338633577818        32.208376684273190        1.6589138103762135
  0.68015951862788926        43.743615524730238       0.31182910277514170
   1.0711247207540819        35.690796865997847        2.5095863070345374
   1.2119382391459095        13.119868540315203       0.78969488744320404
  0.77283294140546566        14.397474256507611        2.6309953864994799
  0.65556374564919750        44.090727591795009       0.20386056080482373
  0.91045790214379907        23.046238096668738       0.42196611786002636
   1.1336280669772616        28.467921677020762        2.0373929069783108
   1.1620158240603664        21.746314478063610        1.3413428696290950
   1.0389347338100892        13.109261880280840        1.1246344527678211
  0.75557840383887798        16.715518348348773        2.3998193044522962
  0.99007991812344964        43.743615524730238        2.8430739528615119
  0.98661001900520873        20.274196256767784       0.43275486363003351
   1.1962309796454005        20.048231208708394        1.3359729551608788
  0.64892934276152880        42.697216358321384       0.22778450147825161
  0.39596355878284273        44.090727591795009        2.6560728376417782
  0.91045790214379907        41.604879036469541        1.9860262785393004
  0.93105985138845460        28.467921677020762       0.60638511132092709
  0.98516293343665640        21.746314478063610       0.37123674294332892
   1.0389347338100892        17.878188552132244       0.52365312777013961
  0.72176479451403108        32.208376684273190       0.62538342746734632
  0.68015951862788926        43.743615524730238       0.31182910277514170
  0.43676074751050681        53.665652937624898        1.4097917469540728
   1.1962309796454005        12.704942430952705       0.76785198946413491
  0.67005147607243354        35.367505488237825       0.71976557947423347
  0.94660319526853787        27.839492160019127       0.64448712063706004
  0.91045790214379907        23.046238096668738       0.42196611786002636
  0.93105985138845460        13.478704353223971        1.6919834724122704
  0.75256462116941991        36.667739424807664       0.15872289611370441
  0.79261640799319921        17.878188552132244        1.9499513290096835
   1.0046791044060552        32.208376684273190        1.6016079102957792
  0.68015951862788926        43.743615524730238       0.31182910277514170
  0.73920944242427389        41.291517528703295       0.54444761206155445
   1.2115203507480938        16.408384507400921       0.99378961075501948
  0.97674826660114689        18.531913892136807       0.65504428850843333
  0.46352665119891412        52.977543686118629        1.1619598293542457
  0.77598032887547819        33.665216776213668        5.1770908966098324E-002
  0.93105985138845460        28.589643773834521       0.62059116552273519
  0.67682063956907623        43.785972903966567       0.29187032620781350
   1.1494895935056171        10.000000000000000        1.1163360062180474
  0.74856104288955472        32.208376684273190       0.40222025062652966
  0.68015951862788926        32.221642614945928       0.97975817982905911
  0.98661001900520873        20.274196256767784       0.43275486363003351
   1.2519401736128244        10.000000000000000       0.91311543203163825
  0.71391669208175523        35.367505488237825       0.33779719262471619
  0.69352663543125614        38.225380343639074       0.22450199568144608
  0.77598032887547819        50.433436252422439        1.7935093654620649
  0.93105985138845460        18.200506278940910       0.95354876361922813
  0.59089748299664602        36.667739424807664        1.3071552700747902
   1.0389347338100892        17.878188552132244       0.52365312777013961
  0.75557840383887798        32.208376684273190       0.34482388321818985
  0.68015951862788926        27.216216769606447        1.5722012956458427
  0.98661001900520873        37.656523335503280        2.1226671521176659
  0.76438808814492099        34.474857950190724        5.0375850176775337E-002
   1.2084794973693691        35.367505488237825        3.4292928153277260
  0.65556374564919750        44.090727591795009       0.20386056080482373
  0.77598032887547819        33.665216776213668        5.1770908966098324E-002
  0.70102942933196177        41.670769754787017       0.27437601103224329
  0.75256462116941991        36.667739424807664       0.15872289611370441
   1.0389347338100892        17.878188552132244       0.52365312777013961
  0.77971395723729919        32.208376684273190       0.15503698128643192
  0.66534817053742368        43.743615524730238       0.22052348057989374
  0.78707510158801641        35.154417137574171       0.26652226927706613
  0.76438808814492099        34.474857950190724        5.0375850176775337E-002
  0.59078111734514716        35.367505488237825        1.4430906345460803
  0.69191154949903955        44.090727591795009       0.43544692317136091
  0.77598032887547819        33.665216776213668        5.1770908966098324E-002
  0.52273426703037573        41.670769754787017        1.4872121753715359
  0.67557270390641611        42.493219819483087       0.18792229342094824
  0.78701156602923694        17.878188552132244        1.9912734944809227
  0.56517643646894777        47.959244312950389       0.52534995904366999
  0.97877570010575443        43.743615524730238        2.7562171111706770
  0.75154269406389007        35.615966845969346        6.0402423139553497E-002
  0.76438808814492099        34.474857950190724        5.0375850176775337E-002
  0.76862914110709213        33.441953503184337       0.10210843515702128
  0.65556374564919750        29.498474192074315        1.5086058685032644
  0.79465466587278877        33.665216776213668       0.16144773459893902
  0.76280619525927551        41.670769754787017       0.78351073831639551
  0.75397987623220986        36.667739424807664       0.16949880498744732
   1.0411678783214557        14.429325338274747       0.91477641359707862
  0.75510028224797698        32.208376684273190       0.34871628503663665
  0.66534817053742368        43.743615524730238       0.22052348057989374
  0.75154269406389007        34.235002629884612       0.14790152978619575
  0.98402540467705557        34.474857950190724        1.7252864590890387
  0.76862914110709213        25.296603177878062        1.0974911086626982
  0.65556374564919750        44.090727591795009       0.20386056080482373
  0.69700803920186605        33.665216776213668       0.67067067733409580
  0.63036958732384152        48.553190982138446       0.35921870576217069
  0.75256462116941991        31.814837332417540       0.41563224808386812
   1.0389347338100892        30.008756339992718        1.5749234962068479
  0.77971395723729919        32.208376684273190       0.15503698128643192
  0.69485786921096770        43.743615524730238       0.42572198221702034
  0.70499257118537551        35.615966845969346       0.38760947616777031
  0.85484040451123666        34.474857950190724       0.73341972989078963
  0.76862914110709213        41.740111793025015       0.84002623169042223
  0.65556374564919750        51.731482470165993       0.84074575902334159
  0.77598032887547819        19.949585409197610        1.7714460756715482
  0.71563166911139009        41.670769754787017       0.38836281729208094
  0.77801037497510961        32.744340336874806       0.10894535441372342
   1.0389347338100892        17.878188552132244       0.52365312777013961
  0.77971395723729919        47.095495702902859        1.4918906119934532
  0.98363278882140803        21.234265810311150       0.38070722749405878
  0.75207647092449337        35.615966845969346        6.1748903388059662E-002
  0.76438808814492099        34.474857950190724        5.0375850176775337E-002
                                         0.76862914110709213        34.193073637808766        4.9982435940647968E-002
  0.72758413774668362        44.090727591795009       0.73622869169978167
  0.77598032887547819        33.665216776213668        5.1770908966098324E-002
  0.75128530463887799        41.670769754787017       0.68622062741399525
  0.77801037497510961        32.744340336874806       0.10894535441372342
   1.0389347338100892        23.740843128208681       0.79407875124716576
  0.77971395723729919        42.919551251579321        1.0588802432853437
  0.77892771870735678        43.743615524730238        1.1390469159669649
  0.78678465957263044        35.615966845969346       0.31624304183441782
  0.76438808814492099        41.883289382577772       0.81947220968686385
  0.76862914110709213        35.105960754431663       0.11542378968205376
  0.53240964397168156        48.993579182254386       0.75441451287325223
  0.76065406723280315        33.665216776213668       0.13786094812085301
  0.96406306504216177        24.049991803168531       0.37708884509722917
  0.77375271409535340        33.887749054183317        5.1081169057957017E-002
  0.87599150013903837        30.151014504594325       0.39568372567829052
  0.77971395723729919        40.405980562143185       0.78961334107945247
  0.66534817053742368        41.491232061284485       0.19310259780230860
  0.80702635442691806        35.615966845969346       0.48103804373401776
  0.77924785023768084        33.257437166040177        5.8751487994174859E-002
  0.76862914110709213        45.657224143521525        1.2497512721499364
  0.65556374564919750        47.716569700516430       0.47757061136589168
  0.85069976498736377        33.665216776213668       0.60636107138797857
  0.70102942933196177        18.879190460665541        2.5028026769283098
  0.77375271409535340        24.908477040282726        1.1086255438055130
  0.87599150013903837        30.151014504594325       0.39568372567829052
  0.77971395723729919        33.520475967054310        5.4472063260827187E-002
  0.75012799640022387        34.493917014336446       0.13178724086079940
  0.79332441668411358        35.615966845969346       0.36950881274756164
  0.74812348556760755        34.474857950190724       0.14954930240155676
  0.67934641151179820        34.193073637808766       0.76575196417112712
  0.65556374564919750        28.260721995405490        1.6553826753119001
  0.77598032887547819        33.665216776213668        5.1770908966098324E-002
  0.70102942933196177        37.043338454209525       0.27389036618848372
  0.77375271409535340        33.670035927564406        5.4923908346245283E-002
  0.87599150013903837        27.043377828620802       0.19293965957956763
  0.79241934210774567        33.520475967054310       0.12917420821670536
  0.76314465754015204        34.493917014336446        5.1795664009992561E-002
  0.79343889226803466        34.350355669659841       0.22735815352255492
  0.74407496182517718        34.474857950190724       0.18209605203414997
  0.77598032887547819        33.665216776213668        5.1770908966098324E-002
  0.62988487284201311        37.043338454209525       0.90542062600671813
  0.77375271409535340        31.285902910972688       0.30826353555581160
  0.70943027146794435        40.029902769246632       0.18257615498436952
  0.68157848426197098        39.957710150451064       0.17992443060251553
  0.70707187481914169        36.983147226911534       0.22945357833193600
  0.75154269406389007        35.615966845969346        6.0402423139553497E-002
  0.76438808814492099        28.799604763624195       0.68507917756048831
  0.76862914110709213        32.632473582004224       0.19105366565507897
  0.72345483117818721        37.837810629477389        9.3141868266353831E-002
  0.77598032887547819        33.665216776213668        5.1770908966098324E-002
  0.70102942933196177        37.043338454209525       0.27389036618848372
  0.78961209414286337        33.887749054183317       0.14632259190090435
  0.66853544173372736        40.673854245350640       0.22099395782882411
  0.77971395723729919        29.326996533243211       0.49900573219465216
  0.77106869032218917        34.493917014336446        7.3294824471621153E-002
  0.78037803618917623        33.308434928066298        5.4803681232698687E-002
  0.77922340707783733        33.591134679078557        5.5156806617576049E-002
  0.76862914110709213        39.106796609859416       0.55561927403818168
  0.72345483117818721        34.199859525379445       0.38443866044270408
  0.74049525514999748        36.552216422300567        7.5161856764667592E-002
  0.70102942933196177        37.043338454209525       0.27389036618848372
  0.71353936474665036        33.887749054183317       0.50368983555277458
  0.78823661267424461        32.798190286405912        6.0387576466083441E-002
  0.71112868609315871        33.520475967054310       0.56558277167317605
  0.76302427823154373        34.493917014336446        5.2050817965201286E-002
  0.77070553427162625        34.166361730911099        5.1675352125855403E-002
  0.76438808814492099        37.415664663854912       0.33453773024500638
  0.82186918703311918        29.101324843382393       0.22005571198492288
  0.72345483117818721        34.776592170198541       0.32079154587479686
  0.77598032887547819        31.087993477862462       0.31438649447906758
  0.76211189325355744        37.043338454209525       0.27490713147336154
  0.77041205334636398        34.042794432417487        5.0309245668797166E-002
  0.83108441882014494        29.405165413639288       0.14379478352303590
  0.76536479039432392        34.476149350901473        5.0329878240690802E-002
  0.72785526046408711        34.493917014336446       0.31466549454148918
  0.77070553427162625        34.000566415841249        5.0632525571512786E-002
  0.76438808814492099        34.324468616971537        5.4401756647461781E-002
  0.76862914110709213        34.193073637808766        4.9982435940647968E-002
  0.72345483117818721        37.837810629477389        9.3141868266353831E-002
  0.77598032887547819        35.946442296783154       0.26555109525930737
  0.72516299899314807        36.316124090553032       0.14787880632232508
  0.77041205334636398        31.250951000535920       0.33878912370803865
  0.78975510550594208        32.798190286405912        6.1629925656660173E-002
  0.76536479039432392        34.476149350901473        5.0329878240690802E-002
  0.76878510558439950        34.493917014336446        6.0862622321436965E-002
  0.77466719916298654        33.648927128134027        5.3543964242846603E-002
  0.76601791056711266        34.417414809841262        5.0140790257318102E-002
  0.76862914110709213        34.419534208282933        5.5805517240968494E-002
  0.76197133488673263        37.837810629477389       0.36126616828010349
  0.75919354547427187        34.860167565110558        5.1903128041739917E-002
  0.68965145327576427        36.316124090553032       0.44629401854502621
  0.76188647576353108        34.694334389893811        5.0890351991010344E-002
  0.78182338134573082        33.218803570831994        5.5548730167736080E-002
  0.76536479039432392        31.734569927206419       0.32157197512171182
  0.76314465754015204        34.493917014336446        5.1795664009992561E-002
  0.76086190421947020        34.000566415841249       0.10116759785913954
  0.76630124168503932        34.379461584731914        5.0023047818874525E-002
  0.76862914110709213        36.882402660669499       0.31011812113784415
  0.72345483117818721        37.837810629477389        9.3141868266353831E-002
  0.77598032887547819        32.379650744657752       0.16345830869158509
  0.72516299899314807        34.457989927553868       0.34135031545840921
  0.76894361192870353        34.042794432417487        5.2574324010947658E-002
  0.79040601668115196        33.218803570831994        8.6572851428521683E-002
  0.77571043003337559        34.476149350901473       0.10296915221195437
  0.80083997643606941        31.450798264518305       0.10052020066402151
  0.77070553427162625        33.701997219160120        6.5251198323963561E-002
  0.76630124168503932        32.917293519992420       0.17684910174207566
  0.73510117373418271        34.193073637808766       0.28715410826092747
  0.72345483117818721        37.900833854645448        9.5784439373634969E-002
  0.73047839107540435        33.665216776213668       0.38510320119962332
  0.72516299899314807        36.316124090553032       0.14787880632232508
  0.80673977482656833        34.042794432417487       0.29931854226771687
  0.78182338134573082        33.218803570831994        5.5548730167736080E-002
  0.76110480798139746        34.476149350901473        5.9374639233760892E-002
  0.76785925857302395        34.235304425494029        5.0023947199683602E-002
  0.77070553427162625        34.000566415841249        5.0632525571512786E-002
  0.76630124168503932        35.296874551759210       0.11798073155312226
  0.76862914110709213        33.924793926106702        5.9668635993268868E-002
  0.72437225833467755        37.837810629477389        9.5088301773860587E-002
  0.77598032887547819        33.665216776213668        5.1770908966098324E-002
  0.73831007454277497        36.316124090553032        6.9794677691352669E-002
  0.77041205334636398        34.042794432417487        5.0309245668797166E-002
  0.78182338134573082        32.506050437210718       0.10804161495833162
  0.76342432541988037        34.476149350901473        5.1678694139506431E-002
  0.76785925857302395        34.235304425494029        5.0023947199683602E-002
  0.77898388826869724        33.371667911178889        5.4804065000888740E-002
  0.76630124168503932        34.437595141759978        5.0632985970806489E-002
  0.76862914110709213        31.426394402012384       0.33205752844731740
  0.69054653899513596        40.498050057781001       0.13730600261034420
  0.80090400214902624        31.900975258035661        7.4802210865064445E-002
  0.73831007454277497        36.316124090553032        6.9794677691352669E-002
  0.77041205334636398        34.042794432417487        5.0309245668797166E-002
  0.74139777324350342        36.451085623736795        7.2644527113987570E-002
  0.76903669806889230        34.476149350901473        6.0873171798113183E-002
  0.76785925857302395        34.235304425494029        5.0023947199683602E-002
  0.74411464840372221        35.915548690334113        6.3314455555713717E-002
  0.76630124168503932        34.944323577716574        8.3116713173172818E-002
  0.78104685283564534        33.264547226688833        5.5181633273263524E-002
  0.72345483117818721        36.923148440874556       0.11061923197500499
  0.77598032887547819        33.665216776213668        5.1770908966098324E-002
  0.73831007454277497        36.316124090553032        6.9794677691352669E-002
  0.76585083583957203        34.042794432417487        6.5047201639068214E-002
  0.78182338134573082        33.218803570831994        5.5548730167736080E-002
  0.73151245599483394        34.476149350901473       0.28588891849067594
  0.77036229251068522        34.035116382300288        5.0431679321740565E-002
  0.77338461965550709        34.000566415841249        5.2895223281231432E-002
  0.72496424182571939        34.379461584731914       0.35171574174515807
  0.78179601386821762        34.193073637808766       0.11896973074312477
  0.72345483117818721        37.837810629477389        9.3141868266353831E-002
  0.77598032887547819        32.270848999587344       0.17580333661428280
  0.75143063776857766        35.424583316402327        5.6585910382877247E-002
  0.77445011477764458        33.789836220854099        5.1099199163983242E-002
  0.78182338134573082        33.218803570831994        5.5548730167736080E-002
  0.76536479039432392        31.565283810723365       0.34160773463856425
  0.75604126770577906        34.235304425494029       0.11305896275069460
  0.77072862333460967        34.000566415841249        5.0610782156401982E-002
  0.75598318712993051        34.379461584731914        9.9124678199689675E-002
  0.76862914110709213        34.193073637808766        4.9982435940647968E-002
  0.72345483117818721        37.388866501216732        8.8780861361352451E-002
  0.77727308492334968        33.565025668507133        5.2443956166225575E-002
  0.75143063776857766        35.424583316402327        5.6585910382877247E-002
  0.77575588916330740        33.665781572451174        5.1817981940370482E-002
  0.79328691548792429        33.218803570831994       0.10574267059851017
  0.76821051771198101        34.241760515931055        4.9956675978286604E-002
  0.76785925857302395        35.987205910893643       0.20463686200777614
  0.77084530111454985        34.000566415841249        5.0511888007583439E-002
  0.81369737729991354        34.379461584731914       0.39363306170310558
  0.76862914110709213        34.539757572595953        6.3244225308125651E-002
  0.72345483117818721        37.388866501216732        8.8780861361352451E-002
  0.76931111330605129        34.126299358873389        5.0133178667877205E-002
  0.75431631167215718        35.241373085511967        5.4565967812040803E-002
  0.76714746022277358        34.042794432417487        5.8775815274198978E-002
  0.72376191708216764        33.218803570831994       0.49239619342450747
  0.76821051771198101        34.126434788540749        5.1506233558194232E-002
  0.76785925857302395        34.173891264353138        5.0921430794751303E-002
  0.77953557052677258        34.000566415841249        8.3991040959719529E-002
  0.76426022321340659        34.567598510957552        5.0669395031021934E-002
  0.76862914110709213        34.193073637808766        4.9982435940647968E-002
  0.76049054603581934        37.388866501216732       0.29977479917226357
  0.76931111330605129        34.126299358873389        5.0133178667877205E-002
  0.75431631167215718        35.211560109749755        5.4564121804741843E-002
  0.76845293553285654        34.042794432417487        5.3929162762495091E-002
  0.77309902306185385        33.218803570831994        9.3855023798095127E-002
  0.77932588254384005        34.241760515931055       0.10567525576225591
  0.76785925857302395        34.966029833513012        9.5718337862083488E-002
  0.80682782418762955        31.466589494606858        8.3295607958746715E-002
  0.76583737555654596        34.427712492724808        5.0141136377309221E-002
  0.75544592614477557        35.163746990227992        5.3876375862203334E-002
  0.76740753005754314        34.270561143269184        5.0008079322379342E-002
  0.73270043042473931        36.728553924563712        7.6394821567306911E-002
  0.76394757556900339        34.554647695578886        5.0391662188562600E-002
  0.77041205334636398        34.042794432417487        5.0309245668797166E-002
  0.76498303906900433        34.506497484311119        5.0420475866308934E-002
  0.76909099418723725        34.149391590284921        5.0061229693958653E-002
  0.76785925857302395        34.235304425494029        5.0023947199683602E-002
  0.77084530111454985        34.245841559853496        5.5115704778652207E-002
  0.76630124168503932        34.088373511091383        5.9680235957597506E-002
  0.76862914110709213        33.986067120786402        5.6085997180904269E-002
  0.76740753005754314        34.270561143269184        5.0008079322379342E-002
  0.76544749975120918        34.126299358873389        6.1191679363842094E-002
  0.76394757556900339        34.554647695578886        5.0391662188562600E-002
  0.76938691735527964        34.142576947856838        5.0021263899029632E-002
  0.76498303906900433        34.506497484311119        5.0420475866308934E-002
  0.76546030086637562        34.241760515931055        5.4567893755343849E-002
  0.76353840121338368        34.235304425494029        6.3208750704785793E-002
  0.77278545074110061        34.000566415841249        5.1573779606497075E-002
  0.76784907742582686        34.250474951589332        4.9958545586747720E-002
  0.76862914110709213        34.288540986765433        5.0890469646584745E-002
  0.76807453806057713        34.234943646883828        4.9959151076129353E-002
  0.77164896891656565        34.126299358873389        5.2641409634440847E-002
  0.76394757556900339        34.279261001177446        5.8433011751987500E-002
  0.76938691735527964        34.142576947856838        5.0021263899029632E-002
  0.76657816894504494        34.506497484311119        5.3185366769082851E-002
                                                                                   0.76821051771198101        34.241760515931055        4.9956675978286604E-002
  0.77063247082558506        34.235304425494029        5.3929642840110675E-002
  0.76648708617042061        34.399527381825138        5.0247926125350624E-002
  0.76784907742582686        34.230009815690579        5.0067661732005893E-002
  0.76862914110709213        34.193073637808766        4.9982435940647968E-002
  0.76807453806057713        34.234943646883828        4.9959151076129353E-002
  0.77076806532360209        34.126299358873389        5.0847772767099966E-002
  0.76394757556900339        34.554647695578886        5.0391662188562600E-002
  0.77001107998440477        34.142576947856838        5.0229038192050705E-002
  0.76498303906900433        34.665325408064668        5.5370392073405147E-002
  0.76649687376264375        34.241760515931055        5.1697990949190233E-002
  0.76785925857302395        34.225826503624660        5.0097293398770712E-002
  0.77117843729346336        34.399527381825138        6.6351000630510720E-002
  0.76784907742582686        34.166344201753802        5.1117014536950986E-002
  0.76862914110709213        34.193073637808766        4.9982435940647968E-002
  0.76843833797193362        34.234943646883828        4.9991597204408628E-002
  0.76931111330605129        34.126299358873389        5.0133178667877205E-002
  0.76858060015872798        34.554647695578886        6.4063978437989583E-002
  0.76938691735527964        34.060106860779584        5.1138907869194776E-002
  0.76498303906900433        34.098602837833305        6.5519188217067384E-002
  0.76821051771198101        34.531019762147153        6.0617814099759262E-002
  0.76785925857302395        34.235304425494029        5.0023947199683602E-002
  0.76614944154277764        34.399527381825138        5.0073524993344748E-002
  0.76784907742582686        34.250474951589332        4.9958545586747720E-002
  0.76877941233560965        34.175596743125951        5.0018414557127959E-002
  0.76807453806057713        34.224928052210302        4.9997617858529485E-002
  0.77195505874568482        34.126299358873389        5.3484845292944609E-002
  0.76394757556900339        34.554647695578886        5.0391662188562600E-002
  0.76938691735527964        34.451745634935556        6.0913122415225431E-002
  0.76616804024723073        34.411739894953982        5.0167528228190261E-002
  0.76831930143310412        34.241760515931055        4.9981715740285669E-002
  0.76765854946326373        34.295062482837238        5.0009954448186539E-002
