   9.4288556540344732        12.236426090529900        1.3838004048229773     
   2.0751003721045027        28.293110529530139       0.34964374890025912     
   6.3272700921812062        31.640142573539165        1.1760472893671854     
   3.7837322812138341        12.201370029128167       0.87075723717253861     
   1.3210871080647568        38.536713162270395        9.1501086125980902E-002
   1.5353209303514537        25.293015438528055        4.9136589521078855E-002
   8.4466603965973004        23.448445142356412        1.3152725730713390     
   8.7802559480070581       0.16867877024763223        1.4246299213820781     
   4.0884656003249713        20.343165930119461       0.91482992398896501     
   1.7186847877806855        45.578076761813669       0.20317778266017708     
   9.4288556540344732        12.236426090529900        1.3838004048229773     
   0.0000000000000000        36.307348823246720                            NaN
   6.3272700921812062        24.354175819114527        1.1785644273073850     
   3.7837322812138341        12.201370029128167       0.87075723717253861     
   1.3210871080647568        33.821111040541595       0.10597872822269089     
   1.5353209303514537        0.0000000000000000                            NaN
   8.4466603965973004        13.844552216325612        1.3334608236691898     
   8.7802559480070581       0.16867877024763223        1.4246299213820781     
   0.0000000000000000        20.343165930119461                            NaN
   1.7186847877806855        41.192596009275150       0.19125917230001321     
   9.4288556540344732        23.303629359908971        1.3597960477128799     
   6.8785207237884514        22.784283522380381        1.2223020138372924     
   1.9277402577376836        31.640142573539165       0.28345411665726050     
   3.7837322812138341        41.827321783671607       0.87026333985959214     
   0.0000000000000000        38.536713162270395                            NaN
   1.5353209303514537        0.0000000000000000                            NaN
   9.2005877329581125        24.480577488142163        1.3489106727191382     
   8.7802559480070581        15.969758544141850        1.3441908023407234     
   4.4973963927000735        20.343165930119461       0.97994451172794561     
   1.7186847877806855        44.608311185839383       0.20046671933444363     
   9.4288556540344732        21.904709276770781        1.3616414964212955     
   2.0751003721045027        37.057269730992260       0.36486783748160867     
   0.0000000000000000        31.640142573539165                            NaN
   3.1101371816479504        41.827321783671607       0.72444175145341061     
   1.3210871080647568        38.536713162270395        9.1501086125980902E-002
   7.5362132473888863        25.293015438528055        1.2634260211574795     
   3.8826859936570250        23.448445142356412       0.87658876312356460     
   8.7802559480070581        15.969758544141850        1.3441908023407234     
   4.0884656003249713        24.826641358132651       0.91294644988669604     
   1.8955749478561195        18.204639563667659       0.25235937671004260     
   9.4288556540344732        13.181312225172837        1.3806914302370779     
   2.0751003721045027        28.293110529530139       0.34964374890025912     
   1.9277402577376836        23.074715355825070       0.27170538348460044     
   3.1101371816479504        41.827321783671607       0.72444175145341061     
  0.29900162148074960        38.536713162270395        1.6654771542297813     
   7.5362132473888863        18.623804867623900        1.2716511421066583     
   4.3308279072596925        20.356888145914905       0.95461232985180222     
   4.9175809201854586        15.969758544141850        1.0435345871287225     
   3.3169921593444345        24.826641358132651       0.75803001299102712     
   0.0000000000000000        41.192596009275150                            NaN
   9.4288556540344732        23.303629359908971        1.3597960477128799     
   1.0918920171077136        16.603256884912511       0.35757467017824091     
  0.21820124500296223        23.074715355825070        2.0190309893951102     
   3.1101371816479504        35.598287788782699       0.71548159296008063     
   1.3210871080647568        40.413304000370502        8.5532512042766601E-002
   1.5353209303514537        25.800796058045222        4.9438874535000350E-002
   0.0000000000000000        23.448445142356412                            NaN
   3.5134057560359055        15.969758544141850       0.80733307010187161     
   5.6819820874535996        24.826641358132651        1.1199406093436657     
   1.7186847877806855        41.192596009275150       0.19125917230001321     
   6.2562724047556388        23.303629359908971        1.1734705034567823     
   2.0751003721045027        28.741055208108509       0.35026549356062370     
   1.9277402577376836        27.907700060566633       0.27738757526921953     
   3.1101371816479504        35.598287788782699       0.71548159296008063     
   2.2438545607529878        39.570985383868006       0.44277468742534071     
   1.5353209303514537        26.395572411149047        4.9853005605807049E-002
   0.0000000000000000        28.255731857421946                            NaN
   2.9340856680742924        15.969758544141850       0.66089366203405175     
   8.6972421587604956        10.721706948601273        1.3563660883203346     
   1.7186847877806855        41.192596009275150       0.19125917230001321     
   0.0000000000000000        28.600263103042309                            NaN
   2.0390800709803738        26.948464354258963       0.33097363565257454     
   1.9277402577376836        23.074715355825070       0.27170538348460044     
   1.6244935182866365        29.940526321685546       0.10907640799397814     
   1.3210871080647568        40.413304000370502        8.5532512042766601E-002
   1.5353209303514537        25.293015438528055        4.9136589521078855E-002
   3.8826859936570250        23.448445142356412       0.87658876312356460     
   3.7476888509931525        15.969758544141850       0.85642480577274949     
   3.2672172883357344        24.826641358132651       0.74611499960561478     
   1.4329130515083870        41.192596009275150        1.6189093929966702E-002
   1.7392663676211610        23.303629359908971       0.16866373997798245     
   2.0390800709803738        45.438555694983613       0.36759327641582495     
   1.9277402577376836        23.074715355825070       0.27170538348460044     
   3.3326090410908704        29.940526321685546       0.76406121877740951     
   1.8160478089657683        40.413304000370502       0.24381546051599878     
   1.1780628847318781        25.293015438528055       0.25404529164730089     
   3.8826859936570250        47.551340965870693       0.89617349017970827     
   0.0000000000000000        39.913471883421664                            NaN
   3.2672172883357344        50.000000000000000       0.77639854921069462     
   1.4329130515083870        41.192596009275150        1.6189093929966702E-002
   1.7392663676211610        23.303629359908971       0.16866373997798245     
   1.6290302207416925        26.948464354258963       0.10709206076571909     
   1.9277402577376836        35.943506911332705       0.29188032802376135     
   3.4212279342693588        33.231490483219126       0.78690310278455455     
   1.3210871080647568        40.413304000370502        8.5532512042766601E-002
   1.3411596229990037        25.293015438528055       0.11313830658450243     
   1.7733274977335931        29.563710921355327       0.19691551085750367     
   3.2806662116551903        24.957240332176255       0.74938977350906244     
   3.2672172883357344        40.542578823362945       0.76065061208219842     
   1.4329130515083870        41.192596009275150        1.6189093929966702E-002
   1.3308777854701774        23.303629359908971       0.12579042086261047     
   1.6290302207416925        28.404091396910939       0.10929510006109604     
   1.9277402577376836        35.342919337947599       0.29062403216175642     
   1.3349115482243044        46.948505069239054        5.3663392073186419E-002
   1.3970266296542257        43.361452764761033        2.1403327934863072E-002
   1.5353209303514537        25.293015438528055        4.9136589521078855E-002
   1.7976135324948779        29.563710921355327       0.21055850158922124     
   2.6710142531370376        15.969758544141850       0.57916309238383024     
   2.1128114341567477        24.826641358132651       0.36290937577776539     
   1.4329130515083870        41.192596009275150        1.6189093929966702E-002
   1.5405560432079257        14.394169038147304        5.4812566174497396E-002
   1.7731613136460278        26.948464354258963       0.19266368152698549     
   1.7325837812176152        23.074715355825070       0.16454336928856195     
   1.3349115482243044        38.504882832631623        8.0705031822511056E-002
   1.3970266296542257        50.000000000000000        1.5972168926685217E-002
   1.6747121427990601        30.636055868299302       0.14112209420952113     
   1.5361124271298361        29.563710921355327        5.3602770425263700E-002
   2.6710142531370376        15.969758544141850       0.57916309238383024     
   2.4266512866152130        24.826641358132651       0.49264371539553747     
   1.4329130515083870        47.059692661888846        2.6653616926970360E-002
   1.5405560432079257        14.394169038147304        5.4812566174497396E-002
   1.6290302207416925        33.675851218903652       0.11922676027430888     
   1.7325837812176152        23.074715355825070       0.16454336928856195     
   1.3349115482243044        46.948505069239054        5.3663392073186419E-002
   1.7151644160488746        30.900968229268813       0.16574275011567305     
   1.5353209303514537        25.293015438528055        4.9136589521078855E-002
   1.4120200010669801        50.000000000000000        2.2541426866873618E-002
   2.6710142531370376        34.237619665747772       0.58793369061526946     
   2.1128114341567477        24.826641358132651       0.36290937577776539     
  0.52615495624871889        40.519063590442322        1.0922219641691044     
   1.1626580051748490        50.000000000000000       0.18839094129230777     
   1.5841268128048154        26.948464354258963        7.9374827893469363E-002
   1.7325837812176152        50.000000000000000       0.22389003102531566     
  0.93463334682373200        50.000000000000000       0.42457965067523024     
  0.95046437446999388        50.000000000000000       0.40624682369110543     
   1.5353209303514537        22.616352312159279        4.8316626450651878E-002
   1.4120200010669801        50.000000000000000        2.2541426866873618E-002
   1.3191343278453214        15.969758544141850       0.14769727961115137     
   2.1128114341567477        42.893098526598465       0.39459282285393338     
   1.7153960206896688        41.192596009275150       0.18934988030892111     
  0.96887649404560916        14.394169038147304       0.49819421933256747     
   1.1959462476970157        50.000000000000000       0.15833739232078195     
   1.7325837812176152        26.739557571233913       0.16900694742813110     
   1.3349115482243044        27.829312164953635       0.11174319935977668     
   1.3970266296542257        50.000000000000000        1.5972168926685217E-002
   1.4375938931332606        22.616352312159279        5.1773308341788532E-002
   1.4120200010669801        50.000000000000000        2.2541426866873618E-002
   1.3191343278453214        15.969758544141850       0.14769727961115137     
   1.5797693745143815        24.826641358132651        7.4317618663701276E-002
   1.4329130515083870        33.319333995726041        2.8683642212652429E-002
   1.2342594506441880        14.394169038147304       0.22192986203532070     
   1.5841268128048154        26.948464354258963        7.9374827893469363E-002
   1.3829930890400945        23.074715355825070        8.6539998138062013E-002
   1.3349115482243044        50.000000000000000        4.4039033754250154E-002
   1.5312261284121469        50.000000000000000       0.10113429152525800     
   1.5559226600549803        22.616352312159279        5.8959818262844056E-002
   1.4120200010669801        50.000000000000000        2.2541426866873618E-002
   1.2143931391853251        38.788337690206774       0.18058890732641125     
   1.4385497992491205        24.826641358132651        4.6454013045464038E-002
   1.4329130515083870        49.634396918694023        3.4257413114889869E-002
   1.3854718858434676        28.541118363640322        7.1601643208670657E-002
   1.5841268128048154        38.696941918768516       0.10271346533018215     
   1.4642330612102501        23.074715355825070        3.8746937795182144E-002
   1.3349115482243044        43.422253380790423        6.5018693767166250E-002
   1.3227180910768987        22.775806835313482       0.13345507401793189     
   1.5353209303514537        46.596871815032671        9.3218139052803628E-002
   1.4120200010669801        50.000000000000000        2.2541426866873618E-002
   1.3191343278453214        15.969758544141850       0.14769727961115137     
   1.4385497992491205        24.826641358132651        4.6454013045464038E-002
   1.4329130515083870        41.192596009275150        1.6189093929966702E-002
   1.4586355589355136        34.792513289291549        2.1321156749990047E-002
   1.5841268128048154        23.175902556561702        7.5525414384736325E-002
   1.4747455198013477        23.074715355825070        3.5981811355637557E-002
   1.3349115482243044        50.000000000000000        4.4039033754250154E-002
   1.2240773476493199        44.682724985586056       0.15218262739379679     
   1.5353209303514537        33.679687911750655        5.9868267947910545E-002
   1.5607909138225731        28.093081849727422        6.6562378957127896E-002
   1.4956337781364875        15.969758544141850        4.4034213844836093E-002
   1.4385497992491205        50.000000000000000        3.9110035289601046E-002
   1.3847059006079501        41.192596009275150        3.5330197158338052E-002
   1.4586355589355136        50.000000000000000        5.2585466835713517E-002
   1.5841268128048154        23.175902556561702        7.5525414384736325E-002
   1.4747455198013477        23.074715355825070        3.5981811355637557E-002
   1.4217712468328743        50.000000000000000        2.8287367366879968E-002
   1.3970266296542257        50.000000000000000        1.5972168926685217E-002
   1.5353209303514537        18.004619254193322        4.9725145248488159E-002
   1.4323497160206213        50.000000000000000        3.5031622074168385E-002
   1.4956337781364875        37.007158938773756        4.1496495536792369E-002
   1.4385497992491205        50.000000000000000        3.9110035289601046E-002
   1.3895043270206826        46.637308602058170        1.7772981435116148E-002
   1.5350172757691423        34.792513289291549        6.1911686589171941E-002
   1.5363240593572740        23.175902556561702        4.8872743903942376E-002
   1.4170674620860115        23.074715355825070        6.3127550824492881E-002
   1.5338021379640248        35.586645237829245        6.2819589411020768E-002
   1.3970266296542257        50.000000000000000        1.5972168926685217E-002
   1.5353209303514537        50.000000000000000       0.10381563841698636     
   1.3748532422371853        50.000000000000000        1.8293926512850296E-002
   1.4689209065679751        34.655490265573150        2.4016918898922417E-002
   1.4385497992491205        50.000000000000000        3.9110035289601046E-002
   1.4329130515083870        44.293721346244006        1.9930647735709763E-002
   1.4586355589355136        24.522979252949067        3.7858981862172798E-002
   1.5363240593572740        50.000000000000000       0.10447136470478634     
   1.4747455198013477        23.074715355825070        3.5981811355637557E-002
   1.4073450628127002        50.000000000000000        2.0085222658371722E-002
   1.3764486237125244        50.000000000000000        1.7615388367235949E-002
   1.4589839858619145        22.616352312159279        4.1521260640386852E-002
   1.3748532422371853        50.000000000000000        1.8293926512850296E-002
   1.4689209065679751        34.122122153554351        2.3850904930467133E-002
   1.4385497992491205        50.000000000000000        3.9110035289601046E-002
   1.3569909811292258        48.299068318516660        3.3289122056921513E-002
   1.4560141603308780        34.792513289291549        2.0981394637028639E-002
   1.4496422032698790        37.193064592749835        1.9136130620799757E-002
   1.4747455198013477        6.3571304825517601        5.6337889989087737E-002
   1.4073450628127002        50.000000000000000        2.0085222658371722E-002
   1.3970266296542257        50.000000000000000        1.5972168926685217E-002
   1.3971157036130495        27.438765686910283        6.6213244356115364E-002
   1.3832674978564528        50.000000000000000        1.5463803635927930E-002
   1.4354031751830389        50.000000000000000        3.7032129549471896E-002
   1.4186281099048403        49.633309565067364        2.5300271604848931E-002
   1.4312529426770437        33.905703628698816        2.8003787847977513E-002
   1.4560141603308780        34.792513289291549        2.0981394637028639E-002
   1.4877564650919128        37.193064592749835        3.7008011090556861E-002
   1.4747455198013477        23.074715355825070        3.5981811355637557E-002
   1.4073450628127002        50.000000000000000        2.0085222658371722E-002
   1.3970266296542257        49.706647652053888        1.5536287882958095E-002
   1.4226910427860142        22.616352312159279        6.0553076011888300E-002
   1.3293471322655348        50.000000000000000        4.8178925100267937E-002
   1.4355312337198896        50.000000000000000        3.7116395845991669E-002
   1.4125887009258888        49.633309565067364        2.1859713943622995E-002
   1.4202676017594273        34.116533211300563        3.3209740117176381E-002
   1.4560141603308780        23.303097934851813        4.1351624515861191E-002
   1.3771558479875496        37.193064592749835        5.2847835613150297E-002
   1.4747455198013477        23.074715355825070        3.5981811355637557E-002
   1.4073450628127002        50.000000000000000        2.0085222658371722E-002
   1.4412451478183437        49.706647652053888        3.9968444098178783E-002
   1.4589839858619145        22.616352312159279        4.1521260640386852E-002
   1.3832674978564528        50.000000000000000        1.5463803635927930E-002
   1.4689209065679751        34.122122153554351        2.3850904930467133E-002
   1.4284028145125967        49.633309565067364        3.1346377520917658E-002
   1.4329130515083870        41.192596009275150        1.6189093929966702E-002
   1.4560141603308780        49.121685184193119        4.8005839800635289E-002
   1.3883319071999303        44.790181161254694        2.2677759291067936E-002
   1.3804833667234095        48.441006372768001        1.8495262315541366E-002
   1.4073450628127002        50.000000000000000        2.0085222658371722E-002
   1.3933747406306920        49.580593437096937        1.4797552939508279E-002
   1.4589839858619145        22.616352312159279        4.1521260640386852E-002
   1.3856433582812819        50.000000000000000        1.5058770546675806E-002
   1.4689209065679751        50.000000000000000        5.9537529793743917E-002
   1.4690493074417452        49.633309565067364        5.8442487699906391E-002
   1.4329130515083870        41.192596009275150        1.6189093929966702E-002
   1.4560141603308780        40.857801047369911        2.5498944374138841E-002
   1.4496422032698790        37.193064592749835        1.9136130620799757E-002
   1.3804833667234095        50.000000000000000        1.6179168332633009E-002
   1.4552807992262620        50.000000000000000        5.0320687458207863E-002
   1.3748938535726991        49.580593437096937        1.9015870018807522E-002
   1.4589839858619145        31.066025427068691        2.5232593348148358E-002
   1.3778369169433620        50.000000000000000        1.7073090509293069E-002
   1.4104695568142342        34.122122153554351        3.9104411039978811E-002
   1.4125887009258888        36.913831887382372        2.9945428810021185E-002
   1.4329130515083870        41.192596009275150        1.6189093929966702E-002
   1.4560141603308780        22.913603849444154        4.2133074291727857E-002
   1.4496422032698790        49.509700549339911        4.4954105932113755E-002
   1.3785695642578342        50.000000000000000        1.6806464021129272E-002
   1.4277010802256349        41.883710990617182        1.5461799427132657E-002
   1.4353184884586740        49.580593437096937        3.5659812292661096E-002
   1.4351430352675973        31.066025427068691        3.3224976309565245E-002
   1.3856433582812819        50.000000000000000        1.5058770546675806E-002
   1.4600280437407787        35.011716329798126        2.1520824087012808E-002
   1.3668860560970859        50.000000000000000        2.2377626819790501E-002
   1.4329130515083870        41.192596009275150        1.6189093929966702E-002
   1.4560141603308780        39.750514373061449        2.3518683222001346E-002
   1.3721647952349809        48.888904167447635        2.1921150622851993E-002
   1.3804833667234095        37.958842464248612        4.8126049472009880E-002
   1.3919347534609985        49.521438448896959        1.4677187812259244E-002
   1.3933747406306920        50.000000000000000        1.5177904440109911E-002
   1.4589839858619145        31.066025427068691        2.5232593348148358E-002
   1.3856433582812819        50.000000000000000        1.5058770546675806E-002
   1.4600280437407787        35.011716329798126        2.1520824087012808E-002
   1.4125887009258888        49.584785361137790        2.1730280455879568E-002
   1.4329130515083870        41.192596009275150        1.6189093929966702E-002
   1.5075396218785226        34.792513289291549        4.4572254936069922E-002
   1.4496422032698790        37.193064592749835        1.9136130620799757E-002
   1.3480218956463017        50.000000000000000        3.4590362312708865E-002
   1.3919347534609985        49.521438448896959        1.4677187812259244E-002
   1.3892063612818655        49.578934367162972        1.4745429198862960E-002
   1.4362467652532140        31.066025427068691        3.2685286184148316E-002
   1.3856433582812819        50.000000000000000        1.5058770546675806E-002
   1.4600280437407787        35.011716329798126        2.1520824087012808E-002
   1.4194828631994667        44.681377391309930        1.5206301633347206E-002
   1.4329130515083870        41.476865540296593        1.6289708361529834E-002
   1.4221512250092581        34.792513289291549        3.0335411440749565E-002
   1.4496422032698790        37.193064592749835        1.9136130620799757E-002
   1.3804833667234095        50.000000000000000        1.6179168332633009E-002
   1.4002434258377181        47.776359838535591        1.4269631047351595E-002
   1.3892063612818655        39.710141689101668        3.6723267319669441E-002
   1.4190952648504227        39.685060456418370        1.9557535931409877E-002
   1.3856433582812819        50.000000000000000        1.5058770546675806E-002
   1.5086334083862629        21.739173874220135        3.8657291101385924E-002
   1.3631169910944083        44.681377391309930        3.9868812641497241E-002
   1.4848666878783185        29.909322818045091        2.8556118789754822E-002
   1.4560141603308780        40.179079879850356        2.4236677192755188E-002
   1.4496422032698790        37.193064592749835        1.9136130620799757E-002
   1.3381017148126717        50.000000000000000        4.1696205807164918E-002
   1.4002434258377181        50.000000000000000        1.6999849621774546E-002
   1.3907647727356878        50.000000000000000        1.4889726283111013E-002
   1.4190952648504227        30.354667981757796        4.4080297549781808E-002
   1.3856433582812819        37.919361220830197        4.4592307305757292E-002
   1.4600280437407787        35.011716329798126        2.1520824087012808E-002
   1.4194828631994667        44.681377391309930        1.5206301633347206E-002
   1.4329130515083870        41.937244020221954        1.6567265608474907E-002
   1.4011469704987245        50.000000000000000        1.7335975880035680E-002
   1.4496422032698790        37.193064592749835        1.9136130620799757E-002
   1.3804833667234095        35.809395039936426        5.4618782434683585E-002
   1.4002434258377181        50.000000000000000        1.6999849621774546E-002
   1.4152074497448826        41.322501838555695        1.7646831121211196E-002
   1.4557711007375149        39.685060456418370        2.3291583120963879E-002
   1.3856433582812819        50.000000000000000        1.5058770546675806E-002
   1.3823987171854986        50.000000000000000        1.5660339108494813E-002
   1.4194828631994667        44.681377391309930        1.5206301633347206E-002
   1.4329130515083870        48.043153381081829        2.9452234721095726E-002
   1.4011469704987245        50.000000000000000        1.7335975880035680E-002
   1.4155117113152178        37.193064592749835        2.7515767831307332E-002
   1.3804833667234095        50.000000000000000        1.6179168332633009E-002
   1.4002434258377181        47.776359838535591        1.4269631047351595E-002
   1.3892063612818655        49.931588994344914        1.4811982860741181E-002
   1.4031920422273005        39.685060456418370        2.7761751036502410E-002
   1.3856433582812819        47.168373401679069        1.8531610921127116E-002
   1.3823987171854986        40.695333895985293        3.8427327559279745E-002
   1.4194828631994667        50.000000000000000        2.6884684950239636E-002
   1.3636518269103108        50.000000000000000        2.4280366688444719E-002
   1.4011469704987245        41.572816427074244        2.3760554892162018E-002
   1.4622802606174945        37.193064592749835        2.3176099958693103E-002
   1.3804833667234095        50.000000000000000        1.6179168332633009E-002
   1.3731718219031703        50.000000000000000        1.9066768311510465E-002
   1.3659486550474242        50.000000000000000        2.2917469155655706E-002
   1.4714044517111597        39.685060456418370        3.2140776278208875E-002
   1.3856433582812819        50.000000000000000        1.5058770546675806E-002
   1.3823987171854986        50.000000000000000        1.5660339108494813E-002
   1.3918310163212180        44.681377391309930        2.0961438315126698E-002
   1.4413927807329925        41.192596009275150        1.8792530200779412E-002
   1.4001883422796666        47.640798180982124        1.4224921488636806E-002
   1.4496422032698790        37.193064592749835        1.9136130620799757E-002
   1.3344409517667688        50.000000000000000        4.4386629094003802E-002
   1.4002434258377181        37.530811512735454        3.5841370136969863E-002
   1.3627293979708810        50.000000000000000        2.4842313122530341E-002
   1.4190952648504227        39.685060456418370        1.9557535931409877E-002
   1.3856433582812819        50.000000000000000        1.5058770546675806E-002
   1.3823987171854986        50.000000000000000        1.5660339108494813E-002
   1.4194828631994667        38.443132723117600        2.2257244578143764E-002
   1.4329130515083870        44.689632472011098        2.0752249197078510E-002
   1.4313879394605122        43.385900094030070        1.7647898125935813E-002
   1.4031552225064428        37.193064592749835        3.4945280618868112E-002
   1.3804833667234095        41.003969730962034        3.8823358298181537E-002
   1.4002434258377181        49.512516603504935        1.6114146878519500E-002
   1.3892063612818655        49.578934367162972        1.4745429198862960E-002
   1.4190952648504227        48.903324893008815        2.3516876645424945E-002
   1.3856433582812819        50.000000000000000        1.5058770546675806E-002
   1.3823987171854986        50.000000000000000        1.5660339108494813E-002
   1.4194828631994667        43.727400168580729        1.4684569833531811E-002
   1.3955202632010921        41.192596009275150        2.8206713209843953E-002
   1.4001883422796666        50.000000000000000        1.6979985710418935E-002
   1.4496422032698790        37.193064592749835        1.9136130620799757E-002
   1.3941419848078129        48.679895750718572        1.4434931950249136E-002
   1.4246580192306646        47.776359838535591        2.3670225065697791E-002
   1.3779753077307446        49.578934367162972        1.7630563743106328E-002
   1.4190952648504227        50.000000000000000        2.6649814258029345E-002
   1.3856433582812819        50.000000000000000        1.5058770546675806E-002
   1.3823987171854986        50.000000000000000        1.5660339108494813E-002
   1.4194828631994667        43.330555675476958        1.4675402516820214E-002
   1.4329130515083870        44.216885416243151        1.9778206467123215E-002
   1.4001883422796666        47.640798180982124        1.4224921488636806E-002
   1.4312815759637507        41.444206532890441        1.5946040136318600E-002
   1.3941419848078129        48.679895750718572        1.4434931950249136E-002
   1.4144255151573428        47.776359838535591        1.8259418757828900E-002
   1.3892063612818655        49.578934367162972        1.4745429198862960E-002
   1.4190952648504227        46.850359407802564        1.8451794609996325E-002
   1.3856433582812819        50.000000000000000        1.5058770546675806E-002
   1.3867408079678740        50.000000000000000        1.4940098058360662E-002
   1.4194828631994667        50.000000000000000        2.6884684950239636E-002
   1.3773039906325679        41.192596009275150        4.0483183347024769E-002
   1.4001883422796666        45.121085707224175        1.6149349701857448E-002
   1.4312815759637507        41.444206532890441        1.5946040136318600E-002
   1.3613334968651702        48.679895750718572        2.9235899536369261E-002
   1.4002434258377181        47.776359838535591        1.4269631047351595E-002
   1.4316717612205330        49.578934367162972        3.3280424807918832E-002
   1.4129818488626233        46.850359407802564        1.5943194485007538E-002
   1.3856433582812819        49.830863399229671        1.5104901211763550E-002
   1.3594141096252343        50.000000000000000        2.6921680943060064E-002
   1.3912243678818494        43.330555675476958        2.4856580558571539E-002
   1.4200029681097945        41.192596009275150        1.6456885240179076E-002
   1.4001883422796666        47.640798180982124        1.4224921488636806E-002
   1.4312815759637507        36.962162345794439        2.0906394473895119E-002
   1.3941419848078129        48.679895750718572        1.4434931950249136E-002
   1.4104572292528854        47.776359838535591        1.6589442005095455E-002
   1.4021790744889187        49.578934367162972        1.6885692988999269E-002
   1.4129818488626233        46.850359407802564        1.5943194485007538E-002
   1.4222058154556205        50.000000000000000        2.8556596252192191E-002
   1.3869868314663873        50.000000000000000        1.4919595071759630E-002
   1.4194828631994667        43.195020897557839        1.4700432359850923E-002
   1.4329130515083870        48.986674253109385        3.2266445163972292E-002
   1.4001883422796666        47.640798180982124        1.4224921488636806E-002
   1.4210831484532205        43.561338968361206        1.4848528948565049E-002
   1.3959330867096751        48.349072155532063        1.4349296706524024E-002
   1.4002434258377181        49.594301454137600        1.6253197440231848E-002
   1.3740341157168676        49.578934367162972        1.9439244352142789E-002
   1.4413957676142413        40.546064923316337        1.8125610643597887E-002
   1.3930476398436302        48.683425789347758        1.4492190056555736E-002
   1.3885463885246903        50.000000000000000        1.4842269099949840E-002
   1.4056538231414473        43.330555675476958        1.7326661546716467E-002
   1.3913245180650293        41.192596009275150        3.0899205086935212E-002
   1.3835165641872647        50.000000000000000        1.5412123044820866E-002
   1.4210831484532205        39.270693235237424        1.9679251546885827E-002
   1.3999114267148287        48.349072155532063        1.4576914823226568E-002
   1.3754825269216258        47.776359838535591        2.2665605129038140E-002
   1.3892063612818655        46.535374288975149        1.8113380234067115E-002
   1.4136642001182294        46.451908219521215        1.5584607761828882E-002
   1.3930476398436302        49.903663562685566        1.5033766054139664E-002
   1.3802790950926787        50.000000000000000        1.6241127016866145E-002
   1.4194828631994667        42.781118345546908        1.4863874330598053E-002
   1.4329130515083870        41.192596009275150        1.6189093929966702E-002
   1.4155874233917927        47.640798180982124        1.8504310519134617E-002
   1.4183618935275939        43.561338968361206        1.4592925497972300E-002
   1.3959330867096751        48.349072155532063        1.4349296706524024E-002
   1.4197934326039336        47.776359838535591        2.0945914404728396E-002
   1.3947573245801459        49.578934367162972        1.4956332979126474E-002
   1.4189988002311422        44.915585569768297        1.5304086219261917E-002
   1.3696546168847659        50.000000000000000        2.0847136148255348E-002
   1.3885463885246903        50.000000000000000        1.4842269099949840E-002
   1.4044282169764666        43.330555675476958        1.7832062422603982E-002
   1.4329130515083870        41.192596009275150        1.6189093929966702E-002
   1.3652229900984494        47.640798180982124        2.9553771082961384E-002
   1.4167690562947037        44.636958223639866        1.4619777302331135E-002
   1.3959330867096751        48.349072155532063        1.4349296706524024E-002
   1.3851990151319122        47.776359838535591        1.7567063929775858E-002
   1.3968160587020746        49.435630590138956        1.5145309174489828E-002
   1.4207368654718884        43.451858938432693        1.4779376338448261E-002
   1.3930476398436302        46.036835324790033        1.7351392714425897E-002
   1.3911145620747329        49.602799603116353        1.4696074956756315E-002
   1.4077411803076454        46.201740036802541        1.4195283119764613E-002
   1.4329130515083870        41.192596009275150        1.6189093929966702E-002
   1.3842550413619026        47.640798180982124        1.8253130909209700E-002
   1.4143088023242603        44.289276999710374        1.4366945297196615E-002
   1.4300933096038535        41.489715138867474        1.5761414457970191E-002
   1.4002434258377181        47.776359838535591        1.4269631047351595E-002
   1.3892063612818655        47.822091191996272        1.5929043269859475E-002
   1.4207368654718884        43.451858938432693        1.4779376338448261E-002
   1.3930476398436302        48.683425789347758        1.4492190056555736E-002
   1.3833007360154890        49.602799603116353        1.5747865638443988E-002
   1.4077411803076454        42.371553487065853        1.8437059072903859E-002
   1.4112376452483277        45.505951617443337        1.4273731855284388E-002
   1.4001883422796666        47.640798180982124        1.4224921488636806E-002
   1.4292185636869723        41.357944401179722        1.5659234573230624E-002
   1.3959330867096751        50.000000000000000        1.5689639025001059E-002
   1.3962190997725681        47.776359838535591        1.4382018704246853E-002
   1.3868485044697612        49.801781973732417        1.4947752738564978E-002
   1.4207368654718884        43.451858938432693        1.4779376338448261E-002
   1.3930476398436302        47.564319221071543        1.5093468847620773E-002
   1.3911145620747329        50.000000000000000        1.4913978281088338E-002
   1.4077411803076454        46.201740036802541        1.4195283119764613E-002
   1.4112376452483277        44.189826053096382        1.4591003439181615E-002
   1.4255600968338691        47.640798180982124        2.3831854284079315E-002
   1.4060529846557241        44.289276999710374        1.5548848413683609E-002
   1.3959330867096751        45.316057849635101        1.7489241778905797E-002
   1.4002434258377181        47.776359838535591        1.4269631047351595E-002
   1.4176018368113801        44.405048459090033        1.4642596917330806E-002
   1.3935989036584027        43.451858938432693        2.3110873402780622E-002
   1.3930476398436302        45.158936789047530        1.9187383600925752E-002
   1.3919889976973656        49.794416580662563        1.4835726627715677E-002
   1.4247501102921494        46.201740036802541        1.9822551364779444E-002
   1.3865268273607354        50.000000000000000        1.4959756588692927E-002
   1.3822712225568694        50.000000000000000        1.5691272735515471E-002
   1.4177254731861031        44.289276999710374        1.4615652162005959E-002
   1.4046566024468654        46.967420396734155        1.4235515782385539E-002
   1.4258531260486207        42.454093936495617        1.5271556067223486E-002
   1.4238828368558565        44.405048459090033        1.6217929311792202E-002
   1.4004141569207618        43.451858938432693        1.9415767789063603E-002
   1.3930476398436302        50.000000000000000        1.5128430030052337E-002
   1.3988024660274903        49.602799603116353        1.5839159380851453E-002
   1.4051067527179495        46.109122869298815        1.4152356046379572E-002
   1.4163883497060890        44.532124662656642        1.4523952842895803E-002
   1.3988384544349091        47.640798180982124        1.4226768972134195E-002
   1.4262449512370565        41.834960500512494        1.5331135991318324E-002
   1.4046566024468654        46.967420396734155        1.4235515782385539E-002
   1.3920870429614922        47.776359838535591        1.5130412537057871E-002
   1.3882521544506956        44.405048459090033        2.3742113084315203E-002
   1.4175576353109911        43.320016425902438        1.4653540322462128E-002
   1.4011367063691171        48.683425789347758        1.5139094533836415E-002
   1.3911145620747329        44.671370676230204        2.1384399100039777E-002
   1.3963113771894617        47.925449446172621        1.4338238397988931E-002
   1.4112376452483277        45.505951617443337        1.4273731855284388E-002
   1.4001883422796666        43.793864044323591        1.8747861556439541E-002
   1.4005077844547176        47.582990925570215        1.4218557998902795E-002
   1.4046566024468654        47.563797485362969        1.4640430312375278E-002
   1.4002434258377181        47.776359838535591        1.4269631047351595E-002
   1.4002456049973400        48.333655982312102        1.4610033354973294E-002
   1.4253028330462369        43.320016425902438        1.5550673595052454E-002
   1.4014436771497034        46.221665962281328        1.4483194500632981E-002
   1.3911145620747329        49.602799603116353        1.4696074956756315E-002
   1.4000153994675075        46.109122869298815        1.4866151653940474E-002
   1.4130700965746179        45.025862044371486        1.4312021475397564E-002
   1.4001883422796666        47.640798180982124        1.4224921488636806E-002
   1.4005077844547176        48.594176633458261        1.4904339223898982E-002
   1.4046566024468654        45.393260427097957        1.4595587556038311E-002
   1.4002434258377181        46.361796255044680        1.4586088946468585E-002
   1.3895919747690748        48.333655982312102        1.5239577150042552E-002
   1.4120821758459856        43.320016425902438        1.5327105650715720E-002
   1.4014436771497034        47.986190110917640        1.4496572800588985E-002
   1.3911145620747329        49.602799603116353        1.4696074956756315E-002
   1.4051067527179495        46.109122869298815        1.4152356046379572E-002
   1.4112376452483277        45.505951617443337        1.4273731855284388E-002
   1.4001883422796666        47.438458279736686        1.4191495193740728E-002
   1.4005077844547176        47.582990925570215        1.4218557998902795E-002
   1.4046566024468654        46.967420396734155        1.4235515782385539E-002
   1.4046279690409891        45.826824068349588        1.4295431855047605E-002
   1.4002456049973400        50.000000000000000        1.7000636996992866E-002
   1.4175576353109911        43.320016425902438        1.4653540322462128E-002
   1.4014436771497034        43.888876988252932        1.7966132515500100E-002
   1.3911145620747329        49.602799603116353        1.4696074956756315E-002
   1.4051067527179495        45.020062898667703        1.4869585275519718E-002
   1.4112376452483277        46.736596242903168        1.5244759423818447E-002
   1.3945770319767739        47.438458279736686        1.4847072883786405E-002
   1.4195835167391671        43.351364426788422        1.4678303788954614E-002
   1.4046566024468654        48.027625359596378        1.5148229809523029E-002
   1.3897519505561027        47.776359838535591        1.5808322715562949E-002
   1.4002456049973400        44.662259511711646        1.6935235581440628E-002
   1.4133861399067225        43.320016425902438        1.5070630259204852E-002
   1.4014436771497034        46.221665962281328        1.4483194500632981E-002
   1.3911145620747329        48.314507898141308        1.4905887529000456E-002
   1.4051067527179495        45.512519321736555        1.4429889408866105E-002
   1.4107991884309141        45.249279189770732        1.4206411002444129E-002
   1.4001883422796666        47.915360101509357        1.4326247371437279E-002
   1.4026714167199352        47.582990925570215        1.4367710798696929E-002
   1.4046566024468654        46.967420396734155        1.4235515782385539E-002
   1.4002434258377181        48.469750038809615        1.4731232095328138E-002
   1.4002456049973400        46.712656287739833        1.4351610480352151E-002
   1.4033353345205293        43.320016425902438        1.8332690670186801E-002
   1.4167704019083691        46.221665962281328        1.6297611370919052E-002
   1.3911145620747329        47.548126674782978        1.5661952971531598E-002
   1.4051067527179495        46.109122869298815        1.4152356046379572E-002
   1.4239255263285231        42.162420351112118        1.5127887000410871E-002
   1.4080513222789177        47.438458279736686        1.5270282801965093E-002
   1.4005077844547176        47.582990925570215        1.4218557998902795E-002
   1.4046566024468654        47.597624785268259        1.4671955908355114E-002
   1.4016220249162314        46.674598442223257        1.4220673312452815E-002
   1.4002456049973400        48.774505572386403        1.5055777215879931E-002
   1.4127103703651414        44.017521206927228        1.4554131338475789E-002
   1.4016815579170578        46.221665962281328        1.4445096361680084E-002
   1.3911145620747329        49.602799603116353        1.4696074956756315E-002
   1.3951460466435162        48.340408024015915        1.4376298826178652E-002
   1.4101495536924082        45.249279189770732        1.4193568070997522E-002
   1.4121780960217560        43.860115577349426        1.4736982542338522E-002
   1.4005077844547176        45.726711150080966        1.5175161366353914E-002
   1.4046566024468654        46.967420396734155        1.4235515782385539E-002
   1.3974267448018034        46.674598442223257        1.4900195034115857E-002
   1.4002456049973400        48.263436117974344        1.4553089992737510E-002
   1.4127103703651414        44.017521206927228        1.4554131338475789E-002
   1.4016815579170578        46.221665962281328        1.4445096361680084E-002
   1.3911145620747329        44.118869648251525        2.2802593873637714E-002
   1.4091409934975165        45.421247925676347        1.4173121234713320E-002
   1.4101495536924082        45.249279189770732        1.4193568070997522E-002
   1.4001883422796666        48.060985987946353        1.4405836440878370E-002
   1.4130811646496308        47.582990925570215        1.7269995931725565E-002
   1.4046566024468654        46.967420396734155        1.4235515782385539E-002
   1.4063810658122933        46.674598442223257        1.4260820369621993E-002
   1.4107088993052208        46.712656287739833        1.5074823291693093E-002
   1.4127103703651414        44.620067544701598        1.4294498663832565E-002
   1.3927855073414936        48.266305374650891        1.4635201257044293E-002
   1.3911145620747329        49.752140458962771        1.4762603324230477E-002
   1.4051067527179495        46.109122869298815        1.4152356046379572E-002
   1.4101495536924082        46.799148290689956        1.5032692314307183E-002
   1.4001883422796666        47.438458279736686        1.4191495193740728E-002
   1.4005077844547176        47.582990925570215        1.4218557998902795E-002
   1.4125209898232567        44.684594837725143        1.4282303057914388E-002
   1.4022813357226687        46.674598442223257        1.4173774085595267E-002
   1.3931895457205856        48.351956921437207        1.4545215493101603E-002
   1.4128845321142225        44.620067544701598        1.4295387124442421E-002
   1.4067709212958555        46.221665962281328        1.4145043132831367E-002
   1.3911145620747329        46.797846814760518        1.6784496608041492E-002
   1.4051067527179495        46.109122869298815        1.4152356046379572E-002
   1.4101495536924082        44.944025459658711        1.4260835395745118E-002
   1.4139074073069848        44.796781540867897        1.4337765294451153E-002
   1.4005077844547176        47.582990925570215        1.4218557998902795E-002
   1.4046566024468654        46.756149677353655        1.4162819802841006E-002
   1.4062979710817938        45.972688979712473        1.4137643707172583E-002
   1.4002456049973400        46.712656287739833        1.4351610480352151E-002
   1.4127103703651414        44.620067544701598        1.4294498663832565E-002
   1.4031963131620964        46.221665962281328        1.4251886356979090E-002
   1.4059005890969500        46.949998940974247        1.4357242706075154E-002
   1.4072550717181382        46.109122869298815        1.4147191074106592E-002
   1.4025856569958226        46.866763166790861        1.4141527421413150E-002
   1.4001883422796666        47.189199551404968        1.4198641944323014E-002
   1.4005077844547176        46.421401105174972        1.4493973490988027E-002
   1.4046566024468654        46.756149677353655        1.4162819802841006E-002
   1.4065077146476959        46.668956689976781        1.4271022065947861E-002
   1.4002456049973400        46.712656287739833        1.4351610480352151E-002
   1.4127103703651414        45.495059836631633        1.4442620940071449E-002
   1.4067709212958555        46.221665962281328        1.4145043132831367E-002
   1.4059005890969500        47.429371127206309        1.4748069538939363E-002
   1.4023188149029735        46.109122869298815        1.4424559947379078E-002
   1.4112473618400003        44.623547761863577        1.4331318611233596E-002
   1.4001883422796666        47.438458279736686        1.4191495193740728E-002
   1.3983647265069910        47.992296368835859        1.4276294543856446E-002
   1.4050562784014631        46.756149677353655        1.4185017289719250E-002
   1.4062979710817938        45.456611216104847        1.4317253785014505E-002
   1.4004625818487373        46.712656287739833        1.4324313504896257E-002
   1.4127103703651414        44.620067544701598        1.4294498663832565E-002
   1.4030179370416780        46.221665962281328        1.4270146045386562E-002
   1.4040101793726774        46.949998940974247        1.4184152200423345E-002
   1.4121992198541427        46.109122869298815        1.4797969768634914E-002
   1.4025856569958226        48.813295785557642        1.5691576506833685E-002
   1.4042947640865731        46.743235562171570        1.4145615385503393E-002
   1.4005077844547176        47.582990925570215        1.4218557998902795E-002
   1.4156757789598571        44.023373713543336        1.4436424710669348E-002
   1.4062979710817938        45.972688979712473        1.4137643707172583E-002
   1.4004625818487373        46.922605335833971        1.4239696495257581E-002
   1.4031441763090120        44.620067544701598        1.5945371769693427E-002
   1.4067709212958555        46.221665962281328        1.4145043132831367E-002
   1.4037147221155073        46.781236790896052        1.4137603828619130E-002
   1.4072550717181382        45.419759427992588        1.4248219713840838E-002
   1.4025856569958226        46.866763166790861        1.4141527421413150E-002
   1.4042947640865731        47.404991050579454        1.4451005218343240E-002
   1.4005077844547176        48.093108687343040        1.4459859234244758E-002
   1.4018173211064464        46.756149677353655        1.4183670562024521E-002
   1.4032130221868415        46.122195302648258        1.4298195348962799E-002
   1.4004625818487373        47.548323002219917        1.4209235202280544E-002
   1.4078919401354895        45.917411768315823        1.4147568930568255E-002
   1.4121460322306489        45.046731200415202        1.4253734610878942E-002
   1.4050820077881077        46.682414707200621        1.4164910654289114E-002
   1.4092953529849477        45.467280915391378        1.4169705023587668E-002
   1.4025856569958226        45.024097156237914        1.5514648610123263E-002
   1.4042947640865731        46.743235562171570        1.4145615385503393E-002
   1.4078202298269158        45.925230817206391        1.4146017788797462E-002
   1.4031910261246441        46.756149677353655        1.4134382133785985E-002
   1.4062979710817938        47.743652180915042        1.5200993359557685E-002
   1.4019401508290359        47.120755869654111        1.4157611175556676E-002
   1.4067111397855161        45.917411768315823        1.4137148707313779E-002
   1.4080120458653360        45.911672668265986        1.4151046912086707E-002
   1.4020232670363153        47.208823762953912        1.4171908248466642E-002
   1.4072550717181382        46.109122869298815        1.4147191074106592E-002
   1.4028724145094253        46.866763166790861        1.4139148744598994E-002
   1.4042947640865731        46.555957173442913        1.4126406586409221E-002
   1.4002689943508297        45.925230817206391        1.5003344350862331E-002
   1.4031910261246441        46.756149677353655        1.4134382133785985E-002
   1.4062979710817938        46.267233346119092        1.4135109256679223E-002
   1.4039803795505885        47.120755869654111        1.4246985852817844E-002
   1.4042123918168841        46.487299051843685        1.4127963308415826E-002
   1.4067709212958555        47.231931700538055        1.4727742903078116E-002
   1.4037147221155073        46.781236790896052        1.4137603828619130E-002
   1.4020895028737972        46.977115635771341        1.4148803430759343E-002
   1.4028724145094253        46.866763166790861        1.4139148744598994E-002
   1.4042947640865731        46.555957173442913        1.4126406586409221E-002
   1.4078202298269158        46.704448812538715        1.4464786515775123E-002
   1.4058188788455783        46.756149677353655        1.4244348774179381E-002
   1.4016704763603607        46.267233346119092        1.4416127078399224E-002
   1.4019401508290359        47.120755869654111        1.4157611175556676E-002
   1.4042123918168841        47.153090190183960        1.4283490237044099E-002
   1.4050059203074741        46.422203548606838        1.4124603427286541E-002
   1.4066638645947420        46.137762946774160        1.4132333552933517E-002
   1.4051008747451197        46.517589144358183        1.4133453710338112E-002
   1.4028724145094253        46.866763166790861        1.4139148744598994E-002
   1.4042947640865731        46.751353117166374        1.4147124522749115E-002
   1.4078202298269158        45.925230817206391        1.4146017788797462E-002
   1.4014644053337060        47.098942595553908        1.4159679025389416E-002
   1.4062979710817938        46.275219815415781        1.4136064657980542E-002
   1.4019401508290359        47.120755869654111        1.4157611175556676E-002
   1.4042123918168841        46.547439808145072        1.4126507211035569E-002
   1.4050059203074741        46.819781733727197        1.4203534834091936E-002
   1.4066638645947420        45.892876671108894        1.4141011174639378E-002
   1.4051008747451197        46.517589144358183        1.4133453710338112E-002
   1.4028724145094253        46.064192063274824        1.4374348930109646E-002
   1.4071945389155829        46.555957173442913        1.4288509157997455E-002
   1.4078202298269158        45.925230817206391        1.4146017788797462E-002
   1.4080270973682261        46.756149677353655        1.4538680080997509E-002
   1.4040175264518622        46.548345457528292        1.4128153603099056E-002
   1.4009054612008498        47.218459337786825        1.4171136818636151E-002
   1.4042123918168841        47.033336762661833        1.4227806163163752E-002
   1.4050059203074741        46.422203548606838        1.4124603427286541E-002
   1.4069159881335531        46.029835720969707        1.4131902374863581E-002
   1.4051008747451197        46.106383315205441        1.4153221691593023E-002
   1.4021539145068007        46.866763166790861        1.4151156981220924E-002
   1.4042947640865731        46.555957173442913        1.4126406586409221E-002
   1.4051634898576431        45.925230817206391        1.4202569081279265E-002
   1.4043119801732971        46.533270329493291        1.4126048655152715E-002
   1.4040175264518622        46.823890609276852        1.4152033117073607E-002
   1.4019401508290359        45.691731919105969        1.4858656331428827E-002
   1.4042123918168841        46.223088761752571        1.4170736215767843E-002
   1.4033440198092131        46.880131878307495        1.4143975387136075E-002
   1.4069159881335531        46.824230569057406        1.4412817573525857E-002
   1.4051008747451197        46.517589144358183        1.4133453710338112E-002
   1.4028724145094253        46.866763166790861        1.4139148744598994E-002
   1.4042947640865731        46.555957173442913        1.4126406586409221E-002
   1.4078202298269158        46.001688951393795        1.4154833149945745E-002
   1.4043290048787980        46.458023954237959        1.4127722025115867E-002
   1.4061119562335751        46.548345457528292        1.4187769992739054E-002
   1.4030466353432880        47.120755869654111        1.4186133965631309E-002
   1.4042123918168841        46.547439808145072        1.4126507211035569E-002
   1.4050059203074741        46.812406287317621        1.4200849850791342E-002
   1.4011358219903396        47.157320768346061        1.4166172409796245E-002
   1.4049444048531166        46.419791916681106        1.4124334591362742E-002
   1.4046718912272700        46.866763166790861        1.4197193655362534E-002
   1.4085190041690814        45.746980018869792        1.4154291659995688E-002
   1.4078202298269158        46.024880253629526        1.4158481857516869E-002
   1.4030428648152065        46.800702180126009        1.4136148590844364E-002
   1.4040175264518622        46.548345457528292        1.4128153603099056E-002
   1.4019401508290359        46.375826031856292        1.4315608863741355E-002
   1.4066749830630170        46.547439808145072        1.4232246182559909E-002
   1.4050059203074741        46.439365609225852        1.4125233272214760E-002
   1.4014046831756344        47.145918775250159        1.4161522997142790E-002
   1.4049444048531166        46.419791916681106        1.4124334591362742E-002
   1.4031656146616827        46.866763166790861        1.4140031426692706E-002
   1.4027401719666399        46.555957173442913        1.4173697347947855E-002
   1.4075820715716043        45.925230817206391        1.4139910779183760E-002
   1.4066577863163146        45.979873996793977        1.4132157688603084E-002
   1.4040175264518622        46.644209864552913        1.4129109239820805E-002
   1.4019401508290359        47.120755869654111        1.4157611175556676E-002
   1.4042123918168841        45.954434572565852        1.4274236530876771E-002
   1.4050059203074741        46.422203548606838        1.4124603427286541E-002
   1.4069159881335531        46.353482068766517        1.4182467189358334E-002
   1.4057351199376060        46.419791916681106        1.4138124581303632E-002
   1.4028724145094253        46.866763166790861        1.4139148744598994E-002
   1.4042947640865731        46.555957173442913        1.4126406586409221E-002
   1.4075820715716043        46.550202417536383        1.4331113805336830E-002
   1.4049516963150908        46.429243252147195        1.4124560188756992E-002
   1.4040175264518622        46.548345457528292        1.4128153603099056E-002
   1.4039994539304343        47.120755869654111        1.4248576497387771E-002
   1.4042123918168841        46.785830184738074        1.4151090554115002E-002
   1.4050059203074741        46.415067187414145        1.4124415340907227E-002
   1.4069159881335531        46.029835720969707        1.4131902374863581E-002
   1.4049444048531166        46.419791916681106        1.4124334591362742E-002
   1.4028724145094253        46.866763166790861        1.4139148744598994E-002
   1.4042947640865731        46.817317298081313        1.4161469416174398E-002
   1.4075820715716043        45.925230817206391        1.4139910779183760E-002
   1.4070488055424155        46.429243252147195        1.4218010876718206E-002
   1.4040175264518622        46.548345457528292        1.4128153603099056E-002
   1.4056503389332868        47.120755869654111        1.4437979327631687E-002
   1.4042123918168841        45.548814921216355        1.4541358132624374E-002
   1.4041545375169062        46.526349420986335        1.4127216902153263E-002
   1.4031537825738984        46.029835720969707        1.4357697991859890E-002
   1.4049936172166027        46.419791916681106        1.4124483149310783E-002
   1.4059878324720780        46.866763166790861        1.4318298815849262E-002
   1.4042947640865731        45.721938660106055        1.4399853753525080E-002
   1.4041992390201097        45.925230817206391        1.4290509449158049E-002
   1.4049516963150908        47.093177329803581        1.4328949369776335E-002
   1.4040175264518622        46.566626423196716        1.4127730884025642E-002
   1.4058196816556907        46.283947004391457        1.4126454931041196E-002
   1.4053940621513914        46.547439808145072        1.4148010894732360E-002
   1.4044497079608484        46.415067187414145        1.4128409004553985E-002
   1.4069159881335531        46.367835920568169        1.4186759276596446E-002
   1.4028342714783264        46.815440796260880        1.4138367855512195E-002
   1.4065544300197723        46.037005182657325        1.4129535221887615E-002
   1.4043893326548147        46.533886985292817        1.4125920456627146E-002
   1.4072183405539758        45.979549759177758        1.4135085019534940E-002
   1.4037311877186107        46.646106655878185        1.4129551817025464E-002
   1.4040175264518622        46.566626423196716        1.4127730884025642E-002
   1.4058196816556907        46.302212167126640        1.4127503078146437E-002
   1.4042123918168841        46.547439808145072        1.4126507211035569E-002
   1.4056520821877454        46.310543332803306        1.4125669247843815E-002
   1.4069159881335531        46.029835720969707        1.4131902374863581E-002
   1.4049444048531166        46.310859711271661        1.4127539799529550E-002
   1.4056054525401169        46.156586903787414        1.4129718485517978E-002
   1.4041670371890518        46.561325922009118        1.4126759753013817E-002
   1.4041527002224634        46.579669236459644        1.4127024739092825E-002
   1.4052361702787810        46.417321439624089        1.4126431494660498E-002
   1.4040175264518622        46.566626423196716        1.4127730884025642E-002
   1.4078074324024417        45.903201114201025        1.4144056599352674E-002
   1.4043940760383495        46.547439808145072        1.4126279086090392E-002
   1.4050059203074741        46.618111679461521        1.4146704448189247E-002
   1.4062765241723765        46.029835720969707        1.4131660195457941E-002
   1.4049444048531166        46.408451064894663        1.4124197568655301E-002
   1.4060920535279033        46.192995792029457        1.4126279039475999E-002
   1.4043893326548147        46.631787228811852        1.4131957776364654E-002
   1.4047086980139722        46.579669236459644        1.4132129705306142E-002
   1.4063923545813268        46.429243252147195        1.4170536420819771E-002
   1.4040175264518622        46.566626423196716        1.4127730884025642E-002
   1.4058196816556907        46.283947004391457        1.4126454931041196E-002
   1.4043940760383495        46.547439808145072        1.4126279086090392E-002
   1.4066959868774642        45.974233202180287        1.4132322193517380E-002
   1.4074439660206415        46.029835720969707        1.4144068532000266E-002
   1.4049444048531166        46.408451064894663        1.4124197568655301E-002
   1.4054802276200111        46.324840693654522        1.4124634812001227E-002
   1.4043893326548147        46.561255212429081        1.4126784900098889E-002
   1.4060837516253277        46.247701241065108        1.4128414301003601E-002
   1.4042056869753006        46.542932554717517        1.4126547647001287E-002
   1.4035247048084252        46.771755582540983        1.4134591660642733E-002
   1.4058196816556907        46.124894992812038        1.4129298276911969E-002
   1.4043940760383495        46.547439808145072        1.4126279086090392E-002
   1.4056070964522276        46.290637186834310        1.4124656084511935E-002
   1.4052638780004294        46.300471522623255        1.4124557060371705E-002
   1.4049406101462887        46.397608806612858        1.4124175676716746E-002
   1.4054802276200111        46.324840693654522        1.4124634812001227E-002
   1.4043893326548147        46.178375927211377        1.4172520748706475E-002
   1.4050466944807976        46.579669236459644        1.4141108802783787E-002
   1.4046445761842823        46.429243252147195        1.4125185214003397E-002
   1.4043914300055595        46.477335139470817        1.4126136579343529E-002
   1.4058196816556907        46.283947004391457        1.4126454931041196E-002
   1.4049144288063071        46.547439808145072        1.4132738888415283E-002
   1.4038046433447857        46.599782819697268        1.4129319389582579E-002
   1.4051548339978197        46.404740923582743        1.4124935177396198E-002
   1.4049406101462887        46.382259514571544        1.4124316056793939E-002
   1.4054802276200111        46.413654747499969        1.4130380636436977E-002
   1.4043893326548147        46.389883696588996        1.4131883607757129E-002
   1.4041527002224634        46.579669236459644        1.4127024739092825E-002
   1.4049516963150908        46.489104340325149        1.4127653974933173E-002
   1.4043914300055595        46.326420736415045        1.4140032539592019E-002
   1.4061769615316233        46.141480481884123        1.4126561481910452E-002
   1.4043940760383495        46.405565736711175        1.4130274413071776E-002
   1.4049826019427527        46.464351716206167        1.4126329180868783E-002
   1.4039937013980082        46.300471522623255        1.4163223967256163E-002
   1.4055798070203906        46.397608806612858        1.4130945642813749E-002
   1.4054802276200111        46.324840693654522        1.4124634812001227E-002
   1.4042924950147235        46.495544282788693        1.4126616248888181E-002
   1.4041527002224634        46.317912368355834        1.4151269577711723E-002
   1.4054434332124612        46.329812348306859        1.4124523230947933E-002
   1.4043914300055595        46.427835423038104        1.4128561489756667E-002
   1.4058196816556907        46.241452019311431        1.4125113036133763E-002
   1.4043940760383495        46.547439808145072        1.4126279086090392E-002
   1.4050059203074741        46.415067187414145        1.4124415340907227E-002
   1.4040765685141432        46.300471522623255        1.4158789105919771E-002
   1.4048883620173405        46.383642101971830        1.4124568748432348E-002
   1.4054802276200111        46.429461818437055        1.4132106629747867E-002
   1.4047160226659858        46.533886985292817        1.4127933162866655E-002
   1.4050014638382102        46.579669236459644        1.4139650253582412E-002
   1.4054434332124612        46.329812348306859        1.4124523230947933E-002
   1.4043914300055595        46.477335139470817        1.4126136579343529E-002
   1.4058196816556907        46.241452019311431        1.4125113036133763E-002
   1.4047718666673603        46.547439808145072        1.4129921252279432E-002
   1.4049708130814802        46.415067187414145        1.4124311031284323E-002
   1.4052638780004294        46.362308573340961        1.4124300791406880E-002
   1.4049406101462887        46.127035032894291        1.4155942372253259E-002
   1.4054802276200111        46.324840693654522        1.4124634812001227E-002
   1.4057112664990179        46.255601352357274        1.4124716124987183E-002
   1.4054738369297557        46.292422053667991        1.4124200682504976E-002
   1.4056640271948571        46.239409105496499        1.4124689851454948E-002
   1.4043914300055595        46.560473764372780        1.4126760480619229E-002
   1.4058196816556907        46.241452019311431        1.4125113036133763E-002
   1.4044613325785866        46.547439808145072        1.4126520851302572E-002
   1.4038841797862569        46.604703762117055        1.4128466936923604E-002
   1.4052638780004294        46.362308573340961        1.4124300791406880E-002
   1.4049406101462887        46.461389872899225        1.4125740402073832E-002
   1.4054802276200111        46.324840693654522        1.4124634812001227E-002
   1.4057112664990179        46.255601352357274        1.4124716124987183E-002
   1.4041117168969508        46.524431814589128        1.4127774114601808E-002
   1.4045405895273293        46.505827770723918        1.4125391686204665E-002
   1.4043914300055595        46.433193949707608        1.4128198354308150E-002
   1.4057163999275908        46.241452019311431        1.4124708439685931E-002
   1.4043940760383495        46.426388609828194        1.4128615259288605E-002
   1.4045266851632130        46.466094414503445        1.4125287593620067E-002
   1.4052638780004294        46.308637096162315        1.4124336958768011E-002
   1.4049457226984929        46.423543718602083        1.4124407619030279E-002
   1.4054802276200111        46.324840693654522        1.4124634812001227E-002
   1.4057112664990179        46.255601352357274        1.4124716124987183E-002
   1.4054738369297557        46.356503103332820        1.4125836582775138E-002
   1.4050266317192854        46.396605729404243        1.4124149112626980E-002
   1.4043914300055595        46.477335139470817        1.4126136579343529E-002
   1.4050730410289287        46.241452019311431        1.4131538875298773E-002
   1.4043940760383495        46.433734568320965        1.4128117903525377E-002
   1.4055804917656389        46.283810448933899        1.4124429346679608E-002
   1.4052638780004294        46.201008289339050        1.4131781132960448E-002
   1.4053799542588721        46.397608806612858        1.4127121098302255E-002
   1.4044156132481975        46.324840693654522        1.4139431518046395E-002
   1.4067418108412901        46.026910411046721        1.4130294430755953E-002
   1.4058164415552976        46.292422053667991        1.4126859085579689E-002
   1.4050266317192854        46.396605729404243        1.4124149112626980E-002
   1.4037171207601224        46.622703529167993        1.4129851742847775E-002
   1.4057376727965374        46.231942316029190        1.4124799470312978E-002
   1.4042265808202243        46.547439808145072        1.4126443090338633E-002
   1.4049708130814802        46.386201186837098        1.4124164367399111E-002
   1.4046634729961460        46.491043860234065        1.4125264051922258E-002
   1.4049406101462887        46.356798776411281        1.4124990841887177E-002
   1.4054802276200111        46.263492347533294        1.4124582002525267E-002
   1.4057112664990179        46.255601352357274        1.4124716124987183E-002
   1.4050590185747964        46.401408099018667        1.4124302210401353E-002
   1.4052155695653492        46.378973466826750        1.4124467220494588E-002
   1.4043914300055595        46.360510378202207        1.4135203009690364E-002
   1.4057163999275908        46.260573234699194        1.4124788328216897E-002
   1.4043940760383495        46.612978007167847        1.4130226466282854E-002
   1.4049708130814802        46.386201186837098        1.4124164367399111E-002
   1.4041799975117715        46.543745014105781        1.4126703953676724E-002
   1.4055431293116465        46.397608806612858        1.4130127491163711E-002
   1.4054802276200111        46.263492347533294        1.4124582002525267E-002
   1.4056682248445627        46.281986586318936        1.4124869206720984E-002
   1.4056013844098749        46.299454402603487        1.4124817578705390E-002
   1.4060844908306784        46.396605729404243        1.4147310981010321E-002
   1.4043914300055595        46.477335139470817        1.4126136579343529E-002
   1.4060915522700472        46.188418880228554        1.4126199651942199E-002
   1.4043940760383495        46.449066116753961        1.4127227765466290E-002
   1.4044719184843044        46.508201193458071        1.4125446063973519E-002
   1.4050435448812355        46.396158342059884        1.4124171022711934E-002
   1.4038916529250145        46.586186816096209        1.4128634146151044E-002
   1.4054802276200111        46.263492347533294        1.4124582002525267E-002
   1.4053613695893823        46.345185149087250        1.4124412130557746E-002
   1.4052402770077670        46.292422053667991        1.4125007494873977E-002
   1.4050266317192854        46.503898896667891        1.4130242515185113E-002
   1.4043914300055595        46.324678362593396        1.4140305835361281E-002
   1.4057163999275908        46.413855407125126        1.4136656139982263E-002
   1.4045686712618819        46.547439808145072        1.4127271672834590E-002
   1.4049708130814802        46.386201186837098        1.4124164367399111E-002
   1.4050435448812355        46.452499904232340        1.4126288572931437E-002
   1.4039302080386522        46.397608806612858        1.4145930537602375E-002
   1.4057706369916241        46.216081998540488        1.4125009506376561E-002
   1.4047067712146735        46.481305247308747        1.4125116622808886E-002
   1.4055066358638972        46.292422053667991        1.4124257472346772E-002
   1.4055347930902662        46.396605729404243        1.4129850874522279E-002
   1.4043914300055595        46.477335139470817        1.4126136579343529E-002
   1.4057163999275908        46.438955957156111        1.4140502241784076E-002
   1.4059188183033247        46.191320420653568        1.4125439381560563E-002
   1.4049708130814802        46.514905850684038        1.4130289054382003E-002
   1.4050435448812355        46.479477584991074        1.4128259501109623E-002
   1.4054306832536958        46.397608806612858        1.4127944879356235E-002
   1.4054802276200111        46.263492347533294        1.4124582002525267E-002
   1.4056278191097216        46.345185149087250        1.4127298981726356E-002
   1.4054738369297557        46.437100914586118        1.4132852588992131E-002
   1.4050266317192854        46.290472933782972        1.4127758650428316E-002
   1.4050493913696667        46.477335139470817        1.4128172621700628E-002
   1.4048709959548769        46.396570571234896        1.4124414248605209E-002
   1.4050376116080503        46.191320420653568        1.4139402013356067E-002
   1.4049708130814802        46.400291964400893        1.4124147372927434E-002
   1.4050435448812355        46.355285250400570        1.4124325713268509E-002
   1.4045595562337543        46.397608806612858        1.4127709206631091E-002
   1.4053751348093462        46.263492347533294        1.4125170782880564E-002
   1.4053613695893823        46.272439005999814        1.4124908282191290E-002
   1.4054738369297557        46.377701262769591        1.4127146344906083E-002
   1.4049602311265104        46.396482373945965        1.4124146614090786E-002
   1.4037888398860701        46.626782054333738        1.4129121811241090E-002
   1.4048709959548769        46.439223475467614        1.4124535720077245E-002
   1.4059188183033247        46.173675694543704        1.4125787504042950E-002
   1.4052250728479976        46.400291964400893        1.4125350707423229E-002
   1.4054371223507971        46.287511716150291        1.4124235947582674E-002
   1.4046021711754129        46.397608806612858        1.4127033043891644E-002
   1.4054802276200111        46.228103877572252        1.4126005257862877E-002
   1.4053613695893823        46.204699883495017        1.4129410387435567E-002
   1.4054738369297557        46.292422053667991        1.4124200682504976E-002
   1.4052811418968079        46.396482373945965        1.4125742266832515E-002
   1.4047030964481371        46.477335139470817        1.4124999103515024E-002
   1.4048709959548769        46.397685050349082        1.4124397724502058E-002
   1.4050757939469476        46.191320420653568        1.4138170673211783E-002
   1.4049708130814802        46.400291964400893        1.4124147372927434E-002
   1.4050435448812355        46.567401182180987        1.4138984856039774E-002
   1.4049406101462887        46.290560100305214        1.4129327190836037E-002
   1.4043713950555115        46.263492347533294        1.4152458538358689E-002
   1.4053613695893823        46.345185149087250        1.4124412130557746E-002
   1.4060027878176320        46.140140474036315        1.4126697044174078E-002
   1.4049602311265104        46.396482373945965        1.4124146614090786E-002
   1.4045353600831150        46.524368167280876        1.4125919383106332E-002
   1.4048709959548769        46.561338191511652        1.4133452360107962E-002
   1.4057541689180451        46.191320420653568        1.4125751975786771E-002
   1.4049708130814802        46.400291964400893        1.4124147372927434E-002
   1.4050435448812355        46.395315714092348        1.4124159875070010E-002
   1.4049406101462887        46.439405300809732        1.4124809845037029E-002
   1.4054802276200111        46.394802695738612        1.4128600104518651E-002
   1.4053613695893823        46.345185149087250        1.4124412130557746E-002
   1.4054738369297557        46.292422053667991        1.4124200682504976E-002
   1.4049602311265104        46.396482373945965        1.4124146614090786E-002
   1.4047030964481371        46.477335139470817        1.4124999103515024E-002
   1.4048709959548769        46.397685050349082        1.4124397724502058E-002
   1.4059188183033247        46.276427266751590        1.4127470921100069E-002
   1.4050323721256059        46.395791269233278        1.4124147826167926E-002
   1.4050435448812355        46.460180437268647        1.4126786570057722E-002
   1.4045564160973016        46.397608806612858        1.4127761829564170E-002
   1.4054802276200111        46.263492347533294        1.4124582002525267E-002
   1.4040201704352389        46.345185149087250        1.4151859641115436E-002
   1.4054738369297557        46.292422053667991        1.4124200682504976E-002
   1.4052968386809852        46.396482373945965        1.4125923167210144E-002
   1.4056977916406315        46.235859166730464        1.4124732614460891E-002
   1.4048709959548769        46.502971885551631        1.4127605464265915E-002
   1.4046113539928164        46.191320420653568        1.4156994865828377E-002
   1.4050409426144923        46.400291964400893        1.4124227851713491E-002
   1.4055886895826997        46.395315714092348        1.4130908174247425E-002
   1.4049406101462887        46.397608806612858        1.4124175676716746E-002
   1.4046100837945881        46.427701954638970        1.4125534924037380E-002
   1.4053613695893823        46.349234323022159        1.4124516686957918E-002
   1.4057678955249422        46.220272958886234        1.4124947619364824E-002
   1.4045679322189060        46.396482373945965        1.4127645394507655E-002
   1.4056977916406315        46.379115964915961        1.4131754235264259E-002
   1.4048709959548769        46.520659341547805        1.4129070766614831E-002
   1.4064067551031989        46.191320420653568        1.4130705609549262E-002
   1.4053206518585573        46.342182257384025        1.4124166494983728E-002
   1.4050595681638800        46.395315714092348        1.4124193244006465E-002
   1.4049406101462887        46.397608806612858        1.4124175676716746E-002
   1.4054802276200111        46.263492347533294        1.4124582002525267E-002
   1.4052690810475956        46.345185149087250        1.4124056427855889E-002
   1.4054664638710996        46.312180369209543        1.4124301179765951E-002
   1.4049602311265104        46.396482373945965        1.4124146614090786E-002
   1.4058416678194374        46.235859166730464        1.4125169529531589E-002
   1.4047961770805260        46.397685050349082        1.4124847113207549E-002
   1.4061002530543090        46.191320420653568        1.4126316555092642E-002
   1.4050356669294650        46.398711645713036        1.4124191248693378E-002
   1.4042625257885948        46.395315714092348        1.4134659245691987E-002
   1.4049406101462887        46.397608806612858        1.4124175676716746E-002
   1.4054802276200111        46.263492347533294        1.4124582002525267E-002
   1.4050899172788951        46.345185149087250        1.4124312824858104E-002
   1.4051182173113848        46.292422053667991        1.4126274414654593E-002
   1.4055978526642565        46.255628607760308        1.4124500865646249E-002
   1.4056977916406315        46.235859166730464        1.4124732614460891E-002
   1.4048709959548769        46.555336539949863        1.4132717257128417E-002
   1.4059188183033247        46.191320420653568        1.4125439381560563E-002
   1.4049708130814802        46.226163649774975        1.4136195809891644E-002
   1.4050435448812355        46.395315714092348        1.4124159875070010E-002
   1.4045893242858043        46.397608806612858        1.4127229429892656E-002
   1.4059293018612031        46.170960781317476        1.4125844247162515E-002
   1.4060274852250711        46.345185149087250        1.4136802079647780E-002
   1.4054738369297557        46.292422053667991        1.4124200682504976E-002
   1.4049069211873955        46.396482373945965        1.4124270007796773E-002
   1.4054317093094990        46.235859166730464        1.4126047721923539E-002
   1.4050544943574841        46.357175793318042        1.4124238148286452E-002
   1.4053904110405320        46.320072045832283        1.4124132040445504E-002
   1.4049708130814802        46.400291964400893        1.4124147372927434E-002
   1.4054612810921430        46.288537156907275        1.4124211314906791E-002
   1.4049406101462887        46.397608806612858        1.4124175676716746E-002
   1.4054802276200111        46.263492347533294        1.4124582002525267E-002
   1.4052690810475956        46.345185149087250        1.4124056427855889E-002
