   4.3971331170723111        40.456878781852652       0.98552532670528958     
   4.8871879386580828        38.841568829566597        1.0493054292916411     
   3.7854164762935461E-002   36.937332496961773        2.8893381346238431     
   4.6530888710680687        25.083504418074448       0.99957067615140160     
  0.53180269340495856        45.395669330054801        1.0509298940415768     
   4.8330043072923035        59.310710954350107        1.0756596122129287     
  0.42349023621403747        21.197804003866395        1.4108290599688438     
   3.4408501628887338        46.942214580368294       0.82748129975132667     
   2.6100146504725998        53.332726187212494       0.62400989971424259     
   3.3434118464107279        42.896027958238513       0.79763825150114431     
   4.3971331170723111        47.099806113340499       0.99675687596800500     
   1.3373197718759653        39.836410675983544        6.5187628846128595E-002
   3.7854164762935461E-002   35.106911482012947        2.8969327849715087     
   2.0623547558566684        31.533229510174596       0.35531642825147108     
   1.5020484727065317        45.395669330054801        8.0486092418591934E-002
   4.8330043072923035        44.635117671263544        1.0514624320131998     
   2.0578959153158389        21.197804003866395       0.32939288112369314     
   5.0000000000000000        50.720368490868452        1.0813490714232479     
   2.6100146504725998        70.000000000000000       0.66752403101143143     
   0.0000000000000000        42.896027958238513                            NaN
   1.1941645051126790        40.456878781852652       0.18344830936402173     
  0.67265136194305808        44.948819961458902       0.79837641400518011     
   3.7854164762935461E-002   36.937332496961773        2.8893381346238431     
   3.1577256504493487        31.533229510174596       0.73063795571800738     
   1.5020484727065317        45.395669330054801        8.0486092418591934E-002
   3.1973331046961246        37.231057946909772       0.75167021458429384     
   2.9905978334335006        41.032063871549120       0.70659230030622255     
   5.0000000000000000        46.942214580368294        1.0753644279347847     
   2.6100146504725998        45.190426965264365       0.60345928070094801     
   3.0733847575663278        34.221292611707341       0.71422792436494298     
   0.0000000000000000        33.573600078492859                            NaN
   1.3373197718759653        33.304721569467517        8.8489011343021756E-002
   3.7854164762935461E-002   43.934001517314499        2.8614554494071052     
   3.2376043546859634        31.533229510174596       0.75040676597883949     
   1.8656256836244749        53.805492617310861       0.32309348617937339     
   1.9108752776835771        37.231057946909772       0.29661983671425640     
   2.7713597200872941        31.952277026014674       0.62406780756366342     
   3.4408501628887338        46.307021876643908       0.82616823593146183     
  0.93123915616370478        30.440190067413013       0.49837300524383110     
   1.4753086904071018        26.343716504491695        3.0819758817301306E-002
   1.1941645051126790        44.970199914073426       0.16630087008502967     
   1.3665581616747104        39.836410675983544        4.3498248893746240E-002
   3.7854164762935461E-002   43.934001517314499        2.8614554494071052     
   1.8427501710309544        41.361933151953608       0.27300863506686268     
   1.5020484727065317        26.609701238796333        3.5492828470081748E-002
   3.0011983613309194        37.231057946909772       0.70126123405571472     
  0.45109509311538853        27.517499162207482        1.3136462203170398     
   3.4408501628887338        48.025763253152576       0.82973235901347031     
  0.93123915616370478        30.440190067413013       0.49837300524383110     
   1.4753086904071018        31.023830980324700        2.8771949946168076E-002
   1.1941645051126790        42.941839367525688       0.17402043449485391     
   1.3665581616747104        28.268378899408511        8.3561670280434125E-002
   3.7854164762935461E-002   40.590151103753236        2.8745655477304051     
   1.8427501710309544        31.933988340468517       0.24626946934026878     
   1.5020484727065317        22.996879723178317        3.5253418202872012E-002
   3.0860887650143383        37.231057946909772       0.72367373440240812     
   1.8205523382691422        38.429238004191703       0.25244855693632462     
   3.4408501628887338        56.219910166983666       0.84712807570044524     
  0.93123915616370478        30.440190067413013       0.49837300524383110     
   1.4753086904071018        31.023830980324700        2.8771949946168076E-002
   1.1941645051126790        44.970199914073426       0.16630087008502967     
   1.3665581616747104        35.983789576413010        5.6944090829623192E-002
   3.7854164762935461E-002   43.934001517314499        2.8614554494071052     
   1.8427501710309544        31.933988340468517       0.24626946934026878     
   1.5020484727065317        22.996879723178317        3.5253418202872012E-002
   1.9108752776835771        47.497262127051883       0.32663949061938419     
   1.8199107329100646        38.429238004191703       0.25209983557480886     
   3.3389670507158815        46.307021876643908       0.80374114126234086     
  0.39161508326256256        24.233275509574984        1.4760386404858159     
   1.1268554205859216        26.058049407056643       0.30058033720784239     
   1.7826923850037368        44.970199914073426       0.25135294988387585     
   2.0871299706802278        39.836410675983544       0.38856310591934745     
   0.0000000000000000        53.666855879526281                            NaN
  0.67297414853497561        31.933988340468517       0.85773441986445076     
  0.30363316300110332        22.996879723178317        1.7305783015808549     
   1.6117079438581821        37.231057946909772       0.12641845579202071     
   1.8199107329100646        56.678053039896923       0.30841574716712883     
   3.6011608652598470        44.357215860236273       0.85557394248744412     
  0.63351387830994144        19.084317338699854       0.98190564644899858     
   1.4753086904071018        31.023830980324700        2.8771949946168076E-002
   2.0263954242289537        44.970199914073426       0.37510521523612689     
   2.1211165561822032        25.812091348649858       0.36859872644034186     
   0.0000000000000000        42.481288199093875                            NaN
   1.8427501710309544        31.933988340468517       0.24626946934026878     
   1.8262847328813203        19.746951660292311       0.20801230465927964     
   1.6117079438581821        40.189259350860965       0.13544190743206713     
   1.8199107329100646        38.429238004191703       0.25209983557480886     
   3.3389670507158815        22.058555688558027       0.75856926537423275     
  0.93123915616370478        30.440190067413013       0.49837300524383110     
   1.1813555059080196        30.295705092209648       0.23301884706997955     
   1.1782415381685547        40.828907489196766       0.19659792628108813     
   1.3665581616747104        40.496480245171924        4.1218453960396424E-002
   3.7854164762935461E-002   35.348640432026308        2.8959220922087874     
   2.0029457364588930        25.065229910458406       0.31138514492932179     
   1.6448407275615695E-002   28.570113800634271        3.1236900667748460     
   1.0291625869327423        38.734539019356731       0.35331371454438754     
   1.8199107329100646        41.030149333919169       0.25975769949222843     
   3.3389670507158815        22.058555688558027       0.75856926537423275     
   1.9690522099142984        30.440190067413013       0.30771152993630413     
   2.6252723109224347        20.695694550732860       0.55528479435277034     
   1.1941645051126790        56.754296147902934       0.12164498121378252     
   1.3665581616747104        38.663175950573262        4.7575837048042129E-002
  0.73386279790784659        31.453523256090531       0.76286881700733145     
   1.5509917439552372        37.898077558220294        8.9395626531848821E-002
   2.6864726357685145        22.996879723178317       0.57964814445873836     
   1.6117079438581821        28.955567708761748       0.10336200039079381     
   1.8830996922011745        38.429238004191703       0.28569719333388682     
   3.3389670507158815        18.221048226990781       0.75310942703765105     
   1.9690522099142984        30.440190067413013       0.30771152993630413     
   1.4753086904071018        31.023830980324700        2.8771949946168076E-002
   1.7885847107167949        10.684698287436948       0.17153130636946254     
   2.8976591665510361        15.981635727853082       0.63374818177783965     
  0.73386279790784659        31.453523256090531       0.76286881700733145     
   1.2559815215056240        52.115774107666510        8.5878672531721392E-002
   2.1309862218485431        22.996879723178317       0.36690633428817460     
   1.6046931290962221        24.479879103504317        8.8465667067248399E-002
   1.5877533564845718        23.992501642987975        7.7184498084325828E-002
   3.3389670507158815        32.076881472112035       0.77544035875388018     
   1.9690522099142984        30.440190067413013       0.30771152993630413     
   1.3669164415816448        31.023830980324700        7.3919125028386046E-002
   1.1941645051126790        32.104198346940713       0.21459642417883623     
   1.3665581616747104        40.496480245171924        4.1218453960396424E-002
   1.0909393237353480        58.109775700631346       0.21242937424411490     
   2.4226200317518787        52.115774107666510       0.55715107209891179     
   1.4117239099954773        22.996879723178317        6.8517107706519809E-002
   1.6046931290962221        40.391283322082771       0.13163861048334008     
   1.5862023734303861        23.992501642987975        7.6253784641086175E-002
   3.4002614741514097        18.221048226990781       0.76740299126253109     
   1.7427087767595297        14.041598630288796       0.15038562714190518     
   1.2848007164698925        43.837111893658786        9.2460142154555502E-002
   1.1941645051126790        56.754296147902934       0.12164498121378252     
   1.3665581616747104        32.440488641485665        6.9295769196489304E-002
   1.2524597780742697        58.109775700631346        6.7335796328061193E-002
   1.2559815215056240        52.115774107666510        8.5878672531721392E-002
   1.2434755635870669        22.996879723178317       0.20192562701031005     
   1.6046931290962221        32.488702718286433       0.10832454182662805     
   1.5862023734303861        62.472365842871717       0.19391465186705883     
   3.3389670507158815        18.221048226990781       0.75310942703765105     
   3.2864388114648690        10.000000000000000       0.73128173556828113     
   1.4753086904071018        31.023830980324700        2.8771949946168076E-002
   1.1941645051126790        56.754296147902934       0.12164498121378252     
   0.0000000000000000        40.496480245171924                            NaN
   1.6778728521331550        58.109775700631346       0.23427036721419445     
   1.2178250695430184        52.115774107666510       0.11830879555604544     
   3.0545984041644587        22.996879723178317       0.68853104565448264     
   1.6046931290962221        35.925526590129792       0.11811340062395981     
   1.5862023734303861        10.000000000000000        5.9858464321437287E-002
   1.3945613935910728        18.221048226990781        9.4578592161312675E-002
   1.7427087767595297        10.000000000000000       0.14471373841061955     
   1.4753086904071018        31.023830980324700        2.8771949946168076E-002
   1.4475353403861428        56.754296147902934        8.2500671666696168E-002
   1.3665581616747104        40.496480245171924        4.1218453960396424E-002
   1.3598378577274115        58.109775700631346        2.7970103846819673E-002
   1.2559815215056240        52.115774107666510        8.5878672531721392E-002
   1.5020484727065317        22.996879723178317        3.5253418202872012E-002
   1.5919268030266203        24.479879103504317        8.0703685892796209E-002
   1.5862023734303861        10.000000000000000        5.9858464321437287E-002
   1.2977604862716001        18.221048226990781       0.17017155875331169     
   1.7427087767595297        52.655339583307835       0.25343339812259819     
   1.5219449087763743        32.108214622507433        5.4864528855689251E-002
   1.3395290055690572        56.754296147902934        1.7562196423888416E-002
   1.3665581616747104        53.868601916477310        1.9420987811357669E-002
   1.3598378577274115        58.109775700631346        2.7970103846819673E-002
   1.2559815215056240        19.478851361056066       0.20209639518068465     
   1.5020484727065317        22.996879723178317        3.5253418202872012E-002
   1.4808920349012056        24.479879103504317        3.2938905114974104E-002
   1.5184852520102665        60.671996588858896       0.14435473630822282     
   1.1852051295939154        18.221048226990781       0.27018868564600779     
   1.7427087767595297        10.000000000000000       0.14471373841061955     
   1.4753086904071018        33.065928171318888        3.0562067528948033E-002
   1.3117501768781281        70.000000000000000        3.8747664163492783E-002
   1.3665581616747104        44.240156206407683        2.8715897192478176E-002
   1.1570867096711688        58.109775700631346       0.14979932511799757     
   1.2559815215056240        52.115774107666510        8.5878672531721392E-002
   1.6555894379927452        22.996879723178317       0.11616996510961880     
   1.5274660514297804        24.479879103504317        4.4362206841796051E-002
   1.5862023734303861        10.000000000000000        5.9858464321437287E-002
   1.3945613935910728        23.695232009194637        7.8134312302281253E-002
   1.7427087767595297        10.000000000000000       0.14471373841061955     
   1.4753086904071018        31.023830980324700        2.8771949946168076E-002
   1.1640672704478749        70.000000000000000        9.9807475168846194E-002
   1.2379194805614397        53.868601916477310        9.4593896142381631E-002
   1.3598378577274115        70.000000000000000        6.9962902446797273E-002
   1.2559815215056240        55.342720365584704        7.4220309333134962E-002
   1.1946406699373431        59.234568086941692       0.11201388824568645     
   1.4910414336880309        19.534443545962642        3.9315795078397615E-002
   1.7084826130944117        10.000000000000000       0.12514358815037133     
   1.3945613935910728        23.695232009194637        7.8134312302281253E-002
   1.8170802925574745        10.000000000000000       0.18651273464428389     
   1.4753086904071018        31.023830980324700        2.8771949946168076E-002
   1.1300756120823978        68.338199430706396       0.13612749650805120     
   1.3494928689110088        52.871572347073716        1.6884078257096872E-002
   1.3598378577274115        47.112557797403738        2.4175572913324679E-002
   1.2559815215056240        61.807011779908194        5.2183346912015295E-002
   1.5020484727065317        22.996879723178317        3.5253418202872012E-002
   1.5596978437206876        27.670515924909921        6.7949291696751027E-002
   1.5096707063455930        10.787601433543093        4.9453989905388719E-002
   1.5229110585654240        10.000000000000000        4.8137918265439630E-002
   1.7427087767595297        10.000000000000000       0.14471373841061955     
   1.4753086904071018        31.023830980324700        2.8771949946168076E-002
   1.3395290055690572        56.754296147902934        1.7562196423888416E-002
   1.4799514295814189        52.871572347073716        9.0988598566683579E-002
   1.3598378577274115        47.112557797403738        2.4175572913324679E-002
   1.1462359826127277        61.807011779908194       0.14572296381149441     
   1.5020484727065317        22.996879723178317        3.5253418202872012E-002
   1.4808920349012056        24.479879103504317        3.2938905114974104E-002
   1.5096707063455930        35.311451177280780        5.5117266896421893E-002
   1.7184017798785993        10.000000000000000       0.13082387834604903     
   1.5163388357568148        23.428281844864767        3.8934368480769872E-002
   1.2563523364006377        31.023830980324700       0.16315842414012957     
   1.1385127995957232        70.000000000000000       0.12238277114840151     
   1.3547506471578961        52.871572347073716        1.5905114228849025E-002
   1.3598378577274115        37.277228555955581        5.7325139170010059E-002
   1.4076196968554391        36.516973879709155        2.8407724679357760E-002
   1.5020484727065317        22.996879723178317        3.5253418202872012E-002
   1.4633433023066664        26.887821772807257        3.1471608393778827E-002
   1.5923300959841904        10.787601433543093        6.2867615126363421E-002
   1.3806067198167724        38.910718357633954        3.7002696087312950E-002
   1.5163388357568148        23.428281844864767        3.8934368480769872E-002
   1.4127913475675475        52.086077175098126        4.1922272832511105E-002
   1.3687309866353674        48.340527178928369        1.6835023904103991E-002
   1.3176887239267547        52.871572347073716        3.4777239598042173E-002
   1.3450503197977663        53.173661070359351        1.7943407780909630E-002
   1.4076196968554391        36.516973879709155        2.8407724679357760E-002
   1.5020484727065317        22.996879723178317        3.5253418202872012E-002
   1.3653296639614216        26.887821772807257        8.9097516855941652E-002
   1.5096707063455930        25.819224389640851        3.7860246524187395E-002
   1.3806067198167724        38.910718357633954        3.7002696087312950E-002
   1.5163388357568148        23.428281844864767        3.8934368480769872E-002
   1.4753086904071018        34.520417254951390        3.2751875931188203E-002
   1.3687309866353674        48.340527178928369        1.6835023904103991E-002
   1.3547506471578961        52.871572347073716        1.5905114228849025E-002
   1.4354743337984484        53.173661070359351        6.1382320448363309E-002
   1.4104338423220082        36.516973879709155        2.7000000584345436E-002
   1.5020484727065317        22.996879723178317        3.5253418202872012E-002
   1.4359202373927404        26.887821772807257        4.2028883342110301E-002
   1.3581464136090400        25.819224389640851        9.8060413288486817E-002
   1.3500224297517596        50.295703335276777        2.1295850024626622E-002
   1.5844888173657166        10.000000000000000        5.9155924670973178E-002
   1.4753086904071018        31.023830980324700        2.8771949946168076E-002
   1.4123704256122935        37.824285602510912        2.2736765211716845E-002
   1.2230543379196348        70.000000000000000        5.2085007362269939E-002
   1.3450503197977663        31.344497018440197        8.9361004894118246E-002
   1.3647277081228337        50.281156360745193        1.5587274661645327E-002
   1.3254662034629268        22.996879723178317       0.13280623874703928     
   1.4633433023066664        26.887821772807257        3.1471608393778827E-002
   1.4445891868053373        25.819224389640851        4.0713016158023196E-002
   1.4436104766746027        33.166357381244389        2.4050095217863922E-002
   1.2831060206362763        23.428281844864767       0.16630902977911341     
   1.4852904187641425        34.097802778084052        3.7382395272911983E-002
   1.4647499629797813        31.069548737462142        2.6324620522993850E-002
   1.2651592702142276        52.871572347073716        7.5566914747008274E-002
   1.2178808623222210        70.000000000000000        5.5896443193922431E-002
   1.3337635718029415        53.393910000448344        2.2852191842111048E-002
   1.5020484727065317        10.000000000000000        5.2706875436532095E-002
   1.4633433023066664        26.887821772807257        3.1471608393778827E-002
   1.5096707063455930        25.819224389640851        3.7860246524187395E-002
   1.3500224297517596        70.000000000000000        6.3223353494545206E-002
   1.5163388357568148        40.148909428318575        7.3353742025244278E-002
   1.5912198010206053        31.023830980324700        9.5857915033329216E-002
   1.4437989515197867        31.479829095440248        2.6956176681446033E-002
   1.2435487538183567        70.000000000000000        3.8410664687131391E-002
   1.3450503197977663        54.637080152735798        1.6752779457183703E-002
   1.3975518244026042        50.281156360745193        2.6057587836593493E-002
   1.5020484727065317        10.000000000000000        5.2706875436532095E-002
   1.4440462154591061        26.887821772807257        3.8052549923573660E-002
   1.4753903732541527        29.630890721808040        2.8523322544464928E-002
   1.3500224297517596        70.000000000000000        6.3223353494545206E-002
   1.5163388357568148        10.000000000000000        4.9119714931186886E-002
   1.3712564091146897        54.802352723874179        2.4267991562048181E-002
   1.2444858247068433        70.000000000000000        3.7860653542998626E-002
   1.3188946287213719        52.871572347073716        3.3923601858366723E-002
   1.3450503197977663        51.913795940371045        2.0183501901077892E-002
   1.3759119797048107        46.656320226228914        1.7225892192380861E-002
   1.5218852002771717        22.996879723178317        4.0724942093290542E-002
   1.4633433023066664        37.261108564754579        3.1499353622106777E-002
   1.4753903732541527        46.641162064181131        6.6487772702141082E-002
   1.3500224297517596        70.000000000000000        6.3223353494545206E-002
   1.5163388357568148        37.414581325942777        6.5233299090147454E-002
   1.3712564091146897        36.870797749283518        5.0461454744328456E-002
   1.3687309866353674        48.340527178928369        1.6835023904103991E-002
   1.4914500562681581        27.388132134097578        3.2356506504290762E-002
   1.3544790213264306        54.637080152735798        1.7044650817447517E-002
   1.2682159272458284        68.873701660957735        2.8444862527111200E-002
   1.3261307614277491        22.996879723178317       0.13227320179342689     
   1.4752422467022084        29.338645661870089        2.8538140459778101E-002
   1.3620274971021240        29.630890721808040        8.2335237475746531E-002
   1.3500224297517596        50.295703335276777        2.1295850024626622E-002
   1.5163388357568148        21.583708162580763        3.8566232160098357E-002
   1.3712564091146897        70.000000000000000        7.7872657621216979E-002
   1.3563507393968257        52.545124439882720        1.5793485025776533E-002
   1.3364048050911779        52.871572347073716        2.2610829886958467E-002
   1.3450503197977663        30.366155915431985        9.2751482049374320E-002
   1.3647277081228337        50.281156360745193        1.5587274661645327E-002
   1.5866225469296318        10.000000000000000        6.0032789885458175E-002
   1.4752422467022084        52.360846997737326        8.5981453854469744E-002
   1.4371070462699935        32.183180894126707        2.7337122629543836E-002
   1.3466553558219125        51.703763684969999        1.9834154030072985E-002
   1.5163388357568148        29.923247530358747        4.6824803909849340E-002
   1.3712564091146897        70.000000000000000        7.7872657621216979E-002
   1.3563507393968257        52.545124439882720        1.5793485025776533E-002
   1.4327910827466399        35.780604952272824        2.1590329346161129E-002
   1.3681755013780017        54.637080152735798        2.2154302729429948E-002
   1.3647277081228337        50.281156360745193        1.5587274661645327E-002
   1.4094256829778882        39.665559055650078        1.9717795415607583E-002
   1.2957776325049075        29.338645661870089       0.13578363068539370     
   1.4371070462699935        68.927500310119910       0.11951128560329109     
   1.3466553558219125        51.703763684969999        1.9834154030072985E-002
   1.4819927936600281        21.583708162580763        3.7464184140518393E-002
   1.3712564091146897        54.802352723874179        2.4267991562048181E-002
   1.3563507393968257        52.545124439882720        1.5793485025776533E-002
   1.3070392112729421        52.871572347073716        4.2558074346578850E-002
   1.3450503197977663        54.637080152735798        1.6752779457183703E-002
   1.4071876629876836        50.281156360745193        3.2152668250843029E-002
   1.3566557024125141        47.228284017004171        2.5800611878123308E-002
   1.4752422467022084        40.703307160385144        4.7676883918492625E-002
   1.4371070462699935        39.523310512073671        2.2413496202780492E-002
   1.3466553558219125        34.241225743997916        7.7972117623905018E-002
   1.4039080913267785        21.583708162580763        7.8124349009913538E-002
   1.2584508113951876        70.000000000000000        3.0901856760954593E-002
   1.3721680610949585        52.545124439882720        1.8728020598828367E-002
   1.2981978996416879        61.127151113215376        2.5810066595448766E-002
   1.3450503197977663        54.637080152735798        1.6752779457183703E-002
   1.3145114463980532        59.911720064201134        2.0864377615969518E-002
   1.4094256829778882        64.060687488681822        8.2605476354357041E-002
   1.4752422467022084        29.338645661870089        2.8538140459778101E-002
   1.4371070462699935        49.453797022600348        4.9632693634545255E-002
   1.2803712542501788        51.703763684969999        6.7412459883908968E-002
   1.4819927936600281        29.861626177273482        3.0351136007606756E-002
   1.3584479991583389        52.384477623403967        1.5654908147985463E-002
   1.3563507393968257        62.677411485725415        4.1182079621097448E-002
   1.2625719362647514        70.000000000000000        2.9416359231753050E-002
   1.3552890992555422        54.637080152735798        1.7213171667277441E-002
   1.3647277081228337        50.281156360745193        1.5587274661645327E-002
   1.4094256829778882        39.665559055650078        1.9717795415607583E-002
   1.4600380664355450        34.323168245514616        2.5727210291670619E-002
   1.4637486948929865        32.385865638190531        2.5973543167449622E-002
   1.3466553558219125        51.703763684969999        1.9834154030072985E-002
   1.4819927936600281        31.889051039824004        3.2101424836441413E-002
   1.3672206253071546        52.384477623403967        1.6703546128896352E-002
   1.3563507393968257        40.100368248724834        4.9938099019862424E-002
   1.3547506471578961        52.871572347073716        1.5905114228849025E-002
   1.3450503197977663        50.346935434241708        2.4036350920858051E-002
   1.3647277081228337        32.262875203840807        7.1265535767385438E-002
   1.3643278928364824        50.552832825256409        1.5484508344094252E-002
   1.3625497825155910        51.734418039255040        1.5448976675243600E-002
   1.3345450005249830        39.523310512073671        6.8449206449002764E-002
   1.3466553558219125        48.720382179137040        2.7736884015815012E-002
   1.3990765213782625        29.861626177273482        5.5037078780366212E-002
   1.3460987392097985        52.384477623403967        1.8773437000924952E-002
   1.3563507393968257        68.683374608505900        6.2755931268789145E-002
   1.3520387034238461        54.101037922054111        1.6262861004977744E-002
   1.3450503197977663        50.830099778433691        2.2751743460570243E-002
   1.3647277081228337        33.006288151094765        6.8685018576756712E-002
   1.3643278928364824        59.763546928891380        3.6199658211026761E-002
   1.3625497825155910        51.734418039255040        1.5448976675243600E-002
   1.4084015498790776        39.523310512073671        2.0307121890790172E-002
   1.4130094390284451        51.703763684969999        4.0765840288037321E-002
   1.4819927936600281        29.861626177273482        3.0351136007606756E-002
   1.3478307164306647        52.384477623403967        1.8062627080310516E-002
   1.3980462467495247        42.029593835998909        1.8520568049489223E-002
   1.3586083563579747        52.425213986718902        1.5655187784371211E-002
   1.3450503197977663        54.474335187158495        1.6797947253571182E-002
   1.3768345072464019        50.281156360745193        1.6155965049348162E-002
   1.3493730193442537        50.552832825256409        2.1024744865971740E-002
   1.3628696347446720        51.734418039255040        1.5450126429528867E-002
   1.4084015498790776        39.523310512073671        2.0307121890790172E-002
   1.4528916530363389        51.703763684969999        6.8297824216370484E-002
   1.4563680744981067        29.861626177273482        2.7491162372516368E-002
   1.3089134861872542        52.384477623403967        4.2774194518488316E-002
   1.3668585814780017        50.679640437808594        1.5229398317477919E-002
   1.3586083563579747        52.425213986718902        1.5655187784371211E-002
   1.3444890722116016        54.637080152735798        1.6835388054580177E-002
   1.3484702147010021        50.281156360745193        2.2198527625745864E-002
   1.2888523252080297        68.330784302399763        2.5957230938560779E-002
   1.3671254116983971        50.236513110085049        1.5275669047124558E-002
   1.4120048916147523        39.523310512073671        1.9323754574838939E-002
   1.3466553558219125        51.703763684969999        1.9834154030072985E-002
   1.4563680744981067        45.361119406709427        4.9305726060687234E-002
   1.3584479991583389        51.686017141175022        1.5802291091114282E-002
   1.3668585814780017        50.679640437808594        1.5229398317477919E-002
   1.3586083563579747        52.743608036943215        1.5757708130597400E-002
   1.3427771736245147        54.637080152735798        1.7153751301695892E-002
   1.3647277081228337        51.992575637694181        1.5727278491480364E-002
   1.3643278928364824        50.985650964708590        1.5340821865660319E-002
   1.3814184994143588        49.372102324046040        1.6137530457795864E-002
   1.4120048916147523        62.966416021824685        8.0391483828446283E-002
   1.3466553558219125        59.641828087785946        2.5491620672900596E-002
   1.3915246847589777        29.861626177273482        6.0187597027435383E-002
   1.4526965716455356        52.384477623403967        7.0545721867063912E-002
   1.3668585814780017        59.250202516217698        3.6055611561051748E-002
   1.3586083563579747        52.425213986718902        1.5655187784371211E-002
   1.3309683385064108        58.481518925260524        1.8572789082117305E-002
   1.3717150087467440        50.281156360745193        1.5249745348856330E-002
   1.4545823745557547        33.211538920251797        2.4158071502097131E-002
   1.3671254116983971        50.236513110085049        1.5275669047124558E-002
   1.3689700411975487        39.523310512073671        4.2879461680891143E-002
   1.3617843865914221        51.817471653550456        1.5474274412375281E-002
   1.4563680744981067        29.861626177273482        2.7491162372516368E-002
   1.3646798834001754        50.955694712266514        1.5320931814213547E-002
   1.2991361288769114        50.679640437808594        5.6139388755544244E-002
   1.3650042313734436        51.036367772793930        1.5302908159439330E-002
   1.3601604027984406        54.637080152735798        1.8633982417305035E-002
   1.4032749186625053        42.874329117719213        1.6446654321104631E-002
   1.3643278928364824        50.985650964708590        1.5340821865660319E-002
   1.3628500919711979        51.505431121996743        1.5405437015415593E-002
   1.4120048916147523        36.461870240212285        2.6408669595466984E-002
   1.3617843865914221        51.817471653550456        1.5474274412375281E-002
   1.4563680744981067        46.466250458240317        5.2889702950040134E-002
   1.3646798834001754        50.955694712266514        1.5320931814213547E-002
   1.3651616372180388        50.679640437808594        1.5333335624588999E-002
   1.3677949443941830        51.036367772793930        1.5354334559194521E-002
   1.3450503197977663        54.637080152735798        1.6752779457183703E-002
   1.3154073474525450        62.597325622865100        2.1605698441480126E-002
   1.3643278928364824        67.112656848529838        6.2497368279770725E-002
   1.3671254116983971        49.797469668757209        1.5507519295875979E-002
   1.3859550173893267        39.523310512073671        3.1537594988320580E-002
   1.3617843865914221        51.817471653550456        1.5474274412375281E-002
   1.4563680744981067        25.288704923724190        3.7047563910679433E-002
   1.3646798834001754        50.955694712266514        1.5320931814213547E-002
   1.4050001805006176        50.679640437808594        3.2010112116569775E-002
   1.3650042313734436        51.350108980548271        1.5361342434054319E-002
   1.3642101300989369        54.637080152735798        2.0262109119298658E-002
   1.3717150087467440        50.339414148941778        1.5283162475638977E-002
   1.3643278928364824        47.826210566055771        1.9773010975414170E-002
   1.3671254116983971        50.236513110085049        1.5275669047124558E-002
   1.3820810248800468        39.523310512073671        3.3997643079926247E-002
   1.3617843865914221        51.817471653550456        1.5474274412375281E-002
   1.4693419109799533        29.861626177273482        2.7449591335320041E-002
   1.3260294556999461        50.955694712266514        3.4918681337994091E-002
   1.3668585814780017        50.140009756591539        1.5343786201436969E-002
   1.3686570139338838        51.036367772793930        1.5430000623863356E-002
   1.3450503197977663        54.637080152735798        1.6752779457183703E-002
   1.3686811929981804        50.867076327441914        1.5327086952115300E-002
   1.3660791730422430        50.783971519007032        1.5258077100874422E-002
   1.2809244315570569        50.236513110085049        7.2238602984360967E-002
   1.3644545934189689        39.523310512073671        4.6084170717228486E-002
   1.3617843865914221        50.516796794290464        1.6010331453316828E-002
   1.3716835100996561        29.861626177273482        7.4375367384145977E-002
   1.3646798834001754        50.955694712266514        1.5320931814213547E-002
   1.3500354988824204        53.762127344791608        1.6281821086920712E-002
   1.3650042313734436        51.036367772793930        1.5302908159439330E-002
   1.3450503197977663        54.637080152735798        1.6752779457183703E-002
   1.3359810113133563        59.174789871790423        2.0145671889600800E-002
   1.3660791730422430        50.783971519007032        1.5258077100874422E-002
   1.2834628500691436        67.495856582969779        2.5387344713161241E-002
   1.4120048916147523        44.402467214819964        1.9304104014549767E-002
   1.3617843865914221        41.851045752131682        3.9920854222999319E-002
   1.3997114395548991        43.609249982479014        1.6120673622862354E-002
   1.3646798834001754        34.421000925410446        6.3787467085340444E-002
   1.3668585814780017        49.852840330173855        1.5514333477025471E-002
   1.3714135265484177        50.232000954733266        1.5202663798868064E-002
   1.3450503197977663        58.982716716918119        2.2917820963397596E-002
   1.3717150087467440        47.624218299033949        1.6998920900838717E-002
   1.3927988685606858        50.783971519007032        2.4706431600246173E-002
   1.3134120073987294        58.672889383772521        2.2715670770701735E-002
   1.3864550260928057        44.402467214819964        1.7746124967663666E-002
   1.3617843865914221        51.817471653550456        1.5474274412375281E-002
   1.3821111939688870        47.139232124339244        1.5210821384619492E-002
   1.3602744825803856        50.955694712266514        1.5956108843463081E-002
   1.3668585814780017        56.404131959363369        2.6659394418134443E-002
   1.3834021523648097        47.754176166136624        1.5133457768880351E-002
   1.3626584139529643        52.016064607509939        1.5560485083683816E-002
   1.3721987775312372        50.174904546813814        1.5233292908849245E-002
   1.3660791730422430        42.340404427885211        3.5267546245072855E-002
   1.3671254116983971        50.198706811774336        1.5288669825332744E-002
   1.3817986425092410        44.402467214819964        1.9622508568024447E-002
   1.3534225458343216        51.817471653550456        1.6891896118638037E-002
   1.3821111939688870        52.097008907979315        2.2413527065339969E-002
   1.3646798834001754        50.955694712266514        1.5320931814213547E-002
   1.3668585814780017        50.679640437808594        1.5229398317477919E-002
   1.3827029304755760        47.754176166136624        1.5089851566435492E-002
   1.3695102487775319        50.434936269837074        1.5188591857382704E-002
   1.3721987775312372        47.667042790325823        1.6759502333216599E-002
   1.3546050802231053        50.783971519007032        1.8024387496532349E-002
   1.3671254116983971        49.871538183706569        1.5456135607160677E-002
   1.3906302476846448        44.706199163319383        1.6149715583802116E-002
   1.3617843865914221        51.817471653550456        1.5474274412375281E-002
   1.3821111939688870        46.374090682333573        1.5863837108190719E-002
   1.3682612485988774        50.638120051770287        1.5215506603773112E-002
   1.3964322779510308        43.983446347636658        1.6072766724626545E-002
   1.3994377655828991        47.754176166136624        2.0280371085639830E-002
   1.3695102487775319        48.350576616293772        1.6558999181507692E-002
   1.3721987775312372        48.819894754652921        1.5368465705910044E-002
   1.3660791730422430        50.783971519007032        1.5258077100874422E-002
   1.3606295264483232        52.422925451546220        1.5674667129784235E-002
   1.3666432723700359        44.706199163319383        2.7196448808411652E-002
   1.3617843865914221        51.817471653550456        1.5474274412375281E-002
   1.3821111939688870        47.574027952579378        1.5072913176331422E-002
   1.3883947083635459        50.638120051770287        2.1803288400835050E-002
   1.3668585814780017        50.679640437808594        1.5229398317477919E-002
   1.3696742285328043        50.260303777206047        1.5151681747550796E-002
   1.3695102487775319        50.434936269837074        1.5188591857382704E-002
   1.3587047403707222        53.865267968255075        1.6843057558923302E-002
   1.3905987289781523        44.903559182332401        1.5938606887571590E-002
   1.3679964065406962        50.236513110085049        1.5204043639602668E-002
   1.3906302476846448        45.319871572419231        1.5583099723703598E-002
   1.3617843865914221        49.417631656482087        1.7563470949814933E-002
   1.3821111939688870        48.838794787351702        1.5667413667970257E-002
   1.3605525636722628        51.572386817154268        1.5560528383370959E-002
   1.3931274476295556        50.679640437808594        2.4593729938842835E-002
   1.3827029304755760        47.754176166136624        1.5089851566435492E-002
   1.3625093158179620        50.434936269837074        1.5917269538559559E-002
   1.3721987775312372        50.174904546813814        1.5233292908849245E-002
   1.3863900621911245        46.848783815109059        1.5168334018332971E-002
   1.3994541399871128        50.236513110085049        2.7087652489743857E-002
   1.3862718021069884        45.319871572419231        1.6276039836123146E-002
   1.3617843865914221        51.817471653550456        1.5474274412375281E-002
   1.3694357147708276        47.574027952579378        1.7976858385410594E-002
   1.3806800979381757        50.638120051770287        1.8096028032599288E-002
   1.3968956134782748        50.679640437808594        2.6862376828966493E-002
   1.3889590550507191        47.754176166136624        1.6105059978215382E-002
   1.3695102487775319        46.821463948107095        1.9614198357656144E-002
   1.3721987775312372        50.174904546813814        1.5233292908849245E-002
   1.3773774407447534        48.798817378109547        1.5046704028599950E-002
   1.3823323490312243        47.558244276425782        1.5073847000240092E-002
   1.3708155679954122        49.435642339789020        1.5198781182813466E-002
   1.3617843865914221        48.178510396853852        2.0216199204056567E-002
   1.3821111939688870        47.574027952579378        1.5072913176331422E-002
   1.3666025715727865        50.638120051770287        1.5239041918595552E-002
   1.3777424541887606        48.917092649680541        1.5097585332243927E-002
   1.3907410742346886        47.754176166136624        1.6629241172960309E-002
   1.3757674006703702        50.434936269837074        1.6090820301753586E-002
   1.3721987775312372        50.174904546813814        1.5233292908849245E-002
   1.3742118515308250        49.794015856525206        1.5206403481295016E-002
   1.3823323490312243        49.535161765172148        1.6651332077298481E-002
   1.3868359586543513        46.760539139505120        1.5182820988526465E-002
   1.3785608911379390        51.817471653550456        1.9860011863225890E-002
   1.3689544046003257        47.574027952579378        1.8180990874304481E-002
   1.3682612485988774        50.638120051770287        1.5215506603773112E-002
   1.3819898846486582        47.850084003845616        1.5071907024730066E-002
   1.3827029304755760        47.754176166136624        1.5089851566435492E-002
   1.3694087692927939        50.434936269837074        1.5185862676133515E-002
   1.3721987775312372        53.513541535661282        2.1126752043869938E-002
   1.3773774407447534        48.798817378109547        1.5046704028599950E-002
   1.3833898533757678        47.558244276425782        1.5094913002180440E-002
   1.3868359586543513        50.096348645166479        1.9625572559290580E-002
   1.3617843865914221        51.817471653550456        1.5474274412375281E-002
   1.3831744118908647        47.574027952579378        1.5088255043305432E-002
   1.3613909774145458        52.000407942207808        1.5520280207775308E-002
   1.3820654729404109        47.850084003845616        1.5074982441162016E-002
   1.3891963959059348        47.754176166136624        1.6169451374473683E-002
   1.3862883822131211        46.766944318971767        1.5172381093202431E-002
   1.3807073752254326        47.913978970481722        1.5047957379368655E-002
   1.3825589303507178        48.798817378109547        1.5722907513037433E-002
   1.3823323490312243        47.558244276425782        1.5073847000240092E-002
   1.3704590070105183        46.760539139505120        1.9301750482637468E-002
   1.3617843865914221        51.817471653550456        1.5474274412375281E-002
   1.3821111939688870        47.734902326332929        1.5066568605128419E-002
   1.3682612485988774        49.231687277359171        1.5773784259432346E-002
   1.3813982658479773        47.850084003845616        1.5055369641977002E-002
   1.3827029304755760        47.913168860236752        1.5127189899647850E-002
   1.3862883822131211        43.794900626267491        1.9089765276861126E-002
   1.3807073752254326        47.913978970481722        1.5047957379368655E-002
   1.3936388866467253        45.532761916335524        1.5490861805746135E-002
   1.3823323490312243        47.558244276425782        1.5073847000240092E-002
   1.3868359586543513        47.808597769920667        1.5657151461821638E-002
   1.3617843865914221        55.031687669321542        2.0173761314987097E-002
   1.3781183225287983        47.734902326332929        1.5278684281818300E-002
   1.3684065392217095        50.638120051770287        1.5218488797007790E-002
   1.3784986346552621        47.850084003845616        1.5168169447784645E-002
   1.3827029304755760        47.754176166136624        1.5089851566435492E-002
   1.3862883822131211        46.766944318971767        1.5172381093202431E-002
   1.3933122736440517        47.913978970481722        1.7828496754795517E-002
   1.3773774407447534        48.798817378109547        1.5046704028599950E-002
   1.3800208579028197        47.558244276425782        1.5176532185285977E-002
   1.3836477705746602        47.381775299055221        1.5095177567241498E-002
   1.3617843865914221        47.358462418339933        2.2339531511793534E-002
   1.3637673356800004        51.578127985347471        1.5412659721883137E-002
   1.3733112354136736        49.535895080352901        1.5071272242304293E-002
   1.3789905880447202        47.850084003845616        1.5126419312395221E-002
   1.3793851379446243        48.554639878547263        1.5087626191289661E-002
   1.3838012209558561        46.766944318971767        1.5268355842869305E-002
   1.3807073752254326        47.913978970481722        1.5047957379368655E-002
   1.3609390707929117        48.798817378109547        1.9188210955373177E-002
   1.3812486823424219        47.558244276425782        1.5096609336435670E-002
   1.3761665125938363        47.381775299055221        1.6005353110164672E-002
   1.3617843865914221        51.817471653550456        1.5474274412375281E-002
   1.3821111939688870        47.734902326332929        1.5066568605128419E-002
   1.3733112354136736        50.032442936036567        1.5255522350449227E-002
   1.3813982658479773        47.850084003845616        1.5055369641977002E-002
   1.3793851379446243        48.003556825610623        1.5057207381607016E-002
   1.3772248686336550        48.845987239614097        1.5050234364293688E-002
   1.3720995822098874        49.830787286625991        1.5102143319360363E-002
   1.3757712829848567        48.994159377759374        1.5037842360206584E-002
   1.3812632653372017        47.862958089295788        1.5053437022624606E-002
   1.3953126617950209        45.117755446621352        1.5591363007313773E-002
   1.3617843865914221        51.817471653550456        1.5474274412375281E-002
   1.3821111939688870        47.734902326332929        1.5066568605128419E-002
   1.3733112354136736        49.535895080352901        1.5071272242304293E-002
   1.3800477624595995        48.091419647844212        1.5040084036952270E-002
   1.3750730039862369        48.003556825610623        1.5549900535363662E-002
   1.3772248686336550        45.759462383576569        1.8519711274867488E-002
   1.3807073752254326        49.296627413917577        1.5859324717297889E-002
   1.3675020548560675        50.717455202797517        1.5225565704077385E-002
   1.3787026840274619        47.862958089295788        1.5143772303095297E-002
   1.3678130552877874        50.591336739844238        1.5204214343661388E-002
   1.3617843865914221        51.817471653550456        1.5474274412375281E-002
   1.3801718033598180        48.102908542211573        1.5041737080331330E-002
   1.3733112354136736        49.535895080352901        1.5071272242304293E-002
   1.3797258060702779        47.977191576789124        1.5052324375178091E-002
   1.3793851379446243        48.003556825610623        1.5057207381607016E-002
   1.3784850647754971        48.531550233644928        1.5039657810580092E-002
   1.3789667871404361        47.913978970481722        1.5103123234761640E-002
   1.3611605822903148        48.994159377759374        1.8660166310784560E-002
   1.3812632653372017        48.753678415516042        1.5425349110033102E-002
   1.3836477705746602        49.739594432757698        1.7473612071278993E-002
   1.3728232382852490        51.817471653550456        1.7462931045946282E-002
   1.3800962849180283        47.986107260331849        1.5045005479493724E-002
   1.3723787651759025        49.535895080352901        1.5077190170692530E-002
   1.3800477624595995        48.091419647844212        1.5040084036952270E-002
   1.3717387720195247        48.003556825610623        1.6382361704763104E-002
   1.3784850647754971        48.531550233644928        1.5039657810580092E-002
   1.3754721088579249        49.003127558019379        1.5037425525086872E-002
   1.3757712829848567        48.994159377759374        1.5037842360206584E-002
   1.3793433171653071        47.862958089295788        1.5097645858845418E-002
   1.3900841179681396        47.381775299055221        1.5971930827638588E-002
   1.3607481863496886        51.817471653550456        1.5512017852809916E-002
   1.3758017971855305        48.958690221996875        1.5035875088143035E-002
   1.3792191661364013        49.535895080352901        1.5793351503067668E-002
   1.3800477624595995        47.742852273161745        1.5097741692415654E-002
   1.3882461350301709        48.003556825610623        1.6219612850303183E-002
   1.3784850647754971        49.502930029813029        1.5601783528166100E-002
   1.3754721088579249        49.351513227971481        1.5104491704163262E-002
   1.3617105105851417        48.994159377759374        1.8412066637670806E-002
   1.3748342974610770        49.142700246548621        1.5043468018574077E-002
   1.3826883777873045        47.381775299055221        1.5095282446148649E-002
   1.3693906531479791        51.817471653550456        1.6414380817400622E-002
   1.3758017971855305        47.668782959033550        1.5746083994037374E-002
   1.3733112354136736        49.622580747021019        1.5086792492658506E-002
   1.3800477624595995        51.379642918504473        1.9491607823682613E-002
   1.3793851379446243        47.344847918507533        1.5391994399200132E-002
   1.3775121831277295        48.655494819869105        1.5031845683826938E-002
   1.3789590101236673        49.003127558019379        1.5262769619007494E-002
   1.3757712829848567        47.758592339724764        1.5655258798772956E-002
   1.3748342974610770        49.142700246548621        1.5043468018574077E-002
   1.3926923828167892        47.381775299055221        1.6719232021409479E-002
   1.3617843865914221        52.297479883094510        1.5669419953022380E-002
   1.3758017971855305        49.384904239863694        1.5141136544566182E-002
   1.3733112354136736        50.219125305909657        1.5383577885558749E-002
   1.3820875329501550        47.724466331730845        1.5065751476912241E-002
   1.3793851379446243        48.003556825610623        1.5057207381607016E-002
   1.3775121831277295        48.158069598624785        1.5113421374197892E-002
   1.3876265969410353        46.571146081648699        1.5211801263324267E-002
   1.3769950652601306        48.716706785837928        1.5030422766265044E-002
   1.3748342974610770        49.142700246548621        1.5043468018574077E-002
   1.3836477705746602        50.277520997142069        1.8578187626666916E-002
   1.3715814674608011        51.817471653550456        1.7045178340549243E-002
   1.3758017971855305        48.461316450447406        1.5129752057578705E-002
   1.3685726504804110        49.535895080352901        1.5446639880228107E-002
   1.3782527654465728        48.438668374784477        1.5030021066345784E-002
   1.3823437770205595        47.640840349927771        1.5069796550930457E-002
   1.3775121831277295        51.647898911440876        1.8973945036090682E-002
   1.3754721088579249        48.608230026953279        1.5100063069452413E-002
   1.3769950652601306        47.952600068728927        1.5278002376922246E-002
   1.3806316721313918        49.142700246548621        1.5669447539308198E-002
   1.3836477705746602        48.023698311118920        1.5275263283727053E-002
   1.3649213217965543        51.196210266950864        1.5321803879580787E-002
   1.3758017971855305        50.636277168188222        1.6387076988744462E-002
   1.3733112354136736        46.851575011869407        1.7845133981511350E-002
   1.3898238183650287        45.884545621712284        1.5347782471460016E-002
   1.3793851379446243        48.340707413304088        1.5041845732117157E-002
   1.3775121831277295        48.655494819869105        1.5031845683826938E-002
   1.3649513494589289        49.003127558019379        1.7078305669407379E-002
   1.3753317615933791        48.716706785837928        1.5076203713335935E-002
   1.3799202835735709        49.142700246548621        1.5527044020202500E-002
   1.3853283902806741        47.020640767620343        1.5138120305974358E-002
   1.3637015464571403        51.623535027254206        1.5426709446527459E-002
   1.3758017971855305        48.227366022582729        1.5253624230305152E-002
   1.3733112354136736        49.535895080352901        1.5071272242304293E-002
   1.3822059894728922        47.560887010329736        1.5073892764973059E-002
   1.3769984309947558        48.682568534707080        1.5029795471677428E-002
   1.3775121831277295        48.600159036979953        1.5029387487310895E-002
   1.3754721088579249        49.003127558019379        1.5037425525086872E-002
   1.3741121407047012        48.716706785837928        1.5177267092782680E-002
   1.3748342974610770        48.700388022883963        1.5116538943115857E-002
   1.3836477705746602        47.381775299055221        1.5095177567241498E-002
   1.3649213217965543        49.194835911687626        1.6779271688788844E-002
   1.3758017971855305        48.958690221996875        1.5035875088143035E-002
   1.3770146020323597        49.535895080352901        1.5375369698901103E-002
   1.3784977562541634        48.399821471205662        1.5030752988005420E-002
   1.3707787757814183        48.682568534707080        1.5771422305709430E-002
   1.3775121831277295        49.051726383567875        1.5133733504338035E-002
   1.3754721088579249        49.003127558019379        1.5037425525086872E-002
   1.3769950652601306        48.919586965948135        1.5056845619795990E-002
   1.3748342974610770        48.427718835472461        1.5252603795948108E-002
   1.3826771399095938        47.381775299055221        1.5095491915355459E-002
   1.3752572313427804        51.196210266950864        1.7148562440927894E-002
   1.3871023709823767        46.604233380699000        1.5199716843537960E-002
   1.3789686297358947        49.535895080352901        1.5737480089297561E-002
   1.3786144037242238        48.438668374784477        1.5033432741102868E-002
   1.3769984309947558        48.682568534707080        1.5029795471677428E-002
   1.3781046489828042        48.470966507223572        1.5029711321601967E-002
   1.3841507136931679        49.003127558019379        1.6401723389468305E-002
   1.3753675272089714        49.061424804037607        1.5039974880201347E-002
   1.3748342974610770        47.050227046117044        1.6904358186721168E-002
   1.3840486166869690        47.303890562418680        1.5104184856879760E-002
   1.3654554496804259        51.196210266950864        1.5322359089430953E-002
   1.3751415485814187        49.081864775278405        1.5040597066851864E-002
   1.3591730702785285        49.535895080352901        1.8437929372440588E-002
   1.3782527654465728        49.189828184557562        1.5294728192274879E-002
   1.3769984309947558        47.640621964664831        1.5531346453714116E-002
   1.3775121831277295        49.051726383567875        1.5133733504338035E-002
   1.3776468959260857        49.003127558019379        1.5123929028848999E-002
   1.3769950652601306        48.493953964282490        1.5046222439136414E-002
   1.3748342974610770        46.928029329835994        1.7119022097263962E-002
   1.3818214761217107        47.741967066676644        1.5061382853495973E-002
   1.3671142211361076        50.693116541659769        1.5224587707193727E-002
   1.3608478679704277        52.004530282755674        1.5525962315585321E-002
   1.3745964807606861        49.291861291394710        1.5055438110184404E-002
   1.3719416687415815        49.716552623579446        1.5086755724755341E-002
   1.3769984309947558        48.682568534707080        1.5029795471677428E-002
   1.3784694901751098        48.379261687148116        1.5030769031743134E-002
   1.3803842422144623        49.003127558019379        1.5484841586450348E-002
   1.3892645606238845        48.716706785837928        1.7718785710708184E-002
   1.3786610193981239        49.142700246548621        1.5318268052997755E-002
   1.3818214761217107        48.430668847978886        1.5276257833656975E-002
   1.3749096476639495        50.693116541659769        1.6226413328140524E-002
   1.3758017971855305        48.958690221996875        1.5035875088143035E-002
   1.3752119543123911        49.291861291394710        1.5073068473349207E-002
   1.3782527654465728        48.438668374784477        1.5030021066345784E-002
   1.3769984309947558        48.682568534707080        1.5029795471677428E-002
   1.3775121831277295        48.600159036979953        1.5029387487310895E-002
   1.3754721088579249        49.003127558019379        1.5037425525086872E-002
   1.3810570521913144        47.891645687203528        1.5050819949361985E-002
   1.3689243774497089        50.319508159312967        1.5162968301030868E-002
   1.3818214761217107        47.741967066676644        1.5061382853495973E-002
   1.3692314236682352        50.367606946102960        1.5167812087030942E-002
   1.3760524487492913        48.958690221996875        1.5037737529691982E-002
   1.3737682194299659        49.291861291394710        1.5054778063450170E-002
   1.3782527654465728        48.940181580543509        1.5148603044687342E-002
   1.3769984309947558        48.370255963372891        1.5075001380939049E-002
   1.3775121831277295        48.600159036979953        1.5029387487310895E-002
   1.3768770631508511        49.003127558019379        1.5072601134077813E-002
   1.3769950652601306        47.440745498690056        1.5738590067653740E-002
   1.3739312075636123        49.343008379455689        1.5055084398822969E-002
   1.3818214761217107        47.146792299857601        1.5232327518347149E-002
   1.3717951909346255        49.793659758530012        1.5093687767028548E-002
   1.3713382374857175        49.939387147246620        1.5110885968222748E-002
   1.3737682194299659        49.291861291394710        1.5054778063450170E-002
   1.3782527654465728        48.438668374784477        1.5030021066345784E-002
   1.3788604837950049        48.378305434126595        1.5033669497949646E-002
   1.3775121831277295        48.600159036979953        1.5029387487310895E-002
   1.3742637259517509        49.003127558019379        1.5068094145535867E-002
   1.3769950652601306        48.716706785837928        1.5030422766265044E-002
   1.3748342974610770        49.142700246548621        1.5043468018574077E-002
   1.3718276966749270        49.776192933675802        1.5091914465780048E-002
   1.3757806816206175        48.960462099300372        1.5035905061961076E-002
   1.3758017971855305        48.958690221996875        1.5035875088143035E-002
   1.3737682194299659        48.634412138563988        1.5264140057642865E-002
   1.3765858111924090        48.716213713621862        1.5031806732860260E-002
   1.3769984309947558        48.998602308768490        1.5077824585373678E-002
   1.3775121831277295        48.822473888654585        1.5056795822008478E-002
   1.3760427777551245        49.003127558019379        1.5042548409265001E-002
   1.3787661619972913        48.339633587647697        1.5031726389168070E-002
   1.3748342974610770        49.323384852561901        1.5066817842011594E-002
   1.3818214761217107        47.955209125339771        1.5080693257696910E-002
   1.3757806816206175        48.960462099300372        1.5035905061961076E-002
   1.3775602659488382        48.664565993162185        1.5033291114911152E-002
   1.3791357945252165        49.291861291394710        1.5520522343703455E-002
   1.3782527654465728        48.472460472059382        1.5030571298339821E-002
   1.3769984309947558        48.682568534707080        1.5029795471677428E-002
   1.3780661827259173        48.600159036979953        1.5037125339094548E-002
   1.3771840053101996        49.003127558019379        1.5090365136969206E-002
   1.3790429972578810        48.716706785837928        1.5120252669520275E-002
   1.3708981358574330        49.142700246548621        1.5345638923584407E-002
   1.3818214761217107        47.741967066676644        1.5061382853495973E-002
   1.3766030171373607        48.772109084407596        1.5030999344268915E-002
   1.3791405447940805        48.359675658499562        1.5037566754021613E-002
   1.3737682194299659        49.291861291394710        1.5054778063450170E-002
   1.3782527654465728        47.762393893962674        1.5244108647167817E-002
   1.3769984309947558        48.744685518795670        1.5031787196596593E-002
   1.3805073540859405        48.600159036979953        1.5210673906167099E-002
   1.3747555572623937        49.121657975911418        1.5043275668753594E-002
   1.3769950652601306        48.716706785837928        1.5030422766265044E-002
   1.3748342974610770        48.416885857185711        1.5259414864131104E-002
   1.3762059412888463        48.798461478621974        1.5033059091554325E-002
   1.3768813276571195        48.795412839185566        1.5034157919949132E-002
   1.3802510221723101        48.042378147989844        1.5042010504388182E-002
   1.3716059461823360        49.779218269894251        1.5093429538192210E-002
   1.3782527654465728        48.438668374784477        1.5030021066345784E-002
   1.3769984309947558        48.180493611478859        1.5147130595057269E-002
   1.3775121831277295        48.600159036979953        1.5029387487310895E-002
   1.3748467183978605        49.067364184671355        1.5042676972190121E-002
   1.3769950652601306        48.938799954587466        1.5061360930660465E-002
   1.3754345193418502        49.142700246548621        1.5049689481743834E-002
   1.3762059412888463        48.731959532232416        1.5037280973803630E-002
   1.3766030171373607        48.772109084407596        1.5030999344268915E-002
   1.3775602659488382        48.849194228610436        1.5065603873152689E-002
   1.3751940389045458        48.993384967538567        1.5039753465867382E-002
   1.3782527654465728        48.924575720286711        1.5141367091411961E-002
   1.3769984309947558        48.682568534707080        1.5029795471677428E-002
   1.3793666985062765        48.285578292533060        1.5036698276043427E-002
   1.3754721088579249        48.925831217357768        1.5038095731926888E-002
   1.3769950652601306        48.716706785837928        1.5030422766265044E-002
   1.3754217231436494        49.142700246548621        1.5049411827126104E-002
   1.3780457750499193        48.798461478621974        1.5078015618214887E-002
   1.3776953910050600        48.772109084407596        1.5053471808964269E-002
   1.3775602659488382        48.602245312067758        1.5029648899291672E-002
   1.3751940389045458        48.807536158516612        1.5062034634217264E-002
   1.3782527654465728        48.438668374784477        1.5030021066345784E-002
   1.3769984309947558        48.682568534707080        1.5029795471677428E-002
   1.3775121831277295        48.777179743484730        1.5047428082523347E-002
   1.3779344590040357        48.526015525620679        1.5029764624824247E-002
   1.3769950652601306        48.716706785837928        1.5030422766265044E-002
   1.3748342974610770        49.142700246548621        1.5043468018574077E-002
   1.3762059412888463        48.798461478621974        1.5033059091554325E-002
   1.3766030171373607        49.268594729369745        1.5154823529228627E-002
   1.3775602659488382        48.602245312067758        1.5029648899291672E-002
   1.3751940389045458        48.993384967538567        1.5039753465867382E-002
   1.3782527654465728        48.565388554702572        1.5037646406812386E-002
   1.3756141201511378        48.682568534707080        1.5068870544241855E-002
   1.3775121831277295        48.670036757648916        1.5032972014116708E-002
   1.3769139850832517        48.686588704179577        1.5030018242889855E-002
   1.3769950652601306        48.516799871370075        1.5042445641305552E-002
   1.3800199696728916        49.142700246548621        1.5545953293906626E-002
   1.3762059412888463        48.681226489382418        1.5043312751886763E-002
   1.3766030171373607        48.570412342573327        1.5047130599697523E-002
   1.3775602659488382        48.602245312067758        1.5029648899291672E-002
   1.3770163339026031        48.694474201747980        1.5029912219774033E-002
   1.3782527654465728        48.287349083216100        1.5040782627290215E-002
   1.3777875257134182        48.682568534707080        1.5040595897179095E-002
   1.3775094905400294        48.600159036979953        1.5029378753710796E-002
   1.3779344590040357        48.612567323886253        1.5035466824063211E-002
   1.3769950652601306        48.978174591368422        1.5071699394588307E-002
   1.3748342974610770        48.749993790507808        1.5099182786984602E-002
   1.3755306716734967        48.924236557804633        1.5037273404216844E-002
   1.3766030171373607        48.635119620653462        1.5037767822545522E-002
   1.3775602659488382        48.602245312067758        1.5029648899291672E-002
   1.3770163339026031        48.537644549713455        1.5038841681746355E-002
   1.3788665222280077        48.438668374784477        1.5038787748392424E-002
   1.3769924704006902        48.704153036650304        1.5030060114307017E-002
   1.3775094905400294        48.232053667506719        1.5086755134728840E-002
   1.3749415979163209        48.526015525620679        1.5183809274301839E-002
   1.3779020997143947        48.716706785837928        1.5050405258706019E-002
   1.3768705035373197        48.719972492633673        1.5030196816579350E-002
   1.3762059412888463        48.612627087853795        1.5055330968214197E-002
   1.3766030171373607        48.772109084407596        1.5030999344268915E-002
   1.3775602659488382        48.602245312067758        1.5029648899291672E-002
   1.3770164773731850        48.694474201747980        1.5029912412045985E-002
   1.3779928989821708        48.438668374784477        1.5030680351844619E-002
   1.3769984309947558        48.682568534707080        1.5029795471677428E-002
   1.3764666511390828        48.758800990293572        1.5031632776999176E-002
   1.3779344590040357        48.526015525620679        1.5029764624824247E-002
   1.3760998544230945        48.716706785837928        1.5041803139739039E-002
   1.3768705035373197        48.750269310671371        1.5031078573152581E-002
   1.3771905741218793        48.798461478621974        1.5040929463292430E-002
   1.3774542845464812        48.621122884666093        1.5029631168380667E-002
   1.3775602659488382        48.602245312067758        1.5029648899291672E-002
   1.3771765577815172        48.694474201747980        1.5030621474099495E-002
   1.3775261838587842        48.577493930568195        1.5029208553772466E-002
   1.3766779808547804        48.765611368324599        1.5030903471618253E-002
   1.3775094905400294        48.600159036979953        1.5029378753710796E-002
   1.3779344590040357        48.429911611719255        1.5031727283361171E-002
   1.3769950652601306        48.701591744539826        1.5030011394088298E-002
   1.3768705035373197        48.719972492633673        1.5030196816579350E-002
   1.3766666649809280        48.777162359370323        1.5031195673251835E-002
   1.3774542845464812        48.621122884666093        1.5029631168380667E-002
   1.3775602659488382        48.664744173768781        1.5033306787078097E-002
   1.3770163339026031        48.694474201747980        1.5029912219774033E-002
   1.3775261838587842        48.501818870837603        1.5031961995376888E-002
   1.3761815968053490        48.682568534707080        1.5043914937513907E-002
   1.3775094905400294        48.530697536482485        1.5030424960903338E-002
   1.3779344590040357        48.526015525620679        1.5029764624824247E-002
   1.3769950652601306        48.669878714889663        1.5029850679066264E-002
   1.3768705035373197        48.765957968554787        1.5031876410130887E-002
   1.3770015146434755        48.684346163539274        1.5029798223249582E-002
   1.3774542845464812        48.621122884666093        1.5029631168380667E-002
   1.3775602659488382        48.534306235353625        1.5029861608950080E-002
   1.3772213608425101        48.694474201747980        1.5030996925907017E-002
   1.3775261838587842        48.577493930568195        1.5029208553772466E-002
   1.3767241458391075        48.682568534707080        1.5031664803819577E-002
   1.3780383763039206        48.480281570850906        1.5029586514841160E-002
   1.3782228023550440        48.463951614822449        1.5030136696122071E-002
   1.3765813857409748        48.669878714889663        1.5034792573600735E-002
   1.3768705035373197        48.719972492633673        1.5030196816579350E-002
   1.3768386132891539        48.717540450411214        1.5030186190711840E-002
   1.3774542845464812        48.621122884666093        1.5029631168380667E-002
   1.3775602659488382        48.469143598282031        1.5034164201921290E-002
   1.3770163339026031        48.674202470727259        1.5029757762962864E-002
   1.3775261838587842        48.696043486653458        1.5035778644098137E-002
   1.3769984309947558        48.554003631519727        1.5037264560763987E-002
   1.3778439724274423        48.600159036979953        1.5032602145901859E-002
   1.3779344590040357        48.526015525620679        1.5029764624824247E-002
   1.3769950652601306        48.608237723684773        1.5032259450919093E-002
   1.3768705035373197        48.642719907799247        1.5031878194173377E-002
   1.3770015146434755        48.566674065563404        1.5035765080385420E-002
   1.3774542845464812        48.664834268994952        1.5031738728973268E-002
   1.3775323594735394        48.602245312067758        1.5029509637367572E-002
   1.3770163339026031        48.674202470727259        1.5029757762962864E-002
   1.3775444790055922        48.577493930568195        1.5029209723403859E-002
   1.3773154759621924        48.682568534707080        1.5031251596239900E-002
   1.3779107290765922        48.600159036979953        1.5033761333221625E-002
   1.3769191065734845        48.701883165945830        1.5029986956583554E-002
   1.3769950652601306        48.669878714889663        1.5029850679066264E-002
   1.3768705035373197        48.719972492633673        1.5030196816579350E-002
   1.3770015146434755        48.684346163539274        1.5029798223249582E-002
   1.3774805063037683        48.621122884666093        1.5029772302826001E-002
   1.3775323594735394        48.602245312067758        1.5029509637367572E-002
   1.3772189034026487        48.633888979082144        1.5029433529479634E-002
   1.3772474639665209        48.646360741409417        1.5029493889384611E-002
   1.3769984309947558        48.682568534707080        1.5029795471677428E-002
   1.3775094905400294        48.537017184667775        1.5030141177955057E-002
   1.3779344590040357        48.620189531539623        1.5036308027666137E-002
   1.3769950652601306        48.625487592338700        1.5031223356652754E-002
   1.3773458991583483        48.719972492633673        1.5034722444469437E-002
   1.3770015146434755        48.684346163539274        1.5029798223249582E-002
   1.3774542845464812        48.621122884666093        1.5029631168380667E-002
   1.3775323594735394        48.602245312067758        1.5029509637367572E-002
   1.3772683213310850        48.622944472529539        1.5029381203774147E-002
   1.3775286507777600        48.577493930568195        1.5029207958523742E-002
   1.3773731985055655        48.605286626103478        1.5029278436658548E-002
   1.3779442640006843        48.512838711418553        1.5029555451340966E-002
   1.3779344590040357        48.526015525620679        1.5029764624824247E-002
   1.3769950652601306        48.740450708437365        1.5031505355435657E-002
   1.3774072851301389        48.719972492633673        1.5035941720682938E-002
   1.3773068378995024        48.609540409183886        1.5029386426255684E-002
   1.3769673475522981        48.621122884666093        1.5031829647599962E-002
   1.3778553250548933        48.546415497934710        1.5029816538702579E-002
   1.3772683213310850        48.614276617756317        1.5029456357353846E-002
   1.3775286507777600        48.577493930568195        1.5029207958523742E-002
   1.3773731985055655        48.625496560025390        1.5029427496500092E-002
   1.3775094905400294        48.562147838070459        1.5029386195990856E-002
   1.3778740895609201        48.526015525620679        1.5029467451285552E-002
   1.3769950652601306        48.669878714889663        1.5029850679066264E-002
   1.3768705035373197        48.724697424404688        1.5030277169393612E-002
   1.3777528285445455        48.553099649078916        1.5029423753443179E-002
   1.3767081858593533        48.621122884666093        1.5036730300513937E-002
   1.3775323594735394        48.602245312067758        1.5029509637367572E-002
   1.3772683213310850        48.715484942452072        1.5033007446444818E-002
   1.3775256838211365        48.577493930568195        1.5029208703166777E-002
   1.3773731985055655        48.669674311245515        1.5031098228340839E-002
   1.3775094905400294        48.600159036979953        1.5029378753710796E-002
   1.3782581759374537        48.526015525620679        1.5033752819153040E-002
   1.3775113355465323        48.571678297313554        1.5029252411916440E-002
   1.3768705035373197        48.649278700019948        1.5031516190758485E-002
   1.3773005516091801        48.609540409183886        1.5029405527984221E-002
   1.3774702577894875        48.621122884666093        1.5029713977169595E-002
   1.3773820278769353        48.593284497415034        1.5029344927936153E-002
   1.3772683213310850        48.655487590910795        1.5029733196067123E-002
   1.3775301267829623        48.554709338835075        1.5029450860424376E-002
   1.3773731985055655        48.605286626103478        1.5029278436658548E-002
   1.3773422935992916        48.600159036979953        1.5029384312902459E-002
   1.3778740895609201        48.526015525620679        1.5029467451285552E-002
   1.3775113355465323        48.552519750998975        1.5029594858906203E-002
   1.3777492206036983        48.719972492633673        1.5045385619629785E-002
   1.3779101528742430        48.609540409183886        1.5034642408435935E-002
   1.3774542845464812        48.637331064783496        1.5030201901650156E-002
   1.3773820278769353        48.593284497415034        1.5029344927936153E-002
   1.3772683213310850        48.609345433451907        1.5029530809940740E-002
   1.3773512004751538        48.603131113460748        1.5029328217125890E-002
   1.3773981703804841        48.607951087421725        1.5029271844372761E-002
   1.3775123371003202        48.600159036979953        1.5029387995180143E-002
   1.3778740895609201        48.535197470135337        1.5029635927348208E-002
   1.3775113355465323        48.571678297313554        1.5029252411916440E-002
   1.3768705035373197        48.697111821098346        1.5030106291159280E-002
   1.3769868604326811        48.609540409183886        1.5032295336037222E-002
   1.3782624728722552        48.462836478950940        1.5030373161719750E-002
   1.3770742617561960        48.593284497415034        1.5032088067903834E-002
   1.3772683213310850        48.622944472529539        1.5029381203774147E-002
   1.3774555847929746        48.578765387977924        1.5029308762276690E-002
   1.3779377200992808        48.607951087421725        1.5035052626686168E-002
   1.3775094905400294        48.600159036979953        1.5029378753710796E-002
   1.3778740895609201        48.494626791590790        1.5029493340480883E-002
   1.3775113355465323        48.571678297313554        1.5029252411916440E-002
   1.3765270175137629        48.768226662842565        1.5031148102719511E-002
   1.3773068378995024        48.598834621042386        1.5029550195331212E-002
   1.3774478598009936        48.612112870478676        1.5029401296609972E-002
   1.3773820278769353        48.593284497415034        1.5029344927936153E-002
   1.3769006727799649        48.622944472529539        1.5032711020781062E-002
   1.3767257819588796        48.714370966950327        1.5030629724707907E-002
   1.3773981703804841        48.593285068714430        1.5029301916544198E-002
   1.3775094905400294        48.600159036979953        1.5029378753710796E-002
   1.3776683551664752        48.560160442855796        1.5029261486282751E-002
   1.3775113355465323        48.571678297313554        1.5029252411916440E-002
   1.3768705035373197        48.571767310556368        1.5038393046458367E-002
   1.3779675317722293        48.609540409183886        1.5035872343530411E-002
   1.3774478598009936        48.612112870478676        1.5029401296609972E-002
   1.3773820278769353        48.548841866725894        1.5030808432531899E-002
   1.3775907083698471        48.575973925527840        1.5029254345300440E-002
   1.3775286507777600        48.577493930568195        1.5029207958523742E-002
   1.3774135950775048        48.607951087421725        1.5029281315151225E-002
   1.3775603400433818        48.600159036979953        1.5029590878791795E-002
   1.3774854656492059        48.564700690477451        1.5029432393401166E-002
   1.3775113355465323        48.571678297313554        1.5029252411916440E-002
   1.3768705035373197        48.645958993704063        1.5031694330213107E-002
   1.3773068378995024        48.609540409183886        1.5029386426255684E-002
   1.3780211732334726        48.612112870478676        1.5037447616518243E-002
   1.3773820278769353        48.593284497415034        1.5029344927936153E-002
   1.3775907083698471        48.646911470319949        1.5032320096684575E-002
   1.3774143719226772        48.577493930568195        1.5029482034999778E-002
   1.3773981703804841        48.607951087421725        1.5029271844372761E-002
   1.3776350146793614        48.600159036979953        1.5030083044747639E-002
   1.3776683551664752        48.555868734409778        1.5029232160783872E-002
   1.3773026214434767        48.612407564065684        1.5029371407002902E-002
   1.3772801491365954        48.613758933843506        1.5029422782932808E-002
   1.3775641880848437        48.588277208526030        1.5029348283830533E-002
   1.3774478598009936        48.627540055326421        1.5029789377420609E-002
   1.3779576412103398        48.593284497415034        1.5034018553497570E-002
   1.3771021809702833        48.575973925527840        1.5032918152385636E-002
   1.3775439789679444        48.577493930568195        1.5029209519777147E-002
   1.3773981703804841        48.607951087421725        1.5029271844372761E-002
   1.3775094905400294        48.600159036979953        1.5029378753710796E-002
   1.3773906939164546        48.555868734409778        1.5030369423596378E-002
   1.3775113355465323        48.608634892141268        1.5029572163386290E-002
   1.3772801491365954        48.613758933843506        1.5029422782932808E-002
   1.3777209736100875        48.546066864482462        1.5029256211269919E-002
   1.3773790731387034        48.612112870478676        1.5029286903011016E-002
   1.3772994263963847        48.593284497415034        1.5029722365221541E-002
   1.3774581935619103        48.603105321084158        1.5029294773583076E-002
   1.3775286507777600        48.577493930568195        1.5029207958523742E-002
