   6.0471208953660867        45.792567250683341        24.644386218560221
   6.3266063226361489        40.981099033818019        24.710445595802440
  0.81347039496582840        48.365011655798739        1.9143114366235008
   6.9662437526207865        42.312739579984502        26.517537189241711
   3.0287393859549594        3.7567722893554203        8.2921146419141873
   9.7407277608704774        12.087169162570206        28.444287871534478
   5.3275255097616983        46.698301606430533        22.729135785624379
   9.1644023641292005        28.578126135802052        29.404237390128809
   1.0078020811250710        41.911483047420525        2.7726847351086183
   9.1428894415392055        41.928300775221494        31.212223438210735
   6.0471208953660867        45.792567250683341        24.644386218560221
   7.3815570144698306E-002   40.981099033818019        7.9950581256881934
   0.0000000000000000        48.365011655798739                            NaN
   5.9930078386083645        42.312739579984502        24.006800866461848
   3.0287393859549594        3.7567722893554203        8.2921146419141873
   7.8097602498680176        12.087169162570206        24.297631434599712
   5.3275255097616983        12.747331582310032        17.752378633041644
   4.6723253742378814        28.578126135802052        18.059066283234912
   1.0078020811250710        50.000000000000000        3.6615760325380347
   10.000000000000000        38.332405050447107        32.335685566284880
   5.8529345971862519        45.792567250683341        24.111638378882052
   7.3815570144698306E-002   47.470988642841185        7.6540168222656879
  0.81347039496582840        43.202188769096168        1.3741589961522802
   5.9930078386083645        24.084190831146909        21.337678892004927
   0.0000000000000000        50.000000000000000                            NaN
   0.0000000000000000        12.087169162570206                            NaN
   0.0000000000000000        10.967768802223613                            NaN
  0.50014583852675965        28.578126135802052        3.0419302565212600
   1.0078020811250710        44.030638921313923        3.0115031071887617
   9.1428894415392055        50.000000000000000        32.305384175860013
   5.8529345971862519        50.000000000000000        24.694058995629170
   7.3815570144698306E-002   47.470988642841185        7.6540168222656879
   0.0000000000000000        43.202188769096168                            NaN
   5.9930078386083645        24.084190831146909        21.337678892004927
   3.0287393859549594        3.7567722893554203        8.2921146419141873
   7.8097602498680176        12.087169162570206        24.297631434599712
   5.3275255097616983        42.665878254528550        22.161884456037264
  0.50014583852675965        44.372195081964932        1.4742760854557104
   0.0000000000000000        41.911483047420525                            NaN
  0.26088753084793526        19.250685303356668        6.6237179044146872
   5.8529345971862519        45.792567250683341        24.111638378882052
  0.28696642045886522        47.470988642841185        3.7712033150594491
   0.0000000000000000        43.202188769096168                            NaN
   5.9930078386083645        24.084190831146909        21.337678892004927
   0.0000000000000000        3.7567722893554203                            NaN
   3.9835692007909098        50.000000000000000        18.779729428851663
   5.3275255097616983        4.7541431937754055        16.805361312109770
   0.0000000000000000        44.372195081964932                            NaN
   5.1178859625877466        44.191141827621365        21.746140254529045
   0.0000000000000000        50.000000000000000                            NaN
   3.2071600679527581        7.8306479353402665        9.5572185113711043
  0.28696642045886522        47.470988642841185        3.7712033150594491
  0.81347039496582840        43.202188769096168        1.3741589961522802
   4.4791162257734172        50.000000000000000        20.507468432173557
   3.0287393859549594        3.7567722893554203        8.2921146419141873
   2.8206074946835828        50.000000000000000        14.097948885031046
   1.6189459663458350        4.7541431937754055        1.8635286448866266
   4.0729308353912836        44.372195081964932        18.328006698893429
   0.0000000000000000        50.000000000000000                            NaN
   0.0000000000000000        6.9615016619509333                            NaN
   3.2071600679527581        7.8306479353402665        9.5572185113711043
  0.28696642045886522        47.470988642841185        3.7712033150594491
  0.81347039496582840        43.202188769096168        1.3741589961522802
   1.6799863818995211        41.814711567033221        7.2111449320635952
  0.77901406653921623        3.7567722893554203        4.4716686778965853
   2.8206074946835828        50.000000000000000        14.097948885031046
  0.86469631065197494        35.095425327718878       0.88207080825037287
   0.0000000000000000        9.7888418485573396                            NaN
   1.9534219704696643        41.911483047420525        8.7685380498518288
   0.0000000000000000        50.000000000000000                            NaN
   3.2071600679527581        7.8306479353402665        9.5572185113711043
  0.53142282798193152        47.470988642841185       0.88484461858141383
   1.9866537008239746        50.000000000000000        9.9720517401645203
   1.6799863818995211        41.814711567033221        7.2111449320635952
  0.77901406653921623        36.081599115576736       0.30487908729778940
   2.8206074946835828        50.000000000000000        14.097948885031046
   2.7796480490415183        6.7981926607141574        7.5873363484059579
  0.50014583852675965        44.372195081964932        1.4742760854557104
   1.0078020811250710        35.931988152678166        2.0746134637108105
   2.3409459677161695        19.250685303356668        7.4895364598028378
   3.2071600679527581        36.596585955902754        13.919616182229417
  0.53142282798193152        47.470988642841185       0.88484461858141383
  0.81347039496582840        43.202188769096168        1.3741589961522802
   1.6799863818995211        41.814711567033221        7.2111449320635952
   3.1360320962230750        36.081599115576736        13.552042820951732
   1.9713293426890048        38.374208876404339        8.3989691340075510
  0.86469631065197494        13.264269368101658        2.1524264930468395
  0.73840501384849788        44.372195081964932       0.86113345356652971
  0.85996680747451604        35.931988152678166       0.94176225309462924
   0.0000000000000000        19.250685303356668                            NaN
   2.5033890336695919        7.8306479353402665        6.4860427029077874
  0.53142282798193152        47.470988642841185       0.88484461858141383
   1.1748084766424576        50.000000000000000        4.9082152078810903
  0.91370982729316974        41.814711567033221        2.0355613206562895
   0.0000000000000000        36.081599115576736                            NaN
   1.2148865114160317        43.483913535784275        4.4519943589174105
   1.7671339439853260        35.095425327718878        6.8351068350693689
  0.73840501384849788        44.372195081964932       0.86113345356652971
   9.0612358806441584E-002   35.931988152678166        7.8875412417727491
  0.26088753084793526        6.8691909512351224        8.2420827422425393
   0.0000000000000000        7.8306479353402665                            NaN
   2.0379392383562145        12.062886783685165        4.8836124471308322
  0.75476074721620945        44.572669230306687        1.0221722541922489
  0.91370982729316974        32.193750905435351       0.91917893876195766
  0.77901406653921623        35.370973878632213       0.22504217237091301
   1.2148865114160317        40.908327836291129        4.1475374096455164
  0.86469631065197494        41.086563597477024        1.5635962928884983
  0.73840501384849788        38.407092456532617       0.23424455131308583
   1.2239258756984885        49.490127543993232        5.2012379625101808
  0.26088753084793526        7.1826815691210619        8.1918236788123320
  0.36140786752000276        7.8306479353402665        7.0873750523559274
  0.53142282798193152        47.470988642841185       0.88484461858141383
  0.75476074721620945        36.321800327277280       0.13969673931597987
   2.6209137125089641        32.193750905435351        10.746386668080394
  0.77901406653921623        35.370973878632213       0.22504217237091301
   1.2006311365846087        40.908327836291129        4.0490910512639102
  0.86469631065197494        19.947861800158016        1.1267370594528605
  0.73840501384849788        39.382104987487459       0.33715848325263603
  0.85996680747451604        45.250484994779605        1.9773994142865334
  0.26088753084793526        19.250685303356668        6.6237179044146872
  0.83418828224122654        7.8306479353402665        3.3041648747360113
  0.63112567838352740        47.470988642841185       0.29649619004165073
  0.82330654250641644        36.321800327277280       0.69268008841383277
  0.91370982729316974        32.193750905435351       0.91917893876195766
  0.77901406653921623        35.370973878632213       0.22504217237091301
   0.0000000000000000        40.908327836291129                            NaN
   1.5195436615268556        35.095425327718878        5.3863818149365237
  0.73840501384849788        38.407092456532617       0.23424455131308583
   2.1791772388669450        35.931988152678166        9.1514736825964995
  0.21336645327874076        21.629189160486881        6.9696113571377074
   1.0483096012030904        7.8306479353402665        1.9572089628844713
  0.80621040987779258        47.470988642841185        1.7609950739430991
  0.75476074721620945        36.321800327277280       0.13969673931597987
  0.93706425544641347        30.258800256723728       0.86204251282382072
  0.68455182490295519        35.370973878632213       0.59272102771737334
   1.0351929906631707        40.908327836291129        2.8628961798339185
   1.0800414124800870        50.000000000000000        4.2122779982277310
  0.73840501384849788        38.407092456532617       0.23424455131308583
  0.71405362111842552        36.439090621724588       0.22701218977751775
  0.26088753084793526        19.250685303356668        6.6237179044146872
  0.58943078043842934        44.132936387123550       0.60783890878271263
  0.63112567838352740        47.470988642841185       0.29649619004165073
  0.75476074721620945        36.321800327277280       0.13969673931597987
  0.94653794453446582        30.258800256723728       0.93231336379976915
  0.77901406653921623        35.370973878632213       0.22504217237091301
  0.98026855762138965        40.908327836291129        2.4495991107666177
  0.46663202934709835        35.095425327718878        2.6976181043547087
  0.73840501384849788        36.568551308094221        7.4725853973161963E-002
  0.50385194035405390        36.439090621724588        2.1819517981447261
  0.59210386103229118        39.159679376004959        1.0451411200711915
  0.93529408841686690        40.960572614775877        2.1090472826154403
  0.82652168557731931        47.470988642841185        1.9326888253921715
  0.75476074721620945        40.520518316477741       0.59425757359142639
  0.93706425544641347        39.138770070669274        1.9155541553883477
  0.77901406653921623        35.370973878632213       0.22504217237091301
  0.98026855762138965        23.267311698367685       0.40517640961802331
  0.86469631065197494        45.131466288313256        2.0034543008963763
  0.73840501384849788        36.568551308094221        7.4725853973161963E-002
  0.71405362111842552        36.439090621724588       0.22701218977751775
  0.56160712524655410        32.418399656088354        2.0326324957864079
  0.58943078043842934        44.132936387123550       0.60783890878271263
  0.51627650391417856        50.000000000000000       0.83363440967374236
  0.75476074721620945        36.321800327277280       0.13969673931597987
  0.93706425544641347        20.496945279971808       0.59776296088522496
  0.80798238704397596        35.370973878632213       0.45973992344335080
   1.1130638474731183        23.267311698367685        1.2235940381536767
  0.86469631065197494        38.505992200019357        1.2743854279309232
  0.73840501384849788        37.329212467010272       0.12646618852397670
  0.61698639045646442        42.608154790800420       0.48896389945419688
  0.41442010796269180        49.520713094073315        1.9888345561672729
  0.58943078043842934        44.132936387123550       0.60783890878271263
  0.72851394285360260        47.470988642841185        1.0894965912851933
  0.87943773751875154        24.449177396678103       0.42009435731210987
  0.93706425544641347        20.496945279971808       0.59776296088522496
  0.77901406653921623        35.370973878632213       0.22504217237091301
   1.1037236432259296        21.670231312443732       0.96755336675217751
   1.0712944344529738        28.024220610701857        1.5491458668182734
  0.77097071472672507        36.568551308094221       0.29411890988331035
  0.59963779800880790        36.439090621724588        1.2490781567224376
  0.32976845949225064        39.159679376004959        3.8745275440913076
  0.58943078043842934        44.132936387123550       0.60783890878271263
  0.63112567838352740        47.470988642841185       0.29649619004165073
  0.78392384541133708        38.619565814011629       0.62920818388916955
  0.99791100706697589        20.496945279971808       0.41144714007757499
  0.91727237977721843        35.370973878632213        1.3245360642349249
  0.98026855762138965        23.267311698367685       0.40517640961802331
  0.86469631065197494        35.487990504005658       0.92775709753567082
  0.73840501384849788        37.643483543298792       0.15633735742568888
  0.82312701258150722        36.439090621724588       0.70463073823458511
  0.59210386103229118        29.582189654332417        2.0641879074917511
  0.58943078043842934        44.485197520969258       0.57800610559265297
  0.69201232945699209        45.710159008683327       0.59821691595985538
  0.75476074721620945        46.983304800339944        1.2692916969829595
  0.99791100706697589        19.162560590515128       0.50248104455403564
  0.99371213376406309        32.219127077781685        1.5202408812849260
  0.73307616367495554        37.126780302268834        8.6651278681342828E-002
   1.0346037709037608        24.774297633563648       0.88900167560046595
  0.62009430332394677        46.248563119461402       0.24647745108128011
  0.59903706727413708        38.522755340312862        1.0427354697532403
  0.59210386103229118        39.159679376004959        1.0451411200711915
  0.58943078043842934        40.370698235803090       0.95251445461211171
  0.63112567838352740        47.470988642841185       0.29649619004165073
  0.75476074721620945        14.894517686987609        2.6763584455928218
  0.95861842751976400        29.319090149684538       0.90704431534516949
  0.77901406653921623        35.370973878632213       0.22504217237091301
  0.74062081013365910        37.126780302268834       0.12185971098054624
  0.68801664396488227        35.095425327718878       0.59222557295018385
  0.83596482191740540        36.568551308094221       0.82308302595479199
  0.40226530339262767        50.000000000000000        2.0943237258286671
  0.57690165114270275        39.159679376004959        1.1905562445815581
  0.58943078043842934        40.398674661304284       0.94982065494051426
  0.63112567838352740        36.714128877723972       0.92889637573929151
  0.75476074721620945        36.321800327277280       0.13969673931597987
  0.76494858548588673        29.749044809037574       0.56466935866173384
  0.77901406653921623        35.370973878632213       0.22504217237091301
  0.98337205506433478        37.126780302268834        2.0344856877872783
  0.65712987961870017        34.772371680784147       0.90001106149315713
  0.71900235839009241        36.568551308094221       0.17470980912130082
  0.84324211493032220        26.816908984843515       0.35219248837927458
  0.59210386103229118        39.159679376004959        1.0451411200711915
  0.58943078043842934        50.000000000000000       0.29141519713863090
  0.54856598111433919        47.470988642841185       0.71638752132532668
  0.75476074721620945        46.086040329022630        1.1779431914849450
  0.89198123965339626        20.496945279971808       0.86597420298087413
  0.77901406653921623        23.026049413827330        1.3186966118675703
  0.85193608338611881        37.126780302268834        1.0152072013004909
  0.77801459961840902        35.095425327718878       0.18635008175467668
  0.87066898727072195        36.568551308094221        1.1002082304993275
  0.71405362111842552        27.657763475325670        1.2355884943935114
  0.59210386103229118        39.159679376004959        1.0451411200711915
  0.58943078043842934        50.000000000000000       0.29141519713863090
  0.72892137434491822        39.629050891299983       0.28753968573820438
  0.91808813989067972        24.832951461431968       0.25971239733636725
  0.99791100706697589        20.496945279971808       0.41144714007757499
  0.89862253317834262        24.369142596025860       0.33209105737075517
  0.76839546984767848        43.346134103701928        1.0102494033812788
  0.77801459961840902        35.095425327718878       0.18635008175467668
  0.60827950490136329        36.568551308094221        1.1549509474227371
  0.70031072583690612        36.439090621724588       0.34270484195526868
  0.59210386103229118        36.521189215990773        1.3114085027798144
  0.58943078043842934        50.000000000000000       0.29141519713863090
  0.85987749596321095        39.629050891299983        1.3623653696025770
  0.75476074721620945        34.938766563537811        6.3747727738648924E-002
  0.99791100706697589        20.496945279971808       0.41144714007757499
  0.45081165676506252        35.370973878632213        2.8366530624168527
  0.84845919092296751        37.126780302268834       0.98734652421142932
  0.75506432954463243        35.120878669960369        5.6549717994765554E-002
  0.73840501384849788        36.568551308094221        7.4725853973161963E-002
  0.58392243388596654        36.439090621724588        1.3972296085800620
  0.57243022185232129        39.159679376004959        1.2336934895233933
  0.58943078043842934        50.000000000000000       0.29141519713863090
  0.72892137434491822        47.287150852418897        1.0747072783080134
  0.75476074721620945        38.094435783735506       0.33098075339308086
  0.99791100706697589        29.310710090048019        1.1913665114383039
  0.77901406653921623        35.370973878632213       0.22504217237091301
  0.75239606991577102        35.306616780386278        5.8670107025467648E-002
  0.75506432954463243        35.120878669960369        5.6549717994765554E-002
  0.84951107824295702        36.568551308094221       0.93180830235403123
  0.85159051547753295        36.439090621724588       0.93355130310361656
  0.68634655832654456        39.159679376004959       0.20495490954613435
  0.58943078043842934        50.000000000000000       0.29141519713863090
  0.72686224526655174        39.629050891299983       0.27152318099194589
  0.75476074721620945        34.938766563537811        6.3747727738648924E-002
   1.0236097272915474        20.496945279971808       0.44867182821349177
  0.77901406653921623        47.312162802719875        1.5122438180700273
  0.55902595437908198        35.306616780386278        1.7519969949896268
  0.75506432954463243        35.120878669960369        5.6549717994765554E-002
  0.72341998098441862        38.121036099825680       0.11132834058137525
  0.71405362111842552        33.318937265085239       0.56462456825958141
  0.67589162966996785        40.825308227432231       0.17164770978929456
  0.58943078043842934        50.000000000000000       0.29141519713863090
  0.72686224526655174        40.646754235374246       0.37669857156739683
  0.75476074721620945        23.370701140612798        1.4595564442211881
  0.71798277345276684        20.496945279971808        2.1385252644139463
  0.77901406653921623        36.091343454456904       0.30597549813556951
  0.75239606991577102        31.710822959214134       0.43038997668596202
  0.75506432954463243        37.569278336524981       0.27609237651968427
  0.73744136157086093        36.568551308094221        7.4209715173563021E-002
  0.55021259578615589        47.159919280643066       0.72568187535869189
  0.67589162966996785        25.038278283048662        1.8796657682477660
  0.58943078043842934        50.000000000000000       0.29141519713863090
  0.72686224526655174        39.629050891299983       0.27152318099194589
  0.81835626963596797        34.938766563537811       0.49400177816535223
  0.96715480777259510        20.496945279971808       0.46567127433275357
  0.82787930896576400        35.370973878632213       0.62045104070960211
  0.75239606991577102        35.306616780386278        5.8670107025467648E-002
  0.62280035612240836        35.120878669960369        1.1729076038812150
  0.73744136157086093        31.883336673930273       0.53330053875749917
  0.78138623126796247        36.439090621724588       0.36445987599699919
  0.67589162966996785        40.825308227432231       0.17164770978929456
  0.89532228077744624        28.382719459856318       0.34267044350164638
  0.72686224526655174        36.068911772258438       0.15985797731521648
  0.71321802251956046        38.452445611920368       0.10596098862230230
  0.90417623058547558        20.496945279971808       0.78838390990258511
  0.77901406653921623        35.370973878632213       0.22504217237091301
  0.77336964763523786        35.306616780386278       0.17299033673455011
  0.75506432954463243        27.781125251906154       0.88703292740567452
  0.73744136157086093        36.568551308094221        7.4209715173563021E-002
  0.74009017784551900        36.439090621724588        7.2767694967157556E-002
  0.67589162966996785        40.825308227432231       0.17164770978929456
  0.60341237924323987        50.000000000000000       0.31353531434871817
  0.93394120855285467        23.939429465001481       0.28858842576974514
  0.75476074721620945        34.938766563537811        6.3747727738648924E-002
  0.99791100706697589        27.429389316355483       0.95880550133165110
  0.77901406653921623        35.370973878632213       0.22504217237091301
  0.75572631175678151        35.306616780386278        5.9357729293991635E-002
  0.75506432954463243        34.216762502983869       0.12386731250951762
  0.67627218177585025        43.251170428863190       0.24912025858905942
  0.74009017784551900        36.439090621724588        7.2767694967157556E-002
  0.67589162966996785        38.794277345286744       0.31980373348266289
  0.58943078043842934        46.627256293271529       0.41337025157790724
  0.70155456402121408        36.727377513459167       0.30266912691983361
  0.77611791714523737        34.938766563537811       0.15420687680819964
   1.0089004220309667        20.496945279971808       0.41847782500177810
  0.77901406653921623        35.370973878632213       0.22504217237091301
  0.73884941959797212        35.306616780386278       0.13961229503418626
  0.75530719540737079        35.120878669960369        5.6189630114501017E-002
  0.73744136157086093        36.568551308094221        7.4209715173563021E-002
   1.0699706094904786        12.564076199387472        1.0507989115331431
  0.67589162966996785        40.825308227432231       0.17164770978929456
  0.58943078043842934        47.823933360770432       0.34230279114981277
  0.72686224526655174        35.093338673765714       0.25929723709126345
  0.75476074721620945        34.938766563537811        6.3747727738648924E-002
  0.99791100706697589        20.496945279971808       0.41144714007757499
  0.77901406653921623        35.370973878632213       0.22504217237091301
  0.93006194554928479        35.306616780386278        1.4151688562861762
  0.75530719540737079        35.120878669960369        5.6189630114501017E-002
  0.87148911072830559        24.556137543063066       0.45400103334420205
  0.74009017784551900        36.439090621724588        7.2767694967157556E-002
  0.70463344895617275        39.636916767325310       0.13462977640104951
  0.69593997037197697        42.532306082417520       0.32152209912437724
  0.72686224526655174        34.267244195566896       0.34945829870134393
  0.75476074721620945        34.938766563537811        6.3747727738648924E-002
  0.99791100706697589        20.496945279971808       0.41144714007757499
  0.74878186130789859        35.370973878632213        6.8201507796155525E-002
  0.75239606991577102        24.064209709222062        1.3859648570751062
  0.62260606343221758        35.120878669960369        1.1746873615861642
  0.74915213141977433        35.659745772991492        6.1352798149158783E-002
  0.74009017784551900        36.439090621724588        7.2767694967157556E-002
  0.90636126084813318        39.636916767325310        1.7329477263230237
  0.58943078043842934        50.000000000000000       0.29141519713863090
  0.74257197811120801        35.705586468297014        8.0353944302803904E-002
  0.76679059997852517        33.836286383606271        7.7590164315911120E-002
  0.99791100706697589        29.254761253096149        1.1844246446571849
  0.79049552019536162        35.370973878632213       0.31782662830945552
  0.71834415640312554        35.306616780386278       0.30815370640300210
  0.77313910432994881        35.120878669960369       0.15089155151491113
  0.86240206112348938        35.659745772991492       0.92953705360165773
  0.62077958696168767        47.434541251481591       0.25848348908067276
  0.53253772292244761        49.111402495904372       0.74186806450034204
  0.93248753288925501        50.000000000000000        3.0669641077758167
  0.76092926782186676        35.705586468297014       0.12100444164554189
  0.88751404593592653        34.938766563537811        1.0429185082055086
  0.77082304101574495        34.498146685768738        7.1940260986704863E-002
  0.62192393844407845        35.370973878632213        1.1543566607481734
  0.75239606991577102        34.857791586138127        8.2542509021978377E-002
  0.75530719540737079        35.120878669960369        5.6189630114501017E-002
  0.79027872253018494        35.659745772991492       0.34883117933970587
  0.74009017784551900        36.439090621724588        7.2767694967157556E-002
  0.70463344895617275        39.636916767325310       0.13462977640104951
  0.68003692531383630        42.103402931376053       0.18760609255724961
  0.74257197811120801        35.705586468297014        8.0353944302803904E-002
  0.76749481482864645        34.938766563537811        9.0501288808136848E-002
  0.63132523235720561        34.498146685768738        1.1619364181884586
  0.74878186130789859        35.370973878632213        6.8201507796155525E-002
  0.75239606991577102        35.306616780386278        5.8670107025467648E-002
  0.75530719540737079        35.120878669960369        5.6189630114501017E-002
  0.74915213141977433        35.659745772991492        6.1352798149158783E-002
  0.74009017784551900        36.439090621724588        7.2767694967157556E-002
  0.85694995056058343        25.545297786740406       0.42101529086570944
  0.68003692531383630        36.875890115966008       0.47326340565393055
  0.74707148995087247        35.705586468297014        6.3277163382763735E-002
  0.75038387055751110        34.938766563537811        8.9038759963551609E-002
  0.77082304101574495        34.498146685768738        7.1940260986704863E-002
  0.74378811066735273        35.370973878632213        9.7342805209615413E-002
  0.75239606991577102        35.306616780386278        5.8670107025467648E-002
  0.75530719540737079        37.094067601200962       0.22627902128101823
  0.71318883679108014        38.871979998291721       0.12004737674989313
  0.73898990134874476        35.957311455193363        8.4527170904797055E-002
  0.70463344895617275        35.350394258556207       0.42051953141096138
  0.68003692531383630        42.103402931376053       0.18760609255724961
  0.74707148995087247        30.175019373248094       0.65724931635149764
             0.75938280042931627        34.938766563537811        5.4139299949365199E-002
  0.73861990958185453        37.210436501992604       0.11714686595993576
  0.69250854660480343        35.370973878632213       0.52324757710449765
  0.75239606991577102        35.691769291463707        6.8872365097919414E-002
  0.74972214572308804        35.120878669960369        7.8811986414238283E-002
  0.74915213141977433        35.659745772991492        6.1352798149158783E-002
  0.74907428018082933        36.439090621724588       0.11186366258298300
  0.70463344895617275        39.636916767325310       0.13462977640104951
  0.69656813146547392        42.103402931376053       0.28593213297500814
  0.74383478336980946        35.853328205228799        6.8215082158817358E-002
  0.76430685161939349        34.938766563537811        7.0911309154607055E-002
  0.77082304101574495        34.498146685768738        7.1940260986704863E-002
  0.73180644820922014        35.370973878632213       0.18926943100737081
  0.75239606991577102        35.306616780386278        5.8670107025467648E-002
  0.75638225511346546        35.317094763124487        6.1547114469695366E-002
  0.74126248730752098        35.659745772991492        9.1171124188472938E-002
  0.74009017784551900        36.439090621724588        7.2767694967157556E-002
  0.69541877061674995        39.636916767325310       0.13172597419922602
  0.68003692531383630        42.103402931376053       0.18760609255724961
  0.71230872529824529        38.203158515748299       0.10886694968594492
  0.75938280042931627        35.525569886279868        9.2626946114069741E-002
  0.76565795549920490        34.852194668661539        7.1412671758435936E-002
  0.74729195714037433        35.485357934697944        6.9197330960162340E-002
  0.75787307593976416        35.306616780386278        6.6396412112599404E-002
  0.75530719540737079        35.683249034278703        8.2031643477019800E-002
  0.75844257444210839        35.256919048416684        6.5554682871199171E-002
  0.72398412121134803        37.018611365637732       0.10473078724460204
  0.69541877061674995        33.180883365462911       0.74001960666684741
  0.67901319515349923        41.496041200861143       0.15922571739283092
  0.75387868105596245        35.531062652495159        6.4834721998188377E-002
  0.76633614719921994        34.938766563537811        8.2932852694744735E-002
  0.74188504703896241        34.852194668661539       0.16144530338325566
  0.75940841125016723        35.370973878632213        7.9011192740508190E-002
  0.75239606991577102        34.817794882403597        8.5857517677100842E-002
  0.75530719540737079        35.120878669960369        5.6189630114501017E-002
