   9.1455328072604871        34.938766556086925        57.576667745790203     
   7.2076900219857079        34.938766556086925        48.503129509991410     
   5.3840056461032590        34.938766556086925        38.667027450813137     
   7.1141314671077662        34.938766556086925        48.032849738968864     
   8.8862842039426653        34.938766556086925        56.429935236870143     
   9.4201496430902072        34.938766556086925        58.771130300814768     
   1.7746660841305872        34.938766556086925        12.281821515354437     
   9.3626482191269460        34.938766556086925        58.522710947052246     
   4.9536828233763552        34.938766556086925        36.106424931789078     
   2.3859600448856755        34.938766556086925        17.844000681604303     
   9.1455328072604871        34.938766556086925        57.576667745790203     
   7.2076900219857079        34.938766556086925        48.503129509991410     
   5.3840056461032590        34.938766556086925        38.667027450813137     
   0.0000000000000000        34.938766556086925                            NaN
   8.8862842039426653        34.938766556086925        56.429935236870143     
   2.7887138987541604        34.938766556086925        21.164155192288788     
   1.7746660841305872        34.938766556086925        12.281821515354437     
   9.3626482191269460        34.938766556086925        58.522710947052246     
   4.9536828233763552        34.938766556086925        36.106424931789078     
   2.3859600448856755        34.938766556086925        17.844000681604303     
   3.7030729440792811        34.938766556086925        27.972705640483944     
   7.2076900219857079        34.938766556086925        48.503129509991410     
   5.3840056461032590        34.938766556086925        38.667027450813137     
   7.1141314671077662        34.938766556086925        48.032849738968864     
   9.6566913729061454        34.938766556086925        59.783863495910182     
   2.7887138987541604        34.938766556086925        21.164155192288788     
   1.7746660841305872        34.938766556086925        12.281821515354437     
   9.3626482191269460        34.938766556086925        58.522710947052246     
   4.9536828233763552        34.938766556086925        36.106424931789078     
   2.3859600448856755        34.938766556086925        17.844000681604303     
   7.4011745868933909        34.938766556086925        49.465359610617604     
   7.2076900219857079        34.938766556086925        48.503129509991410     
   0.0000000000000000        34.938766556086925                            NaN
   0.0000000000000000        34.938766556086925                            NaN
   0.0000000000000000        34.938766556086925                            NaN
   2.7887138987541604        34.938766556086925        21.164155192288788     
   1.7746660841305872        34.938766556086925        12.281821515354437     
   0.0000000000000000        34.938766556086925                            NaN
   0.0000000000000000        34.938766556086925                            NaN
   6.6670371447556933        34.938766556086925        45.738474191992019     
   3.7030729440792811        34.938766556086925        27.972705640483944     
   7.0766101040329330        34.938766556086925        47.843312517054528     
   5.3840056461032590        34.938766556086925        38.667027450813137     
   7.1141314671077662        34.938766556086925        48.032849738968864     
   5.8945178130464155        34.938766556086925        41.574698761863210     
   4.5029242060566599        34.938766556086925        33.303428176398029     
   0.0000000000000000        34.938766556086925                            NaN
   9.3626482191269460        34.938766556086925        58.522710947052246     
   8.1487881096186126        34.938766556086925        53.059853602172183     
   4.1381648944779359        34.938766556086925        30.933819647092854     
   3.7030729440792811        34.938766556086925        27.972705640483944     
   4.3340019739890501        34.938766556086925        32.218011433789833     
   6.1307420810066988        34.938766556086925        42.876511631648995     
   7.1141314671077662        34.938766556086925        48.032849738968864     
   1.0257783265109643        34.938766556086925        4.1356667688071447     
   0.0000000000000000        34.938766556086925                            NaN
   3.5066412238283431        34.938766556086925        26.582290639961343     
   9.3626482191269460        34.938766556086925        58.522710947052246     
   4.1455494957827677        34.938766556086925        30.982765622656082     
   2.3859600448856755        34.938766556086925        17.844000681604303     
   1.2020496945780077        34.938766556086925        6.2386091909937029     
   5.1576638068726730        34.938766556086925        37.333456301673998     
   5.3840056461032590        34.938766556086925        38.667027450813137     
   8.4811535585720002        34.938766556086925        54.599057945078016     
   1.0257783265109643        34.938766556086925        4.1356667688071447     
   2.7887138987541604        34.938766556086925        21.164155192288788     
   1.7746660841305872        34.938766556086925        12.281821515354437     
   10.000000000000000        34.938766556086925        61.228161066540736     
   5.5137427171562132        34.938766556086925        39.418748373060168     
   0.0000000000000000        34.938766556086925                            NaN
   1.2020496945780077        34.938766556086925        6.2386091909937029     
   2.9817120917291517        34.938766556086925        22.677947159733169     
   5.3840056461032590        34.938766556086925        38.667027450813137     
   0.0000000000000000        34.938766556086925                            NaN
   4.2086923849299147        34.938766556086925        31.399592320865441     
   2.7887138987541604        34.938766556086925        21.164155192288788     
   9.2325877771555875E-002   34.938766556086925        12.909994964932292     
   2.8744107215373487        34.938766556086925        21.842014824099120     
   4.1455494957827677        34.938766556086925        30.982765622656082     
   2.3859600448856755        34.938766556086925        17.844000681604303     
   1.2020496945780077        34.938766556086925        6.2386091909937029     
   0.0000000000000000        34.938766556086925                            NaN
   9.1411533149700066        34.938766556086925        57.557452122682790     
   7.1141314671077662        34.938766556086925        48.032849738968864     
   1.0257783265109643        34.938766556086925        4.1356667688071447     
   4.7861196081914485        34.938766556086925        35.079651446504940     
  0.75339231331135581        34.938766556086925       0.56281261035247465     
   4.7603479816966532        34.938766556086925        34.920172478895914     
   4.1455494957827677        34.938766556086925        30.982765622656082     
   2.3859600448856755        34.938766556086925        17.844000681604303     
  0.95694876758573277        34.938766556086925        3.2725886613433000     
   2.3451243706493750        34.938766556086925        17.493799609983689     
  0.27994360018918174        34.938766556086925        7.6046062247526738     
   7.2311265979408041        34.938766556086925        48.620419992207722     
   1.0257783265109643        34.938766556086925        4.1356667688071447     
   2.7887138987541604        34.938766556086925        21.164155192288788     
  0.75339231331135581        34.938766556086925       0.56281261035247465     
   2.8744107215373487        34.938766556086925        21.842014824099120     
   4.1455494957827677        34.938766556086925        30.982765622656082     
   2.3859600448856755        34.938766556086925        17.844000681604303     
   2.3415781606706449        34.938766556086925        17.463259998529406     
   1.4955262698215757        34.938766556086925        9.4629051884415887     
  0.27994360018918174        34.938766556086925        7.6046062247526738     
   3.5016851064984156        34.938766556086925        26.546745180756577     
   0.0000000000000000        34.938766556086925                            NaN
  0.57331163873405622        34.938766556086925        2.1686805030559153     
  0.75339231331135581        34.938766556086925       0.56281261035247465     
   0.0000000000000000        34.938766556086925                            NaN
   4.1455494957827677        34.938766556086925        30.982765622656082     
   2.3859600448856755        34.938766556086925        17.844000681604303     
  0.95694876758573277        34.938766556086925        3.2725886613433000     
   1.4955262698215757        34.938766556086925        9.4629051884415887     
   1.9989725999602974        34.938766556086925        14.408534097652820     
   3.5016851064984156        34.938766556086925        26.546745180756577     
   1.0257783265109643        34.938766556086925        4.1356667688071447     
  0.57331163873405622        34.938766556086925        2.1686805030559153     
   2.7891813844415019        34.938766556086925        21.167878406851916     
   1.8325559305387737        34.938766556086925        12.841474389066960     
   1.6251586265325266        34.938766556086925        10.798245567679951     
   2.4311573439872980        34.938766556086925        18.228502340896210     
  0.95694876758573277        34.938766556086925        3.2725886613433000     
   1.4955262698215757        34.938766556086925        9.4629051884415887     
  0.27994360018918174        34.938766556086925        7.6046062247526738     
   3.5016851064984156        34.938766556086925        26.546745180756577     
   0.0000000000000000        34.938766556086925                            NaN
  0.57331163873405622        34.938766556086925        2.1686805030559153     
  0.75339231331135581        34.938766556086925       0.56281261035247465     
   1.8325559305387737        34.938766556086925        12.841474389066960     
   1.2284616357069034        34.938766556086925        6.5418507554211498     
   2.3859600448856755        34.938766556086925        17.844000681604303     
  0.95694876758573277        34.938766556086925        3.2725886613433000     
   1.3219916796384215        34.938766556086925        7.5936153436924512     
  0.27994360018918174        34.938766556086925        7.6046062247526738     
  0.56383492877957320        34.938766556086925        2.3202967185709626     
   0.0000000000000000        34.938766556086925                            NaN
   1.1906024987687933        34.938766556086925        6.1062848621064338     
   2.7341177373013168        34.938766556086925        20.727371501675993     
   1.7672177500742325        34.938766556086925        12.209237300062062     
   1.2284616357069034        34.938766556086925        6.5418507554211498     
   2.3859600448856755        34.938766556086925        17.844000681604303     
  0.95694876758573277        34.938766556086925        3.2725886613433000     
   1.3219916796384215        34.938766556086925        7.5936153436924512     
  0.27994360018918174        34.938766556086925        7.6046062247526738     
  0.56383492877957320        34.938766556086925        2.3202967185709626     
   1.0257783265109643        34.938766556086925        4.1356667688071447     
  0.76088092444426392        34.938766556086925       0.66485496649463693     
  0.39721145696270693        34.938766556086925        5.2109659092823346     
   1.7672177500742325        34.938766556086925        12.209237300062062     
   1.2284616357069034        34.938766556086925        6.5418507554211498     
   1.6983140592854753        34.938766556086925        11.531306273199244     
  0.95694876758573277        34.938766556086925        3.2725886613433000     
   1.3151226871608241        34.938766556086925        7.5174949307391286     
   5.5526778027862433E-002   34.938766556086925        14.563058273874741     
   0.0000000000000000        34.938766556086925                            NaN
  0.19507793168530208        34.938766556086925        9.6586334975603503     
  0.76088092444426392        34.938766556086925       0.66485496649463693     
