   4.4048204587415363        31.650951685872929        4.2837107696308184E-002
   5.3655474141711945        34.172271748427733        5.1317271017286357E-002
   6.4358647854766318        4.0517847521303443        5.4298700847087641E-002
   4.1309065928417112        46.806009385639065        5.2063792837096813E-002
   4.4305628657657703        47.080309947935049        5.4538247687599850E-002
   9.1428049382761376        49.061914504402267        7.2122422807467862E-002
   4.0428028483530589        4.1890308535180552        3.4214453806539355E-002
   8.5223481431364529        21.573998207529300        5.6353468857722147E-002
   6.0341288442929137        1.0819823379068449        5.9827569039656178E-002
  0.64034675482689263        47.688302905943388        9.5830546563136318E-002
   3.8680330091095043        50.000000000000000        5.2175411647190750E-002
   6.6413764524930761        0.0000000000000000                            NaN
   6.4358647854766318        2.4672298807309296        5.8133611147339510E-002
   4.1309065928417112        50.000000000000000        5.4379280856368679E-002
   4.4305628657657703        47.080309947935049        5.4538247687599850E-002
   9.1428049382761376        49.061914504402267        7.2122422807467862E-002
   2.1988362942451225        38.392410560325033        1.4663784027829467E-002
   8.5223481431364529        21.573998207529300        5.6353468857722147E-002
   9.3175770946462393        1.0819823379068449        7.3362617360263463E-002
  0.64034675482689263        45.440266679741327       0.10050042376370961
   4.4048204587415363        31.650951685872929        4.2837107696308184E-002
   5.3655474141711945        25.126330253517935        4.5271245431227958E-002
   6.9356322532765002        21.421855313592658        5.1114389141416687E-002
   4.1309065928417112        50.000000000000000        5.4379280856368679E-002
   3.2570392607882379        47.080309947935049        4.3374166597498431E-002
   10.000000000000000        50.000000000000000        7.3936659733074298E-002
  0.57400083285704606        38.392410560325033       0.13355242987119870
   6.9250351343892618        21.573998207529300        5.1140453409968527E-002
   6.3929889600542058        0.0000000000000000                            NaN
  0.64034675482689263        47.688302905943388        9.5830546563136318E-002
   5.8836005291579703        31.650951685872929        5.2339416101206036E-002
   4.3149627006312237        42.733459046138975        5.0518202863130260E-002
   7.6101692105263279        16.539092503522994        5.2012608586102550E-002
   4.1309065928417112        46.806009385639065        5.2063792837096813E-002
   0.0000000000000000        38.372216761131732                            NaN
   10.000000000000000        49.948970865943032        7.3910584404793978E-002
   0.0000000000000000        50.000000000000000                            NaN
   9.7740753170663055        1.3811481824985030        7.3644033248909516E-002
   3.0235860365066225        1.0819823379068449        2.5286805692898925E-002
  0.64034675482689263        50.000000000000000        9.1174799734719800E-002
   4.4048204587415363        36.092671030243388        4.6223302688653524E-002
   5.3655474141711945        25.126330253517935        4.5271245431227958E-002
   4.6502457372603718        21.421855313592658        3.7769812563395060E-002
   5.9510593470703714        24.653911564007846        4.8315160736761745E-002
   1.9200290229936936        20.720216474591748        1.8329635412124519E-002
   9.1428049382761376        50.000000000000000        7.2616277363970305E-002
   2.1988362942451225        38.392410560325033        1.4663784027829467E-002
   5.1201822210427661        21.573998207529300        4.1522270477052460E-002
   3.0235860365066225        1.0819823379068449        2.5286805692898925E-002
   3.0754168219210953        50.000000000000000        4.3373448692013782E-002
   4.4048204587415363        31.650951685872929        4.2837107696308184E-002
   0.0000000000000000        25.126330253517935                            NaN
   4.6502457372603718        21.421855313592658        3.7769812563395060E-002
   3.9089779937609315        24.653911564007846        3.2609130547659175E-002
   4.5564809832886937        45.511089460688318        5.4300980780280034E-002
   9.1428049382761376        49.061914504402267        7.2122422807467862E-002
   2.2403009225767008        50.000000000000000        2.7853142932570768E-002
   5.4869169408959504        21.573998207529300        4.3965366360675426E-002
   4.7390241888394655        1.0819823379068449        4.9698049173973718E-002
  0.94071814958966815        27.306670682075882        8.4933021170809364E-002
   3.9410732612811654        31.650951685872929        3.8465661965070320E-002
   0.0000000000000000        25.126330253517935                            NaN
   4.2081227640031527        22.962914384500710        3.4629766720726055E-002
   3.9089779937609315        24.653911564007846        3.2609130547659175E-002
   0.0000000000000000        20.720216474591748                            NaN
   9.1428049382761376        50.000000000000000        7.2616277363970305E-002
   2.7711257040861064        38.392410560325033        2.8035336096654682E-002
   5.1201822210427661        17.721608607517243        3.9657134118133749E-002
   1.6459703700789796        1.0819823379068449        3.8642455969184981E-002
   3.0754168219210953        41.989719654431639        3.6497113522667157E-002
   3.9410732612811654        31.650951685872929        3.8465661965070320E-002
   2.6685554607280491        9.3403593936946763        1.0545044543295580E-002
   4.2081227640031527        20.024533402376079        3.2771081813427944E-002
   6.2207137634607541        31.751150549394119        5.3958161104914873E-002
   1.9200290229936936        11.386651747497067        2.8416211460664378E-002
   5.7460429631288736        49.061914504402267        6.3043547644841713E-002
   2.1988362942451225        44.050166440301538        2.0732662904178169E-002
   5.7286737201154239        17.721608607517243        4.3707111925297332E-002
   1.1733184800017842        30.198101045381605        5.1927309001897397E-002
   2.1876845106930252        41.989719654431639        1.8237022086758852E-002
   5.2692353054320185        50.000000000000000        6.1467301715568259E-002
   2.6685554607280491        17.611373768541647        8.6443697763238635E-003
   1.5888210515068804        20.024533402376079        3.6495339919149883E-002
   3.9089779937609315        24.653911564007846        3.2609130547659175E-002
   3.0797042481855539        0.0000000000000000                            NaN
   5.7460429631288736        33.678831593569313        5.3000676515684852E-002
   2.1988362942451225        38.392410560325033        1.4663784027829467E-002
   3.8676515932032736        0.0000000000000000                            NaN
   3.0235860365066225        20.734786354507964        1.6725291603438181E-002
   2.1876845106930252        18.343723699058536        1.1448008990599950E-002
   4.5684892822365377        39.208064963704118        4.9815068480928822E-002
   1.7209260787308249        17.611373768541647        3.2055122829209748E-002
   5.9096585196045881        19.265884079869192        4.5350013297490027E-002
   1.2449696650261357        26.462983141928124        5.1893641828706205E-002
   1.4820297496973414        20.720216474591748        4.2547540470885846E-002
   5.7460429631288736        39.553113061296443        5.6913291101237287E-002
   3.6062887791422371        25.661193112906350        2.9671427867579269E-002
   5.1201822210427661        34.337205839129311        4.9983653064766605E-002
   3.3785488761478151        19.887319641229066        2.2126494500390170E-002
  0.82524660082414170        7.6366067767107104       0.14343014045926480
   6.0820655006032958        31.650951685872929        5.3275085604542430E-002
   2.6685554607280491        17.611373768541647        8.6443697763238635E-003
   4.2081227640031527        24.700835689442282        3.5840154523101998E-002
   3.5041995055909583        32.869849176935070        3.4405811246509911E-002
   1.9200290229936936        36.865998877078866        4.1555154798204519E-003
   3.0938619692738407        33.678831593569313        2.9205442501254064E-002
   0.0000000000000000        38.392410560325033                            NaN
   6.5728817418989145        17.721608607517243        4.8138007975439212E-002
   1.9765407253120928        20.734786354507964        1.5991994132913957E-002
   3.7057585211533852        19.853178538595667        2.6774178797852471E-002
   3.9410732612811654        31.650951685872929        3.8465661965070320E-002
   2.6685554607280491        27.985488835981233        1.5715748616373926E-002
   2.5954412349730132        20.024533402376079        8.1802875567003556E-003
   3.0533456665845993        35.662751798552627        3.0389229324508518E-002
   2.0978654781401174        36.865998877078866        9.9461924106847774E-003
   3.0938619692738407        33.678831593569313        2.9205442501254064E-002
   2.4599928161313458        37.130173568248317        2.0165625841018615E-002
   5.1201822210427661        29.908041020126397        4.6875464460402715E-002
   1.9967096026382813        14.977599203122484        2.1831559845849009E-002
   1.3913166236859760        28.173296668629355        3.7093571771173485E-002
   3.9410732612811654        31.650951685872929        3.8465661965070320E-002
   6.3059949595808629E-002   17.611373768541647       0.71167095815069781
   1.6822517574233324        20.024533402376079        3.0948850920790884E-002
   3.0533456665845993        37.566859412040309        3.2149733010628838E-002
   1.9200290229936936        36.865998877078866        4.1555154798204519E-003
   2.5511431551926043        33.678831593569313        1.8739430904524748E-002
   2.8421207147064700        49.140404957585261        3.9159580240201879E-002
   1.9383754603630954        17.721608607517243        2.1257591176235810E-002
   1.6150378163645962        48.051347779117869        4.5181406712384185E-003
   1.8093359341862567        18.343723699058536        2.6476544530240120E-002
   5.3809283794248568        43.213228680217121        5.7574068077509706E-002
   2.6685554607280491        17.611373768541647        8.6443697763238635E-003
   2.2972082342645397        20.024533402376079        7.2615478930675636E-003
   2.5776361386743933        35.662751798552627        2.1362914350856955E-002
   1.9200290229936936        36.865998877078866        4.1555154798204519E-003
   2.8667840917459855        33.678831593569313        2.5268937401184095E-002
  0.55961084907410208        42.441867432645722       0.12797274395949446
   2.3126774541652413        2.6341994155588679        1.4532086258099194E-002
   1.6150378163645962        35.655077870402678        1.1979171856481185E-002
   2.4923953970182571        18.343723699058536        6.9186769443022079E-003
   1.6832837148354645        31.650951685872929        1.4179062403412631E-002
   2.6685554607280491        36.625917938905772        2.4276961355889966E-002
   2.2972082342645397        20.024533402376079        7.2615478930675636E-003
   3.3405578598417716        35.662751798552627        3.4672260656251931E-002
   1.9200290229936936        49.134085192687486        1.7695931612896836E-002
   2.0454702964851621        33.678831593569313        5.0155963764811542E-003
   2.6718642056951434        38.392410560325033        2.6094606331501336E-002
   2.0690706618157440        16.038972601993883        1.7872007855634888E-002
   1.6213960127771376        48.051347779117869        4.8047987332064494E-003
   2.4923953970182571        18.343723699058536        6.9186769443022079E-003
   2.3099452999992933        0.0000000000000000                            NaN
   2.1074727899252692        17.611373768541647        1.4801154111393116E-002
   1.8304554815471747        20.024533402376079        2.3267718985624408E-002
   2.3190326523975364        35.662751798552627        1.5056440530765051E-002
   1.9200290229936936        36.865998877078866        4.1555154798204519E-003
   2.2321944491840329        33.678831593569313        1.0526427087610467E-002
   1.5192861795823553        38.392410560325033        1.3269313413965811E-002
   2.3126774541652413        2.6341994155588679        1.4532086258099194E-002
   1.2122087537517519        50.000000000000000        1.7016851734250851E-002
   2.4923953970182571        18.343723699058536        6.9186769443022079E-003
   1.6832837148354645        48.812051347365653        8.4024366354659499E-003
   1.1582419453833572        50.000000000000000        2.1277790298547577E-002
   2.2972082342645397        20.024533402376079        7.2615478930675636E-003
   2.4616887914021737        35.662751798552627        1.8681813385384809E-002
   1.9200290229936936        24.298379450279128        1.3680462731912195E-002
   2.3545551753331733        32.750128886020867        1.2917902548408841E-002
   1.5192861795823553        26.385448617108135        3.1219238476716166E-002
   1.6419384431274591        2.6341994155588679        4.2156529833694591E-002
   1.3784149615034558        34.867358624459264        2.7310811945402216E-002
   2.4923953970182571        18.343723699058536        6.9186769443022079E-003
   1.6832837148354645        48.812051347365653        8.4024366354659499E-003
   2.6685554607280491        17.611373768541647        8.6443697763238635E-003
   2.2846288710120199        7.2265226874443478        1.6296842393097144E-002
   1.9908906081534077        49.215532799649594        2.0077101764361231E-002
   1.3212078728062093        36.865998877078866        2.8283895114086403E-002
   1.7806681657416168        33.678831593569313        6.9964436653556410E-003
   1.5192861795823553        38.392410560325033        1.3269313413965811E-002
   2.6198698491404873        7.9098037745613681        1.1221943477109657E-002
   1.6150378163645962        46.090179066433357        2.2993045399694093E-003
   2.4923953970182571        46.493580995900132        3.0266808308674974E-002
   1.6832837148354645        23.152554463800392        2.6432648302673379E-002
   1.0035085009488218        17.611373768541647        9.5926471272453351E-002
   2.2972082342645397        20.024533402376079        7.2615478930675636E-003
   2.3190326523975364        35.662751798552627        1.5056440530765051E-002
   1.7019915815446254        50.000000000000000        1.0548416415877299E-002
   2.0454702964851621        46.890024380013777        1.9302238868333703E-002
   1.0519150139295097        38.392410560325033        4.9703794053636362E-002
   1.6101967994860455        7.9098037745613681        4.7813572063917037E-002
   2.1135059477589060        33.236212806411224        6.5871481347841467E-003
   2.4923953970182571        50.000000000000000        3.3561655333163125E-002
   1.6832837148354645        48.812051347365653        8.4024366354659499E-003
   2.6685554607280491        50.000000000000000        3.6950278032027016E-002
   2.2972082342645397        50.000000000000000        2.9243425545832903E-002
   2.3190326523975364        50.000000000000000        2.9759794457080230E-002
   2.3550117623061428        22.741081622987473        5.6278784459782840E-003
   1.4499411576465238        33.678831593569313        2.4363578606966193E-002
   1.5192861795823553        43.198339401263432        6.6947142288518663E-003
  0.93665752374741795        50.000000000000000        4.3150218729751735E-002
   1.9342407198876705        46.090179066433357        1.4856709906861682E-002
   2.2157435137073898        18.343723699058536        1.0654186605821361E-002
   1.6832837148354645        48.731994908860131        8.3098332475546061E-003
   2.0243199297261354        17.611373768541647        1.7858413493714028E-002
   2.8397582252845552        0.0000000000000000                            NaN
   2.3190326523975364        49.586212571107737        2.9361980664219960E-002
   1.9200290229936936        50.000000000000000        1.8622678115201186E-002
   2.8000020882181174        17.963612344972965        1.0941568452750912E-002
   1.4247672555020987        39.815132507747819        1.6835639401440079E-002
   2.6198698491404873        46.910032701441096        3.3236413435943371E-002
   1.7711875465675702        44.745531303779323        7.3113579974216436E-003
   2.4923953970182571        18.343723699058536        6.9186769443022079E-003
   1.6832837148354645        48.731994908860131        8.3098332475546061E-003
   1.6608396287547722        41.251591999216792        2.5326630268783920E-003
   2.2972082342645397        20.024533402376079        7.2615478930675636E-003
   2.3190326523975364        50.000000000000000        2.9759794457080230E-002
   1.9200290229936936        36.865998877078866        4.1555154798204519E-003
   2.0454702964851621        33.678831593569313        5.0155963764811542E-003
   1.5192861795823553        36.742503040116894        1.5619433508791421E-002
   2.6198698491404873        7.9098037745613681        1.1221943477109657E-002
   1.6150378163645962        43.976726392491940        1.4549065628953529E-003
   2.6986557083220029        16.556726263418344        8.9060961937038816E-003
   1.6832837148354645        48.731994908860131        8.3098332475546061E-003
   2.0760697563572927        33.976147957717941        6.1992399916754011E-003
   2.6699500859431957        8.1965220539702788        1.1101241749886538E-002
   2.3190326523975364        50.000000000000000        2.9759794457080230E-002
   1.9200290229936936        36.865998877078866        4.1555154798204519E-003
   2.7410108954263532        2.3065032166657247        1.7217694367216804E-002
   2.0944341517426519        43.198339401263432        1.6819039081970369E-002
   2.6198698491404873        35.377790914410468        2.1998443069188228E-002
   1.5783963664524554        46.156833907112059        1.1687029431862997E-003
   2.4923953970182571        10.619899348500637        1.0882602279795796E-002
   1.2770587760811549        48.731994908860131        1.4040506446207449E-002
   2.2322359885359222        41.251591999216792        1.8686552386421185E-002
   2.2972082342645397        20.024533402376079        7.2615478930675636E-003
   1.3470078132021492        50.000000000000000        7.7215564474250077E-003
   2.3677853963113158        36.865998877078866        1.7612320629392650E-002
   2.0454702964851621        33.678831593569313        5.0155963764811542E-003
   1.0592333278280051        43.198339401263432        4.0767342180083932E-002
   2.6198698491404873        7.9098037745613681        1.1221943477109657E-002
   1.5783963664524554        46.156833907112059        1.1687029431862997E-003
   2.2939491847311846        18.254510246911053        8.8411271752473243E-003
   1.6832837148354645        34.882140472027238        9.6901619029895834E-003
   1.6608396287547722        48.967833386689200        7.6202252428956207E-003
   2.2972082342645397        20.024533402376079        7.2615478930675636E-003
   1.3470078132021492        43.453517982638530        1.6635680442331605E-002
   1.9200290229936936        36.865998877078866        4.1555154798204519E-003
   1.2278800807231915        33.678831593569313        4.0894146988290206E-002
   2.3064199048733602        43.198339401263432        2.2680488235195789E-002
   3.3007069473043491        0.0000000000000000                            NaN
   1.5783963664524554        46.156833907112059        1.1687029431862997E-003
   2.4923953970182571        18.343723699058536        6.9186769443022079E-003
   1.6832837148354645        41.560891745850945        1.6630456060958169E-003
   1.6608396287547722        41.251591999216792        2.5326630268783920E-003
   1.0443246945537168        20.024533402376079        8.5677698677032926E-002
   1.3470078132021492        50.000000000000000        7.7215564474250077E-003
   1.5934513179703453        42.094593046567894        4.3990178966351445E-003
   1.3946099945075598        44.894180023792408        1.1565602042019533E-002
   2.0255026972515866        30.799130593997994        3.4773955603723582E-003
   2.6198698491404873        18.562072613751329        8.1348693439458140E-003
   1.5783963664524554        50.000000000000000        5.1176708633856966E-003
   1.2540485748118850        18.343723699058536        6.5229287243983358E-002
   1.1665890778428891        41.560891745850945        3.3280597749003105E-002
   1.6608396287547722        50.000000000000000        8.8143050294065706E-003
   2.2972082342645397        20.024533402376079        7.2615478930675636E-003
   1.4935275444300598        50.000000000000000        1.2859045293179775E-003
   1.9200290229936936        44.577920693586798        1.2682849302506490E-002
   2.5171531885389560        18.361390184517113        7.0281066228213129E-003
   2.0255026972515866        14.181859322467318        2.1436543634496170E-002
   1.7494743027184043        18.562072613751329        2.9265504963383607E-002
   1.5783963664524554        50.000000000000000        5.1176708633856966E-003
   2.4923953970182571        18.343723699058536        6.9186769443022079E-003
   1.7474009065071907        41.560891745850945        2.8252513905298923E-003
   1.0121060406809916        41.251591999216792        4.9086565215540737E-002
   2.2972082342645397        35.843014966341258        1.4660468945820499E-002
   1.4935275444300598        50.000000000000000        1.2859045293179775E-003
   1.6407381716682337        36.865998877078866        9.0258598238494615E-003
   2.0454702964851621        33.678831593569313        5.0155963764811542E-003
   2.3094007365208147        22.706197950904510        5.5103612012540777E-003
   2.6198698491404873        18.562072613751329        8.1348693439458140E-003
   1.9195975493033626        35.649633008775155        3.1698775075668837E-003
   2.2749935978246869        18.343723699058536        9.1723628092646239E-003
   1.6832837148354645        41.560891745850945        1.6630456060958169E-003
   1.7596750034329502        41.251591999216792        2.9630873312800269E-003
   2.2972082342645397        20.024533402376079        7.2615478930675636E-003
   1.4935275444300598        50.000000000000000        1.2859045293179775E-003
   2.4497510070177810        36.865998877078866        1.9646106239440235E-002
   2.0454702964851621        32.371106615844710        4.0160853173792149E-003
   2.0255026972515866        41.228328803862546        1.2483728694438203E-002
   2.6198698491404873        18.562072613751329        8.1348693439458140E-003
   1.3890001199258721        46.156833907112059        1.0196500833139449E-002
   2.4923953970182571        18.343723699058536        6.9186769443022079E-003
   1.6832837148354645        41.560891745850945        1.6630456060958169E-003
   1.6608396287547722        41.251591999216792        2.5326630268783920E-003
   1.9580799515455540        29.171528474384630        6.1505121638258629E-003
   1.4935275444300598        50.000000000000000        1.2859045293179775E-003
   1.9200290229936936        36.865998877078866        4.1555154798204519E-003
   2.7445837238738076        11.067633514482111        1.0159170426543801E-002
   2.2529178728773380        30.799130593997994        8.1697765449255007E-003
   2.6198698491404873        27.890371830095102        1.4538220675623955E-002
   2.0874912508602694        46.156833907112059        1.9785196095785312E-002
   2.4923953970182571        18.343723699058536        6.9186769443022079E-003
   1.6832837148354645        41.560891745850945        1.6630456060958169E-003
   1.6608396287547722        45.429458821246953        3.5108717011939953E-003
   2.2707197339140319        29.171528474384630        7.1469735232842693E-003
   1.1460562164966737        50.000000000000000        2.2288617048752322E-002
   1.7955881862711287        41.645008017937911        4.7261474482824441E-003
   2.6553017253652342        32.371106615844710        1.9737863472400877E-002
   2.0255026972515866        30.799130593997994        3.4773955603723582E-003
   2.6198698491404873        18.562072613751329        8.1348693439458140E-003
   2.1078282845284022        37.669269218605422        1.1143444319205822E-002
   2.0427582797642239        18.343723699058536        1.6313673074747639E-002
   1.3911302848672891        49.941394748994860        5.1268910111002689E-003
  0.92930793853304661        41.251591999216792        5.9049508162189984E-002
   2.8576226599415020        4.0896825525182088        1.6229015326736915E-002
   1.7137067810284929        40.073011194920397        2.0601953091781539E-003
   1.9026772547487094        35.645884852246937        2.8170243084726723E-003
   2.0454702964851621        17.608879645002247        1.7049750680650406E-002
   2.0255026972515866        30.799130593997994        3.4773955603723582E-003
   2.6198698491404873        18.562072613751329        8.1348693439458140E-003
   1.5783963664524554        50.000000000000000        5.1176708633856966E-003
   2.4923953970182571        24.611460879696661        8.7461550257400076E-003
   1.6832837148354645        32.148368819489662        1.3478445410140007E-002
   1.6608396287547722        41.251591999216792        2.5326630268783920E-003
   1.8226601303876973        29.171528474384630        1.1214192997260501E-002
   1.9041323523370819        50.000000000000000        1.8090688893042880E-002
   1.8141531655787959        35.645884852246937        3.4263148832881386E-003
   2.0454702964851621        29.507421137630551        3.9047937382919308E-003
   1.6120971807378275        47.400350838858913        3.6295773335896829E-003
   2.6198698491404873        18.562072613751329        8.1348693439458140E-003
   1.7982333558205270        36.245343289939008        3.2829514139680080E-003
   1.6471369700235394        18.343723699058536        3.5312276709013664E-002
   1.3590548447452102        41.560891745850945        1.8553527447917977E-002
   1.6608396287547722        50.000000000000000        8.8143050294065706E-003
   1.7961162003559137        39.613759926331397        2.7031850163708364E-003
   1.0782691951076824        50.000000000000000        2.8273609199166157E-002
   2.1598867602110619        26.616446609156508        4.4866393898383315E-003
   2.0027311405811266        34.840773254310328        4.8167359630228923E-003
   2.1247630215345383        25.893528032264456        5.3500771698414065E-003
   2.6198698491404873        18.562072613751329        8.1348693439458140E-003
   1.3189716558154521        50.000000000000000        9.5105896853357724E-003
   2.4923953970182571        18.343723699058536        6.9186769443022079E-003
   1.6832837148354645        44.798851600934597        3.7482743728249638E-003
   1.6175780499604366        41.251591999216792        4.3442595108933455E-003
   1.7197008698408294        39.613759926331397        2.2898965908218771E-003
   1.4935275444300598        50.000000000000000        1.2859045293179775E-003
   1.9026772547487094        35.645884852246937        2.8170243084726723E-003
   1.8728283300850135        36.635701328624776        2.6962333451188286E-003
   2.1190915885033093        26.842037472286933        4.7162033104989889E-003
   1.4890012789134017        47.983053049219059        2.2377633804663002E-003
   1.5783963664524554        49.833587636120953        4.9227893416849628E-003
   2.4923953970182571        50.000000000000000        3.3561655333163125E-002
   1.6832837148354645        48.788096873796732        8.3747337330548847E-003
   1.6608396287547722        41.251591999216792        2.5326630268783920E-003
   1.7197008698408294        42.835910050088906        3.0768269547018635E-003
   1.0603373660514424        50.000000000000000        2.9967537234530627E-002
   1.8212024285305699        36.500336468281475        2.5381958080930053E-003
   1.8728283300850135        26.330759170648847        1.2921782685232995E-002
   1.7091889155460989        30.799130593997994        1.4115504786918249E-002
   1.4890012789134017        47.983053049219059        2.2377633804663002E-003
   1.5783963664524554        39.461399408801931        8.6153198707416140E-003
   1.6512793412570168        18.343723699058536        3.5066019301769287E-002
   1.1612201710766139        41.560891745850945        3.3752287527782837E-002
   2.2060037975853910        41.251591999216792        1.7960620915115834E-002
   1.2911557668310165        50.000000000000000        1.1357643489450814E-002
   1.4935275444300598        50.000000000000000        1.2859045293179775E-003
   1.7192767693291224        39.815293675139429        2.1329315235524694E-003
   1.7817428427783566        41.372559394497294        3.9002610157690600E-003
   2.0255026972515866        30.799130593997994        3.4773955603723582E-003
   1.4890012789134017        44.905227737190849        6.0762130874460881E-003
   1.5783963664524554        50.000000000000000        5.1176708633856966E-003
   2.4923953970182571        32.168434791377393        1.5804182540628920E-002
   1.5486377769858302        41.560891745850945        7.3278042108737571E-003
   1.6608396287547722        41.251591999216792        2.5326630268783920E-003
   1.7197008698408294        39.613759926331397        2.2898965908218771E-003
   1.4935275444300598        50.000000000000000        1.2859045293179775E-003
   1.7185465318695341        39.702209572168641        2.2435764358566860E-003
   1.8993875426622382        35.311504191653199        2.6729832953475484E-003
   1.8704727202518767        30.799130593997994        7.1746382395864077E-003
   1.4890012789134017        47.983053049219059        2.2377633804663002E-003
   1.5783963664524554        46.156833907112059        1.1687029431862997E-003
   2.4923953970182571        16.941314160098241        7.3885253328484952E-003
  0.97523517178458574        41.560891745850945        5.2800717130149673E-002
   1.6608396287547722        41.251591999216792        2.5326630268783920E-003
   2.3302532007546448        22.949799655650288        5.4781922435820475E-003
   1.4935275444300598        50.000000000000000        1.2859045293179775E-003
   1.5150820974278891        39.815293675139429        1.1512146472795649E-002
   1.5244306345398027        35.311504191653199        1.7395623745364928E-002
   2.0255026972515866        30.799130593997994        3.4773955603723582E-003
   1.9945286406368492        32.676674854666956        3.2502633467040307E-003
   1.5787356468618210        46.156833907112059        1.1733602420359907E-003
   2.4923953970182571        40.477217830282058        2.4344485425498781E-002
   1.6832837148354645        47.609908028979135        7.0065799545559262E-003
   1.6608396287547722        41.251591999216792        2.5326630268783920E-003
   1.7197008698408294        39.613759926331397        2.2898965908218771E-003
   1.4935275444300598        32.106364935808472        2.4013641451434104E-002
   1.7341950218595388        39.815293675139429        1.8785348536111289E-003
   1.9635582917435956        32.402920306239608        3.1706016811718757E-003
   2.0255026972515866        30.799130593997994        3.4773955603723582E-003
   1.4890012789134017        47.983053049219059        2.2377633804663002E-003
   1.7589957463717056        46.156833907112059        8.4565057446780601E-003
   2.4923953970182571        18.343723699058536        6.9186769443022079E-003
   1.6832837148354645        41.560891745850945        1.6630456060958169E-003
   1.6608396287547722        46.033002379387725        4.2005284618552409E-003
   1.7197008698408294        25.513045950259951        2.1120376330018651E-002
   1.4935275444300598        50.000000000000000        1.2859045293179775E-003
   1.4781527897499227        49.048450931432427        1.5939066264092070E-003
   1.8993875426622382        35.311504191653199        2.6729832953475484E-003
   1.6046030739189088        44.320315995769199        1.4577364854108793E-003
   1.4890012789134017        47.983053049219059        2.2377633804663002E-003
   1.6462914240703719        46.156833907112059        3.7112082118060008E-003
   2.4923953970182571        18.343723699058536        6.9186769443022079E-003
  0.86906851794978079        50.000000000000000        5.1684134288624305E-002
   1.6608396287547722        44.556757296388547        2.5588688541140240E-003
   2.3910110312197883        39.613759926331397        2.1076750695980778E-002
   1.5956185440466388        50.000000000000000        5.9136936909477359E-003
   1.4973356077062054        48.495105123137620        1.3611557762317125E-003
   1.3903307358723116        50.000000000000000        5.1000245062979132E-003
   1.6046030739189088        43.066437312573221        2.7054053723515438E-003
   1.4890012789134017        36.035369581200484        1.8415640549206160E-002
   1.4895359428613761        50.000000000000000        1.1711107483016975E-003
   1.4017317568734979        50.000000000000000        4.4408993225464218E-003
   1.5115552475596352        49.148960315128093        1.2191610941234888E-003
   1.6608396287547722        41.251591999216792        2.5326630268783920E-003
   1.7197008698408294        50.000000000000000        1.1272360602110822E-002
   1.4935275444300598        43.956715080703262        7.0773762284940525E-003
   1.4973356077062054        50.000000000000000        1.4152651545223313E-003
   1.8993875426622382        41.004141774614276        7.8914344896491694E-003
   1.6046030739189088        37.931817734632965        9.3635851134563960E-003
   1.2986401476179581        50.000000000000000        1.0853477841719276E-002
   1.9030843650381981        46.156833907112059        1.3856877703803210E-002
   1.4017317568734979        50.000000000000000        4.4408993225464218E-003
   1.4236512964658086        50.000000000000000        3.2180041929584682E-003
   1.6608396287547722        40.806147427709298        3.0295708769969582E-003
   1.7197008698408294        39.613759926331397        2.2898965908218771E-003
   1.4935275444300598        50.000000000000000        1.2859045293179775E-003
   1.8897494243350912        34.790695737554103        2.6876721259580755E-003
   1.5433423880600134        45.053549260121066        3.0960331062173732E-003
   1.5356185211165703        44.320315995769199        4.3909750585508960E-003
   1.4890012789134017        47.983053049219059        2.2377633804663002E-003
   1.5753499158315389        47.360749808601966        1.9743548992033053E-003
   1.5673772413181004        47.721781682148794        2.0136274117487050E-003
   1.5115552475596352        50.000000000000000        1.9957400624820670E-003
   1.6608396287547722        44.276957821493646        2.2769147384754489E-003
   1.7197008698408294        39.613759926331397        2.2898965908218771E-003
   1.4935275444300598        46.831480567375507        3.3831756101349001E-003
   1.1920966669316171        50.000000000000000        1.8565007064317556E-002
   1.8993875426622382        41.369234427552257        8.3069427688143051E-003
   1.6046030739189088        44.320315995769199        1.4577364854108793E-003
   1.4474560257407241        47.983053049219059        4.3961554851372868E-003
   1.5783963664524554        46.156833907112059        1.1687029431862997E-003
   1.5673772413181004        41.138315733310485        6.9272366868065186E-003
   1.8570999161976980        37.532062194631962        2.8585454207032735E-003
   1.5842680168012950        44.276957821493646        2.1805565301160562E-003
   1.6482034563479342        43.422849612478956        1.3826418599118097E-003
   1.5685351654058717        50.000000000000000        4.6570368413932041E-003
   1.5329912913189021        48.068555228791183        1.1221928074802263E-003
   1.9655362212089846        30.880921549313193        4.1649915963030918E-003
   1.3594036915488585        50.000000000000000        6.9535072804300380E-003
   1.4015424423523701        50.000000000000000        4.4517274306740233E-003
   1.5783963664524554        47.617809220797660        2.3752514600262858E-003
   1.5673772413181004        47.721781682148794        2.0136274117487050E-003
   1.5115552475596352        36.369882147266672        1.6601650637381359E-002
   1.5219524891097231        50.000000000000000        2.4661936135435391E-003
   1.6482034563479342        43.422849612478956        1.3826418599118097E-003
   1.4935275444300598        50.000000000000000        1.2859045293179775E-003
   1.5329912913189021        48.068555228791183        1.1221928074802263E-003
   1.8993875426622382        35.311504191653199        2.6729832953475484E-003
   1.2796532224756829        50.000000000000000        1.2142982725606443E-002
   1.4862114217072679        49.206173128282295        1.1811750318426223E-003
   1.6625435768153574        46.156833907112059        4.4174734333713795E-003
   1.5673772413181004        50.000000000000000        4.6027461141647007E-003
   1.4501374900403441        50.000000000000000        1.8673504160195615E-003
   1.5390860934787509        45.760710407740532        2.4529687463917108E-003
   1.7400907394662033        39.544843541551650        1.9385911649326638E-003
   1.4935275444300598        50.000000000000000        1.2859045293179775E-003
   1.4748210759255742        48.068555228791183        2.8378372586188431E-003
   1.9328132204520871        32.697863747888185        3.3320187909155852E-003
   1.6046030739189088        44.320315995769199        1.4577364854108793E-003
   1.4253940297887902        50.000000000000000        3.1238255516888615E-003
   1.5783963664524554        36.517850096387832        1.2681328868728210E-002
   1.5673772413181004        45.334776189724884        1.7329668518190088E-003
   1.5115552475596352        49.148960315128093        1.2191610941234888E-003
   1.5842680168012950        44.276957821493646        2.1805565301160562E-003
   1.6482034563479342        43.422849612478956        1.3826418599118097E-003
   1.4935275444300598        45.439067179195305        5.1407088821692646E-003
   1.5329912913189021        48.114325479314545        1.1440186961942194E-003
   1.9236361805532187        33.237990702848123        3.1168850997077150E-003
   1.6046030739189088        42.166479658897003        3.7908629136162008E-003
   1.4140352819311361        50.000000000000000        3.7464219841114137E-003
   1.2677265249016141        50.000000000000000        1.2970938010453922E-002
   1.5097818557873666        48.357692206790311        1.1089851673193240E-003
   1.2748254442563396        50.000000000000000        1.2476438485704636E-002
   1.6385422741082205        44.276957821493646        1.5351129499034640E-003
   1.5836331753365203        46.568554700770349        1.5470795700998211E-003
   1.4935275444300598        50.000000000000000        1.2859045293179775E-003
   1.8328678409783938        48.068555228791183        1.3469874959202453E-002
   1.8993875426622382        43.478241549781508        1.0710214206571315E-002
   1.6046030739189088        44.320315995769199        1.4577364854108793E-003
   1.4862114217072679        49.206173128282295        1.1811750318426223E-003
   1.5783963664524554        45.962693251598402        1.1398379886374721E-003
   1.5632547509016228        48.357692206790311        2.5187562340318829E-003
   1.4082791535570269        50.000000000000000        4.0689880656805911E-003
   1.6385422741082205        44.276957821493646        1.5351129499034640E-003
   1.6831492471395824        42.136072454516032        1.5281932744275065E-003
   1.4935275444300598        50.000000000000000        1.2859045293179775E-003
   1.5329912913189021        44.214609198303009        4.6588125852552020E-003
   1.8031381998734182        38.191405084375560        2.1291280786514414E-003
   1.6046030739189088        44.320315995769199        1.4577364854108793E-003
   1.4862114217072679        49.206173128282295        1.1811750318426223E-003
   1.5783963664524554        50.000000000000000        5.1176708633856966E-003
   1.5097818557873666        46.812536389823258        2.5969849288577317E-003
   1.5314599051551063        47.361781976402355        1.1874404989467577E-003
   1.6385422741082205        46.084728962288544        3.2929068976410001E-003
   1.7815276863780398        43.422849612478956        6.1945038167769808E-003
   1.4935275444300598        50.000000000000000        1.2859045293179775E-003
   1.5329912913189021        48.068555228791183        1.1221928074802263E-003
   1.8031381998734182        38.191405084375560        2.1291280786514414E-003
                        1.4905987910160479        49.733759440197794        1.0635677276562741E-003
   1.4862114217072679        49.377460968393365        1.0893622666421968E-003
   1.5783963664524554        45.962693251598402        1.1398379886374721E-003
   1.3937700720448380        50.000000000000000        4.8997194881887363E-003
