   9.2260000112011866        23.604866391239167       0.53064589349032221
   1.9040292501173839        28.253512049447554        6.4267613888372516E-002
   3.9479120178360705        28.589632170380970       0.34388632354233839
   2.3469982556423465        34.252711606512968       0.16584525794954225
  0.95882010165727061        46.073802924139926       0.25893602118726483
   3.2696702390353130        6.5131972044273070       0.29339563114167333
   8.6433311399292041        42.463790928789422       0.52460154532899783
   4.7894144161896950        29.996895692242127       0.39855481385336733
   3.9908461768774615        49.666377753789895       0.37056035265706350
   7.8509074780946939        25.436348933619591       0.50365851534025141
   9.2260000112011866        23.604866391239167       0.53064589349032221
   1.9040292501173839        28.253512049447554        6.4267613888372516E-002
   5.5124795313210022        8.9550698938221487       0.44586959972873857
   4.3251235092146878        34.252711606512968       0.37462972459499339
   4.0546392670779214        46.073802924139926       0.37013794932847377
   1.7856055167680887        6.5131972044273070        4.1967859932686029E-002
   4.9350284398733084        44.202581422852312       0.41827637132019979
   1.5461760210090862        46.089653870736569        7.1754768141514070E-003
   3.9908461768774615        50.000000000000000       0.37101510172979402
   7.8509074780946939        22.422599338163703       0.50433645625154666
   9.2260000112011866        23.604866391239167       0.53064589349032221
   1.9040292501173839        45.411344564630355        9.8098815926102603E-002
   3.9479120178360705        22.538910560839426       0.34094940996280099
   2.3469982556423465        50.000000000000000       0.19548865443879287
   0.0000000000000000        47.573876791424617                            NaN
   0.0000000000000000        6.5131972044273070                            NaN
   2.3515880189756238        44.202581422852312       0.18471531622922882
   1.5461760210090862        46.089653870736569        7.1754768141514070E-003
   5.5836756563891239        50.000000000000000       0.45208219950853035
   7.8509074780946939        25.436348933619591       0.50365851534025141
   9.2260000112011866        23.604866391239167       0.53064589349032221
   1.9040292501173839        28.253512049447554        6.4267613888372516E-002
   4.2334530355207995        19.738976171371103       0.36173679257940633
   2.3469982556423465        20.123366607001220       0.14900934688952092
  0.95882010165727061        46.073802924139926       0.25893602118726483
   1.7856055167680887        34.978798219985258        4.6091875046483669E-002
   2.9135559151356349        44.202581422852312       0.26469916416129935
   1.5461760210090862        46.089653870736569        7.1754768141514070E-003
   3.9908461768774615        49.666377753789895       0.37056035265706350
   7.8509074780946939        25.436348933619591       0.50365851534025141
   10.000000000000000        8.4895254536143376       0.56411808768437499
   1.9040292501173839        43.638773887875459        9.4097387740702546E-002
   3.9479120178360705        41.405182683953697       0.35678049293201969
   2.3469982556423465        20.123366607001220       0.14900934688952092
   2.2726413895674122        28.743858331293257       0.14390342673142484
   0.0000000000000000        6.5131972044273070                            NaN
   6.4893010600232737        23.471482532533255       0.46745862750785711
   1.5461760210090862        46.089653870736569        7.1754768141514070E-003
   4.9483789517187677        28.682164707655204       0.40618186117129396
   1.9426299971341079        25.436348933619591        6.9669991384207972E-002
   9.2260000112011866        31.920485517533429       0.53018042562083412
   1.9040292501173839        28.253512049447554        6.4267613888372516E-002
   3.9479120178360705        8.0901611766534245       0.35358787999242813
   2.3469982556423465        40.444799488504621       0.17676871441182782
   2.2726413895674122        28.743858331293257       0.14390342673142484
   1.5451138842227921        46.265219585241439        7.2208946816243406E-003
   2.3515880189756238        31.767796497760301       0.16270832333588697
   1.5461760210090862        24.387680116376192        5.2947718815916547E-002
   4.8656311375143382        50.000000000000000       0.42137965591266391
   2.1564701980243974        25.436348933619591       0.11679872332912199
   6.9959426858989957        50.000000000000000       0.49555400809225447
   3.1070675229013336        28.253512049447554       0.26547984859065676
   7.6392428007409512        13.213601283957161       0.50777880460497193
   2.3469982556423465        20.123366607001220       0.14900934688952092
   2.4458686936511698        28.743858331293257       0.17466266844597017
   1.9033805992935910        46.265219585241439        9.9895881164711889E-002
   2.3515880189756238        31.767796497760301       0.16270832333588697
   0.0000000000000000        46.089653870736569                            NaN
   0.0000000000000000        49.666377753789895                            NaN
   1.5657349041416919        25.436348933619591        4.4653216745642391E-002
   6.9959426858989957        50.000000000000000       0.49555400809225447
   1.9040292501173839        15.139977460271599        5.5023582116750722E-002
   2.3988572557476049        22.538910560839426       0.15995718895044403
   2.3469982556423465        20.123366607001220       0.14900934688952092
   3.5349405619980354        50.000000000000000       0.33632681153392707
   5.9050043825003211        49.380741287733393       0.46301906596365072
   1.0123422138607574        30.875872967827853       0.27565974810800747
   1.5461760210090862        46.089653870736569        7.1754768141514070E-003
   3.9908461768774615        49.666377753789895       0.37056035265706350
   1.5657349041416919        25.436348933619591        4.4653216745642391E-002
   3.9985963152099941        50.000000000000000       0.37154535609107703
   1.0229427582195594        15.139977460271599       0.30823788865267610
   2.3988572557476049        14.959266506756901       0.15752163093756927
   2.3469982556423465        35.427292414419739       0.16780994198422491
   5.5561680741815760        50.000000000000000       0.45103776989873179
   1.5451138842227921        25.246458279106299        5.1511239863707793E-002
   2.3515880189756238        31.767796497760301       0.16270832333588697
   1.5461760210090862        46.089653870736569        7.1754768141514070E-003
   1.9437142944582919        50.000000000000000       0.11770338089146375
   1.5657349041416919        48.704318850371081        1.6304804349650020E-002
   3.9985963152099941        50.000000000000000       0.37154535609107703
   1.6431771053735542        15.139977460271599        4.0390765994059004E-002
   2.3988572557476049        14.959266506756901       0.15752163093756927
   2.3469982556423465        18.544532783688705       0.14830379919366060
   2.1315029313474918        41.421245813693758       0.13870801826216231
   1.5451138842227921        44.043709990329894        8.1335301760550177E-003
   2.3515880189756238        17.454273681163571       0.14886256499869480
   0.0000000000000000        45.053108951033437                            NaN
   1.9437142944582919        50.000000000000000       0.11770338089146375
   2.8688836776566697        50.000000000000000       0.26925609584067411
   3.9985963152099941        50.000000000000000       0.37154535609107703
   1.6431771053735542        50.000000000000000        4.1770843124692029E-002
   2.3988572557476049        14.959266506756901       0.15752163093756927
   2.3469982556423465        29.206439040234741       0.15817056367430313
   2.1315029313474918        41.421245813693758       0.13870801826216231
   1.5419637934412560        46.265219585241439        7.0700003302177697E-003
   2.3515880189756238        29.568647068843731       0.15949128943794605
   1.5461760210090862        20.053072815667424        6.1046170204530278E-002
   1.2958297106792447        50.000000000000000        7.8413010565573094E-002
   3.5180638474925519        48.704318850371081       0.33295306318172618
   3.1711244704752932        50.000000000000000       0.30262894014779007
   1.6431771053735542        50.000000000000000        4.1770843124692029E-002
   2.3988572557476049        14.959266506756901       0.15752163093756927
   2.3469982556423465        50.000000000000000       0.19548865443879287
   2.1315029313474918        41.421245813693758       0.13870801826216231
   1.4800100324557661        50.000000000000000        1.2689495513680602E-002
   2.3515880189756238        17.454273681163571       0.14886256499869480
   1.0749826492172396        49.946579602689866       0.18032844415887558
   1.2958297106792447        50.000000000000000        7.8413010565573094E-002
   1.5657349041416919        50.000000000000000        1.9530770131563312E-002
   3.1711244704752932        50.000000000000000       0.30262894014779007
   1.6431771053735542        15.139977460271599        4.0390765994059004E-002
   1.6212991948708848        42.734971542332616        1.7720379757860723E-002
   2.3469982556423465        49.850543919135916       0.19518548604606475
   2.2122385627311094        41.421245813693758       0.15436763024827607
   1.5419637934412560        46.265219585241439        7.0700003302177697E-003
   2.3515880189756238        0.0000000000000000                            NaN
   1.5461760210090862        46.089653870736569        7.1754768141514070E-003
   1.2958297106792447        50.000000000000000        7.8413010565573094E-002
   2.8619977684021931        50.000000000000000       0.26842780710978509
   1.8684638796711419        46.461471052690108        9.2077217977890924E-002
   2.8373167889270725        15.139977460271599       0.22638946581155306
   1.6044783355928203        42.734971542332616        1.3199372547465995E-002
   2.8279510789205786        5.0300662651278998       0.24249891176331795
   2.1315029313474918        40.925641782137809       0.13770773869756459
   1.5419637934412560        46.265219585241439        7.0700003302177697E-003
   2.3515880189756238        17.454273681163571       0.14886256499869480
   1.4666723869505862        46.089653870736569        2.5931873735676091E-002
   1.2958297106792447        50.000000000000000        7.8413010565573094E-002
   1.5657349041416919        23.474688999722474        4.8635177530090862E-002
   1.8684638796711419        46.461471052690108        9.2077217977890924E-002
   1.6431771053735542        15.139977460271599        4.0390765994059004E-002
   1.4155208396812147        18.170658385652555       0.11050969359708804
   2.3469982556423465        29.674291233541144       0.15882181255228545
   2.1315029313474918        40.925641782137809       0.13770773869756459
  0.94427604673501320        50.000000000000000       0.25468192029793718
   2.3515880189756238        17.454273681163571       0.14886256499869480
   2.0138494518056769        46.089653870736569       0.12423868937860842
   1.2958297106792447        50.000000000000000        7.8413010565573094E-002
   2.4070227058362654        48.704318850371081       0.20270455898279169
   1.8031144688858298        46.461471052690108        7.5966115765610645E-002
   1.6431771053735542        15.139977460271599        4.0390765994059004E-002
   2.2422232502674753        42.734971542332616       0.16254286938841164
   2.3469982556423465        18.544532783688705       0.14830379919366060
   1.5063495993626743        38.764417557323995        3.1713517896929479E-002
   1.5419637934412560        49.253043917048288        1.1417262136556142E-002
   2.2196680982967534        17.454273681163571       0.12360706229019564
   1.0931179234972364        50.000000000000000       0.17076206130535040
   1.2958297106792447        50.000000000000000        7.8413010565573094E-002
   1.3020310138109568        48.290406298394437        8.0789647453164665E-002
   2.3168325058632262        27.048777178588516       0.14988005633976623
   1.7215183164433268        5.8107301355598757        3.7427801951198623E-002
   2.3243272443759100        42.734971542332616       0.17719703790755992
   2.1184853383640148        18.544532783688705       0.10312980653848358
   1.5063495993626743        38.764417557323995        3.1713517896929479E-002
   1.3045518978227315        46.265219585241439        8.5556303095618597E-002
   1.1703545867870178        17.454273681163571       0.22131304493575907
   1.4639102071926864        46.089653870736569        2.6852258878628351E-002
   1.2958297106792447        50.000000000000000        7.8413010565573094E-002
   1.7483294795029813        46.160073007276743        6.1060069175173870E-002
   1.8031144688858298        36.144532351436290        5.2950577331076318E-002
   1.8082240069415418        32.884543848033587        4.8028364069581567E-002
   2.1337554803292185        42.734971542332616       0.14183605915555847
   2.1790927247249621        18.544532783688705       0.11575465886662553
   1.7301992719150254        40.600835002358018        4.3156942924105032E-002
   1.5419637934412560        46.265219585241439        7.0700003302177697E-003
   2.2196680982967534        17.454273681163571       0.12360706229019564
   1.2028371115542724        50.000000000000000       0.11808871821178735
   1.2998341145281789        50.000000000000000        7.6796766390903867E-002
   1.5657349041416919        48.704318850371081        1.6304804349650020E-002
   1.6464543946395607        36.144532351436290        1.2650269611486202E-002
   1.7818039377265056        5.8107301355598757        4.2716836947756513E-002
   1.6044783355928203        42.734971542332616        1.3199372547465995E-002
   1.5586584573450331        50.000000000000000        1.7544131077773407E-002
   1.5063495993626743        38.764417557323995        3.1713517896929479E-002
   1.0188172381172067        46.265219585241439       0.22284234435355035
   2.1882897961469721        16.216416827094640       0.11711397849923819
   1.4778583477986826        21.949350660557272        8.0869602485451247E-002
   1.2998341145281789        41.491888749641703       0.10111764792756169
   2.0907382982508982        23.894808693088937       0.10125514629600678
   1.3993462578760458        36.144532351436290        7.6446503481298500E-002
   1.7215183164433268        31.849449826036562        2.4180054103307671E-002
   1.7566969847309135        42.139686690509357        5.3784362191502143E-002
   1.6067309886226422        23.053211934680533        3.7493987893866917E-002
   1.5063495993626743        38.764417557323995        3.1713517896929479E-002
   1.5419637934412560        46.265219585241439        7.0700003302177697E-003
   2.1882897961469721        50.000000000000000       0.16756668791808835
   1.5461760210090862        46.089653870736569        7.1754768141514070E-003
   1.4925817281496774        49.271533119485383        1.0856902488260559E-002
   1.5657349041416919        23.055648491238625        4.9451013370686588E-002
   1.6464543946395607        36.144532351436290        1.2650269611486202E-002
   1.7215183164433268        35.775503849581774        3.0674161939761080E-002
   1.6044783355928203        50.000000000000000        3.0682836240850941E-002
   1.9853203361619987        50.000000000000000       0.12685196543064403
   1.5063495993626743        38.764417557323995        3.1713517896929479E-002
   1.5419637934412560        46.265219585241439        7.0700003302177697E-003
   2.1882897961469721        16.216416827094640       0.11711397849923819
   1.5544446378551116        49.289509209516964        1.4654349493101316E-002
   1.4925817281496774        50.000000000000000        9.7826198592642476E-003
   1.6496753672415048        48.704318850371081        4.0310422174458467E-002
   1.5390518246002136        36.144532351436290        2.7896107573444212E-002
   1.7215183164433268        31.849449826036562        2.4180054103307671E-002
   1.6044783355928203        48.078061215653264        2.5769758596313797E-002
   1.6728112617414388        34.172972157873687        1.5889836220674594E-002
   1.5063495993626743        38.764417557323995        3.1713517896929479E-002
   1.5419637934412560        46.265219585241439        7.0700003302177697E-003
   2.1882897961469721        11.029441461299871       0.11957095687541298
   1.5461760210090862        50.000000000000000        1.4165671707638742E-002
   1.5520544840061945        50.000000000000000        1.5730416881395579E-002
   1.5172404987366173        48.704318850371081        7.6293795522725276E-003
   1.6875608243771474        40.923310746593366        3.2162435934452956E-002
   1.7827014559717909        31.849449826036562        3.9669191410572562E-002
   1.0483230170809070        50.000000000000000       0.19436190654227073
   1.5054274180351950        39.210438652782571        3.0868257032853546E-002
   1.5063495993626743        44.896037712363835        1.6240920505566896E-002
   1.5419637934412560        46.265219585241439        7.0700003302177697E-003
   2.1882897961469721        16.216416827094640       0.11711397849923819
   1.5461760210090862        46.089653870736569        7.1754768141514070E-003
   1.4925817281496774        50.000000000000000        9.7826198592642476E-003
   1.6353425016532741        48.704318850371081        3.6233700319197239E-002
   1.6464543946395607        16.019666515103257        3.8610904893361331E-002
   1.6150617585114468        31.849449826036562        1.7267240538448636E-002
   1.4798602026812726        50.000000000000000        1.2728760491372058E-002
   1.4803782485386985        50.000000000000000        1.2593361426220792E-002
   1.5063495993626743        44.896037712363835        1.6240920505566896E-002
   1.5419637934412560        42.829153564921654        1.0960323947875814E-002
   1.8687897521501253        29.149635580146853        5.7019064836722817E-002
   1.6479765148033199        36.107288261139139        1.2903651246404385E-002
   1.0439457633464633        50.000000000000000       0.19673966271641485
   1.5172404987366173        48.704318850371081        7.6293795522725276E-003
   1.6335458867386770        38.340414552649399        1.2609920485662082E-002
   1.6150617585114468        31.849449826036562        1.7267240538448636E-002
   1.4634305616258836        50.000000000000000        1.7427844814327666E-002
   1.4803782485386985        50.000000000000000        1.2593361426220792E-002
   1.5174465814658133        44.896037712363835        1.3010004202320241E-002
   1.5419637934412560        46.265219585241439        7.0700003302177697E-003
   1.7727643218083107        29.149635580146853        3.3104681678886042E-002
   1.5461760210090862        43.139921974622901        9.3825169607414851E-003
   1.2133440164857026        50.000000000000000       0.11339187835527985
   1.6558800574746044        37.090734161174645        1.5936777721434328E-002
   1.4957658726398728        50.000000000000000        9.2111182970899038E-003
   1.6150617585114468        30.342167309026010        2.0397374478026298E-002
   1.4798602026812726        50.000000000000000        1.2728760491372058E-002
   1.4803782485386985        45.533257272606029        2.2840286850383990E-002
   1.4663126659515009        50.000000000000000        1.6558517972392064E-002
   1.4305890453855490        46.265219585241439        3.7826018613213309E-002
   1.7727643218083107        29.149635580146853        3.3104681678886042E-002
   1.5226466143657051        46.089653870736569        9.3407366225562762E-003
   1.4925817281496774        45.592057851204977        1.8797169755481114E-002
   1.4869200713677180        49.630813696811884        1.1603734299142382E-002
   1.4472006418777288        50.000000000000000        2.2550645117819266E-002
   1.6336761087543801        31.032335640504709        1.5450911393265942E-002
   1.5004192867847332        50.000000000000000        8.5461565869644294E-003
   1.4914928979621680        49.943150756285092        1.0073862986986575E-002
   1.5174465814658133        50.000000000000000        8.3615706979521514E-003
   1.5419637934412560        46.265219585241439        7.0700003302177697E-003
   1.7727643218083107        29.149635580146853        3.3104681678886042E-002
   1.5461760210090862        32.540311625121177        3.4546814864824783E-002
   1.4925817281496774        49.943150756285092        9.8558346858299128E-003
   1.5172404987366173        48.704318850371081        7.6293795522725276E-003
   1.6018130139548019        35.039990560181344        1.3524003086449597E-002
   1.6336761087543801        31.032335640504709        1.5450911393265942E-002
   1.5004192867847332        50.000000000000000        8.5461565869644294E-003
   1.5703797155639030        44.085529598290726        8.0081019277478249E-003
   1.5229549071736788        47.085845144366836        7.9534476750340484E-003
   1.5222367769717040        47.301764504944572        7.8529261159841178E-003
   1.7727643218083107        42.549973011308850        5.8972278735681768E-002
   1.5461760210090862        46.089653870736569        7.1754768141514070E-003
   1.4173667381816779        50.000000000000000        3.2611864196905947E-002
   1.5172404987366173        48.704318850371081        7.6293795522725276E-003
   1.5079460512049891        49.235660810726820        8.1591142025857072E-003
   1.4506661195394528        50.000000000000000        2.1429853513319965E-002
   1.5004192867847332        50.000000000000000        8.5461565869644294E-003
   1.5889775350139819        42.624110996151025        9.3593912021641464E-003
   1.5229549071736788        36.015739026556624        3.3319647369958655E-002
   1.5419637934412560        43.933895700734908        8.8805416185257745E-003
   1.3746671709823179        29.149635580146853       0.10391945876079647
   1.5854662086461806        46.089653870736569        1.5478283395345464E-002
   1.4925817281496774        50.000000000000000        9.7826198592642476E-003
   1.5172404987366173        48.704318850371081        7.6293795522725276E-003
   1.5079460512049891        49.235660810726820        8.1591142025857072E-003
   1.6336761087543801        31.032335640504709        1.5450911393265942E-002
   1.5004192867847332        50.000000000000000        8.5461565869644294E-003
   1.5703797155639030        44.085529598290726        8.0081019277478249E-003
   1.7428426326206523        30.318707367021403        2.7317420180166259E-002
   1.4353583358655386        46.265219585241439        3.6155826010098986E-002
   1.7727643218083107        16.823379557294892        2.9290553969836205E-002
   1.5461760210090862        46.089653870736569        7.1754768141514070E-003
   1.5163846894013653        48.807797725080924        7.6596504034184536E-003
   1.5441554913191142        48.704318850371081        1.0762066301073686E-002
   1.4320073944384240        49.235660810726820        2.9544560612863806E-002
   1.5824388989092815        31.032335640504709        2.7295917886173644E-002
   1.5004192867847332        33.073832971320336        4.8135010177161215E-002
   1.5703797155639030        44.369906235574142        8.3819922951963027E-003
   1.5494989075416870        45.537551323703624        7.0591340927900871E-003
   1.4994524199794275        46.265219585241439        1.5103260226859788E-002
   1.7727643218083107        16.823379557294892        2.9290553969836205E-002
   1.5624872753555872        46.089653870736569        9.6616081689473443E-003
   1.7467710171286401        21.035909613678363        2.4195442159429630E-002
   1.5172404987366173        46.796772200419063        9.3542083128452941E-003
   1.5079460512049891        43.393674612974173        1.9406734346416651E-002
   1.5685027429584235        31.032335640504709        3.1332914803989260E-002
   1.5004192867847332        50.000000000000000        8.5461565869644294E-003
   1.3956433771347254        44.085529598290726        5.6331143646206248E-002
   1.7307695481810665        45.537551323703624        5.4870963222887113E-002
   1.5419637934412560        43.643643069468681        9.3810384387476194E-003
   1.6423464685752456        16.823379557294892        3.8532807392362561E-002
   1.5210033267482868        46.089653870736569        9.7035369140960458E-003
   1.4633593960298399        50.000000000000000        1.7449496832865570E-002
   1.6044010304382970        35.154562442242245        1.2816743447486938E-002
   1.4865812820923487        50.000000000000000        1.1061945913932043E-002
   1.6336761087543801        31.032335640504709        1.5450911393265942E-002
   1.5004192867847332        46.393732869311322        1.4527203988794203E-002
   1.5452836705237596        46.441747784744322        7.3728610330418744E-003
   1.3648584848480432        45.537551323703624        6.3888454475578893E-002
   1.5419637934412560        46.265219585241439        7.0700003302177697E-003
   1.6300806106737697        16.823379557294892        4.1494377124871674E-002
   1.5975503743601265        46.089653870736569        1.8854335549720953E-002
   1.5163846894013653        43.350661711977139        1.6920589306321041E-002
   1.5183761629298300        48.704318850371081        7.5894491136021232E-003
   1.5375157326113922        46.649674802133411        7.1031281539311476E-003
   1.6349258060787777        31.243114765743858        1.4914138461247190E-002
   1.5004192867847332        50.000000000000000        8.5461565869644294E-003
   1.5452836705237596        46.441747784744322        7.3728610330418744E-003
   1.5272590210782819        45.537551323703624        9.2654668490536000E-003
   1.5397326237556048        46.265219585241439        7.0491720789635009E-003
   1.7727643218083107        17.727729410365338        2.8775632194740386E-002
   1.5461760210090862        46.089653870736569        7.1754768141514070E-003
   1.6295323902674350        48.807797725080924        3.4835272464275271E-002
   1.5935102558611236        48.704318850371081        2.4194846817634168E-002
   1.5353766196580951        46.649674802133411        7.1229579489339593E-003
   1.6349258060787777        31.243114765743858        1.4914138461247190E-002
   1.5158408271380264        50.000000000000000        8.2202707491375107E-003
   1.5268984457915564        48.351684263315946        7.5601001873632041E-003
   1.5737030167753054        43.091774229854607        7.4780379086147319E-003
   1.5397326237556048        46.265219585241439        7.0491720789635009E-003
   1.7112600288485709        24.859231076278380        1.9341963621135692E-002
   1.5461760210090862        46.089653870736569        7.1754768141514070E-003
   1.4987335945923834        48.807797725080924        1.0203841551767165E-002
   1.6166175641080445        48.704318850371081        3.0861210942579070E-002
   1.5375157326113922        46.503549899082046        7.0839983489993409E-003
   1.7118645063139251        31.243114765743858        2.1172118779866692E-002
   1.4642590903060742        50.000000000000000        1.7176407945231086E-002
   1.5485850765030678        45.716139633679283        7.1009790707841141E-003
   1.5494989075416870        44.236124771999194        7.3244007841834803E-003
   1.5417608923890478        45.228674665538307        7.2994462640166343E-003
   1.6497789484610283        29.931730242823612        1.5210046988545610E-002
   1.4037172167761391        46.089653870736569        4.7906266224562684E-002
   1.5115276905213613        48.807797725080924        8.0249833184648997E-003
   1.5183761629298300        48.704318850371081        7.5894491136021232E-003
   1.5164407777563660        46.503549899082046        1.0025026387523643E-002
   1.6349258060787777        38.805811211390768        1.3625123209710497E-002
   1.5158408271380264        46.194049916634057        1.0740005085378661E-002
   1.5485850765030678        45.716139633679283        7.1009790707841141E-003
   1.5494989075416870        46.969033945202462        8.6206975449530411E-003
   1.6206877213219733        33.637692072556902        1.2902574381058256E-002
   1.6181472226248987        35.087561350106242        1.1029738852648591E-002
   1.5158636813149120        49.751869055707104        8.0030550364704311E-003
   1.5163846894013653        48.807797725080924        7.6596504034184536E-003
   1.5466837212526574        45.471341941599128        6.9716245881959356E-003
   1.5375157326113922        46.503549899082046        7.0839983489993409E-003
   1.5991604371216492        41.235665725680668        9.4171906374848919E-003
   1.5500187467894606        50.000000000000000        1.5182222602040699E-002
   1.4785838208275310        50.000000000000000        1.3066603091110063E-002
   1.5494989075416870        45.946894954146188        7.3316702006718214E-003
   1.5397326237556048        46.265219585241439        7.0491720789635009E-003
   1.6181472226248987        41.113035277925604        1.3527369885061483E-002
   1.5461760210090862        40.455229444621693        1.5153561722704205E-002
   1.5389965621245689        46.596050178115078        7.1094628727065108E-003
   1.6023334381501222        45.471341941599128        1.8722459990754822E-002
   1.5375157326113922        45.879258990142176        7.2513353839156912E-003
   1.5991604371216492        41.235665725680668        9.4171906374848919E-003
   1.5307601570186173        50.000000000000000        1.0482714973786205E-002
   1.6289194927590396        45.716139633679283        2.6904898074429362E-002
   1.5494989075416870        45.537551323703624        7.0591340927900871E-003
   1.5401008212074438        45.774905727481304        7.1173834092949032E-003
   1.5620977773212501        35.087561350106242        2.3536835480340877E-002
   1.4799237204615361        50.000000000000000        1.2712104571451725E-002
   1.5389965621245689        46.596050178115078        7.1094628727065108E-003
   1.5466837212526574        50.000000000000000        1.4298445527968275E-002
   1.5375157326113922        46.503549899082046        7.0839983489993409E-003
   1.6486822909193224        41.235665725680668        2.2015793760053571E-002
   1.5262030694295152        50.000000000000000        9.5978705135559197E-003
   1.5485850765030678        45.352959053992826        6.9714667747395372E-003
   1.5494989075416870        45.537551323703624        7.0591340927900871E-003
   1.5397326237556048        45.230704270364335        7.5208461733078857E-003
   1.6045107187388274        35.087561350106242        1.2923087225991539E-002
   1.5461760210090862        46.089653870736569        7.1754768141514070E-003
   1.5389965621245689        46.596050178115078        7.1094628727065108E-003
   1.5388706942237917        45.471341941599128        7.4076908219020592E-003
   1.5375157326113922        46.237839026915637        7.1063167512013343E-003
   1.5991604371216492        41.235665725680668        9.4171906374848919E-003
   1.5367454322598046        46.696942923799682        7.1091924486965828E-003
   1.5478540116721724        45.205285238224185        6.9643974605173280E-003
   1.5494989075416870        49.541098897730144        1.3946899604957909E-002
   1.5397326237556048        46.265219585241439        7.0491720789635009E-003
   1.6181472226248987        39.333373888773536        1.0692915580542034E-002
   1.5548401575531976        46.089653870736569        8.1934009820942063E-003
   1.5389965621245689        42.246414558001455        1.2995535627228438E-002
   1.5466837212526574        45.471341941599128        6.9716245881959356E-003
   1.5375157326113922        46.503549899082046        7.0839983489993409E-003
   1.5602362412500004        41.235665725680668        9.9149428269367044E-003
   1.5367454322598046        45.189075899866459        7.9886382143380640E-003
   1.4902770503795224        45.205285238224185        2.0477410426469323E-002
   1.6045577619981839        40.602530013034830        9.6383500021908191E-003
   1.5520346194511982        46.265219585241439        7.9972130468944809E-003
   1.5702938356682514        43.185033038500229        7.2330595927605022E-003
   1.5461760210090862        49.826559717207594        1.3756039994381377E-002
   1.5946433223253218        46.596050178115078        1.9259213113488612E-002
   1.5466837212526574        45.471341941599128        6.9716245881959356E-003
   1.5390603444467088        46.503549899082046        7.0843926961741809E-003
   1.5991604371216492        41.016245365440135        9.1505740448174014E-003
   1.5334769785969258        46.696942923799682        7.1846114169384270E-003
   1.5478540116721724        45.205285238224185        6.9643974605173280E-003
   1.5494989075416870        45.537551323703624        7.0591340927900871E-003
   1.5397326237556048        50.000000000000000        1.2531510906951548E-002
   1.5702938356682514        45.925639475834885        1.1139173606666565E-002
   1.5862515235703634        42.465642472834588        8.6294061035294134E-003
   1.5389965621245689        43.580230966098661        1.0169753061850657E-002
   1.5482411451776676        45.682249962242686        7.0659858849849346E-003
   1.5367778874646660        46.503549899082046        7.0961243560278163E-003
   1.5738824771770017        41.016245365440135        8.0138227476086732E-003
   1.4999464543440393        46.696942923799682        1.3987010355920142E-002
   1.5478540116721724        44.939472369840637        7.0207322086023160E-003
   1.5980472913211645        45.537551323703624        1.7673692156519000E-002
   1.5397326237556048        44.843223795510561        7.9488772719288406E-003
   1.5586405043359768        43.185033038500229        7.3455830805921980E-003
   1.5461760210090862        46.089653870736569        7.1754768141514070E-003
   1.5389965621245689        46.211892449650804        7.0607431032406230E-003
   1.5665239390063708        43.023524016068507        7.0702734750254384E-003
   1.5375157326113922        46.503549899082046        7.0839983489993409E-003
   1.5738824771770017        39.554046384862765        1.0289913563323629E-002
   1.5367454322598046        46.696942923799682        7.1091924486965828E-003
   1.5478540116721724        41.588240471613396        1.2115243267870170E-002
   1.5494989075416870        45.500740384555812        7.0426693612490217E-003
   1.5397326237556048        46.265219585241439        7.0491720789635009E-003
   1.5671787434941951        43.185033038500229        7.0769105948982180E-003
   1.5461760210090862        46.089653870736569        7.1754768141514070E-003
   1.5218208683767420        48.294825029961970        7.4741503856324580E-003
   1.5466837212526574        45.471341941599128        6.9716245881959356E-003
   1.5197199595464148        48.413101271597206        7.5443100072767203E-003
   1.5738824771770017        47.577459712550599        1.5820169075153261E-002
   1.5486831328327395        46.696942923799682        8.0793613068058413E-003
   1.5451957024460918        45.205285238224185        7.0537703303403506E-003
   1.5640144490302654        45.500740384555812        8.9370355090833773E-003
   1.5397326237556048        46.265219585241439        7.0491720789635009E-003
             1.5578589940247323        44.154084117062176        6.9623242292668162E-003
   1.5461760210090862        46.089653870736569        7.1754768141514070E-003
   1.5450173675759644        45.421209421845710        6.9994232778052383E-003
   1.5398110494176243        45.804444709110655        7.1229947770837659E-003
   1.5302897975285157        46.503549899082046        7.5344950046802792E-003
   1.5738824771770017        41.016245365440135        8.0138227476086732E-003
   1.5367454322598046        46.696942923799682        7.1091924486965828E-003
   1.5391105701949086        45.918950379381918        7.1203701127893699E-003
   1.5494989075416870        43.838804737809106        7.7278074907939963E-003
   1.5181680065337069        46.265219585241439        1.0046139934023883E-002
   1.5587952263603442        43.941238754362224        6.9729325522158115E-003
   1.5573633003863219        44.969585515458469        7.2641531597706956E-003
