   8.7299570050508706        25.638452463983867        51.560403120116334     
   4.7028683760356946        25.638452463983867        30.681484959399885     
  0.28125556397161300        25.638452463983867        9.4779346984336108     
   9.6844763848847286        25.638452463983867        55.710324933237871     
   6.1348031443475550        25.638452463983867        38.866389249086062     
   7.7678967653737327        25.638452463983867        47.119213468410244     
   6.6116032345339093        25.638452463983867        41.380332985402212     
   9.6620165105161462        25.638452463983867        55.615364691776932     
   3.9905502709801652        25.638452463983867        26.173193657504925     
   5.6890917103208061        25.638452463983867        36.427660083916003     
   8.7299570050508706        25.638452463983867        51.560403120116334     
   4.7028683760356946        25.638452463983867        30.681484959399885     
   0.0000000000000000        25.638452463983867                            NaN
   9.6844763848847286        25.638452463983867        55.710324933237871     
   6.1348031443475550        25.638452463983867        38.866389249086062     
   10.000000000000000        25.638452463983867        57.031401624255452     
   5.7402516858224075        25.638452463983867        36.712203865558301     
   9.6620165105161462        25.638452463983867        55.615364691776932     
   4.2107517481613295        25.638452463983867        27.603406556591818     
   5.6890917103208061        25.638452463983867        36.427660083916003     
   7.4237774044893392        25.638452463983867        45.460309563219447     
   0.0000000000000000        25.638452463983867                            NaN
   1.8145192595804098        25.638452463983867        9.4939155480384514     
   6.5180802141616416        25.638452463983867        40.894545809875574     
   6.1348031443475550        25.638452463983867        38.866389249086062     
   5.1054001366882105        25.638452463983867        33.089779270805323     
   5.7188861609389061        25.638452463983867        36.593522194194875     
   7.6059187069038483        25.638452463983867        46.343253093595514     
   9.8116899763551899        25.638452463983867        56.245851934731434     
   0.0000000000000000        25.638452463983867                            NaN
   7.4237774044893392        25.638452463983867        45.460309563219447     
   0.0000000000000000        25.638452463983867                            NaN
   0.0000000000000000        25.638452463983867                            NaN
   6.5180802141616416        25.638452463983867        40.894545809875574     
   2.5414548484783981        25.638452463983867        15.713974403904896     
   5.1054001366882105        25.638452463983867        33.089779270805323     
   5.7188861609389061        25.638452463983867        36.593522194194875     
   7.6059187069038483        25.638452463983867        46.343253093595514     
   1.7679914097198106        25.638452463983867        9.0633804089304366     
   5.6890917103208061        25.638452463983867        36.427660083916003     
   2.7054350478189448        25.638452463983867        17.008298830040253     
   2.8693572559218765        25.638452463983867        18.269220699289882     
  0.28125556397161300        25.638452463983867        9.4779346984336108     
   6.5180802141616416        25.638452463983867        40.894545809875574     
   4.7718792495130202        25.638452463983867        31.101014551964322     
   1.4171989106702183        25.638452463983867        5.6536154381655823     
   5.7188861609389061        25.638452463983867        36.593522194194875     
   7.6059187069038483        25.638452463983867        46.343253093595514     
   1.7679914097198106        25.638452463983867        9.0633804089304366     
   5.6890917103208061        25.638452463983867        36.427660083916003     
   2.7054350478189448        25.638452463983867        17.008298830040253     
   0.0000000000000000        25.638452463983867                            NaN
  0.28125556397161300        25.638452463983867        9.4779346984336108     
   2.3258243480879788        25.638452463983867        13.956962182963798     
   0.0000000000000000        25.638452463983867                            NaN
   1.4171989106702183        25.638452463983867        5.6536154381655823     
   3.0594832260008658        25.638452463983867        19.693663777375541     
   7.6059187069038483        25.638452463983867        46.343253093595514     
   3.8859107526452012        25.638452463983867        25.481117869600602     
   7.3641573087286787        25.638452463983867        45.168854213405474     
   2.7054350478189448        25.638452463983867        17.008298830040253     
   2.8693572559218765        25.638452463983867        18.269220699289882     
  0.28125556397161300        25.638452463983867        9.4779346984336108     
   2.3258243480879788        25.638452463983867        13.956962182963798     
   2.5414548484783981        25.638452463983867        15.713974403904896     
   1.4171989106702183        25.638452463983867        5.6536154381655823     
   3.0594832260008658        25.638452463983867        19.693663777375541     
   5.1203514010496125        25.638452463983867        33.177480668112210     
   3.2574561006925613        25.638452463983867        21.136844191929487     
   5.6890917103208061        25.638452463983867        36.427660083916003     
   3.7175394813411229        25.638452463983867        24.349787633653229     
  0.91197564631518468        25.638452463983867       0.28333908374219718     
   1.1126553917762363        25.638452463983867        2.4062484088645566     
   2.3258243480879788        25.638452463983867        13.956962182963798     
   0.0000000000000000        25.638452463983867                            NaN
   1.4171989106702183        25.638452463983867        5.6536154381655823     
   3.0594832260008658        25.638452463983867        19.693663777375541     
   5.1203514010496125        25.638452463983867        33.177480668112210     
  0.56199394370388267        25.638452463983867        4.6668979149460377     
   5.6890917103208061        25.638452463983867        36.427660083916003     
   2.7054350478189448        25.638452463983867        17.008298830040253     
   0.0000000000000000        25.638452463983867                            NaN
   2.1533091148373540E-003   25.638452463983867        20.642997663522294     
   2.3258243480879788        25.638452463983867        13.956962182963798     
   1.6093374019389644        25.638452463983867        7.5590740213966408     
   3.7341222066587023        25.638452463983867        24.462210593411143     
   3.0594832260008658        25.638452463983867        19.693663777375541     
   4.7481071463850846        25.638452463983867        30.956819878393866     
  0.56199394370388267        25.638452463983867        4.6668979149460377     
   5.6890917103208061        25.638452463983867        36.427660083916003     
   1.9366979949384335        25.638452463983867        10.603348361979309     
  0.91197564631518468        25.638452463983867       0.28333908374219718     
  0.82763218553709317        25.638452463983867        1.0496975066765712     
   2.3258243480879788        25.638452463983867        13.956962182963798     
  0.91897172523082371        25.638452463983867       0.30704883021024165     
   1.4171989106702183        25.638452463983867        5.6536154381655823     
   3.0594832260008658        25.638452463983867        19.693663777375541     
   5.8450710325806305        25.638452463983867        37.291373991275009     
   7.2169591286628254E-003   25.638452463983867        19.402229725300163     
   3.1355925760493477        25.638452463983867        20.253139924918667     
   1.1263276302898808        25.638452463983867        2.5587678680841748     
  0.91197564631518468        25.638452463983867       0.28333908374219718     
   2.5795319933365772        25.638452463983867        16.017604351609297     
   2.3258243480879788        25.638452463983867        13.956962182963798     
   2.8539865626532950        25.638452463983867        18.152317163298974     
   1.4171989106702183        25.638452463983867        5.6536154381655823     
   1.0967358060165633        25.638452463983867        2.2278583708260595     
   2.2474272866004270        25.638452463983867        13.301345820300869     
   2.5490037491397901        25.638452463983867        15.774321927215928     
   2.1689519303071898        25.638452463983867        12.635433997725990     
   1.1566210837845352        25.638452463983867        2.8943894596086146     
  0.84925799712514327        25.638452463983867       0.78953252077147784     
  0.19902307828710530        25.638452463983867        11.278912176675705     
   2.3258243480879788        25.638452463983867        13.956962182963798     
  0.91897172523082371        25.638452463983867       0.30704883021024165     
   1.4171989106702183        25.638452463983867        5.6536154381655823     
   1.0967358060165633        25.638452463983867        2.2278583708260595     
   2.2474272866004270        25.638452463983867        13.301345820300869     
  0.56199394370388267        25.638452463983867        4.6668979149460377     
   2.1689519303071898        25.638452463983867        12.635433997725990     
   1.4928041158985728        25.638452463983867        6.4152079582814716     
  0.91197564631518468        25.638452463983867       0.28333908374219718     
  0.77748471555141541        25.638452463983867        1.6809813274156318     
   2.3258243480879788        25.638452463983867        13.956962182963798     
  0.92352072798158713        25.638452463983867       0.33337760521025511     
   1.1262445633155131        25.638452463983867        2.5578431675338913     
   1.7332454553542218        25.638452463983867        8.7388239333165441     
   1.5959387420253117        25.638452463983867        7.4293136301975764     
   0.0000000000000000        25.638452463983867                            NaN
  0.99741340203508455        25.638452463983867        1.1000809278894088     
   1.0428992279395646        25.638452463983867        1.6187742365410693     
  0.91197564631518468        25.638452463983867       0.28333908374219718     
  0.82763218553709317        25.638452463983867        1.0496975066765712     
   1.4436263555600459        25.638452463983867        5.9216543047348056     
  0.91897172523082371        25.638452463983867       0.30704883021024165     
   2.0652391734207711        25.638452463983867        11.739767607357207     
   1.0967358060165633        25.638452463983867        2.2278583708260595     
   1.5959387420253117        25.638452463983867        7.4293136301975764     
  0.93966975950393072        25.638452463983867       0.46880848983055023     
  0.99741340203508455        25.638452463983867        1.1000809278894088     
   1.0428992279395646        25.638452463983867        1.6187742365410693     
  0.91197564631518468        25.638452463983867       0.28333908374219718     
   1.0222417952411305        25.638452463983867        1.3832708221784358     
   1.1982802546120157        25.638452463983867        3.3506809089579184     
  0.82741774233248022        25.638452463983867        1.0523254048223947     
  0.58850027718758846        25.638452463983867        4.2751019020474041     
  0.62060614127526015        25.638452463983867        3.8106255550916979     
   1.5959387420253117        25.638452463983867        7.4293136301975764     
  0.78279402731938696        25.638452463983867        1.6128067789734934     
  0.99741340203508455        25.638452463983867        1.1000809278894088     
   1.2343814886814417        25.638452463983867        3.7412236688377103     
  0.46954403504658693        25.638452463983867        6.1005740662606538     
  0.82763218553709317        25.638452463983867        1.0496975066765712     
   1.1982802546120157        25.638452463983867        3.3506809089579184     
  0.91897172523082371        25.638452463983867       0.30704883021024165     
   1.5736726265880938        25.638452463983867        7.2126885174213919     
  0.92676892317767456        25.638452463983867       0.35622752057018992     
   1.2491325923818797        25.638452463983867        3.8995212534982469     
  0.93966975950393072        25.638452463983867       0.46880848983055023     
  0.84082341475740074        25.638452463983867       0.88972235006267864     
   1.0428992279395646        25.638452463983867        1.6187742365410693     
  0.85505386106895753        25.638452463983867       0.72193886901823856     
  0.78699767731838688        25.638452463983867        1.5590288087793069     
   1.2477526698685906        25.638452463983867        3.8847440953762633     
  0.64655559018726039        25.638452463983867        3.4428016542203945     
   1.1262445633155131        25.638452463983867        2.5578431675338913     
  0.92676892317767456        25.638452463983867       0.35622752057018992     
   1.1601493835295378        25.638452463983867        2.9332704986060927     
  0.93966975950393072        25.638452463983867       0.46880848983055023     
   1.0404010399554058        25.638452463983867        1.5903290386640894     
   1.1997619832024913        25.638452463983867        3.3667986673183856     
  0.97945041493765794        25.638452463983867       0.89647466089842665     
  0.82763218553709317        25.638452463983867        1.0496975066765712     
  0.97512797969307985        25.638452463983867       0.84788968351202532     
  0.91897172523082371        25.638452463983867       0.30704883021024165     
   1.1262445633155131        25.638452463983867        2.5578431675338913     
   1.1499086627410733        25.638452463983867        2.8202995035102556     
   1.1601493835295378        25.638452463983867        2.9332704986060927     
  0.93966975950393072        25.638452463983867       0.46880848983055023     
  0.84082341475740074        25.638452463983867       0.88972235006267864     
   1.0428992279395646        25.638452463983867        1.6187742365410693     
   1.0299722816399741        25.638452463983867        1.4714675919574189     
   1.0519240444884828        25.638452463983867        1.7214244054107393     
  0.97512797969307985        25.638452463983867       0.84788968351202532     
  0.81671193481395910        25.638452463983867        1.1844530185416728     
   1.1262445633155131        25.638452463983867        2.5578431675338913     
  0.90985566056031764        25.638452463983867       0.28091354910367894     
  0.94210761352888950        25.638452463983867       0.49267375008812953     
  0.93966975950393072        25.638452463983867       0.46880848983055023     
  0.84082341475740074        25.638452463983867       0.88972235006267864     
   1.0428992279395646        25.638452463983867        1.6187742365410693     
  0.91197564631518468        25.638452463983867       0.28333908374219718     
  0.82763218553709317        25.638452463983867        1.0496975066765712     
  0.94024772840968163        25.638452463983867       0.47441260752388115     
  0.91897172523082371        25.638452463983867       0.30704883021024165     
  0.96820472626152332        25.638452463983867       0.77062659947252632     
  0.90985566056031764        25.638452463983867       0.28091354910367894     
   1.0136876555225487        25.638452463983867        1.2856420470550942     
  0.74896760379841942        25.638452463983867        2.0517034367911209     
  0.84082341475740074        25.638452463983867       0.88972235006267864     
   1.0428992279395646        25.638452463983867        1.6187742365410693     
  0.99969760966229027        25.638452463983867        1.1260914404726674     
  0.82763218553709317        25.638452463983867        1.0496975066765712     
  0.90560045804814215        25.638452463983867       0.28323631112071912     
  0.79830876725933919        25.638452463983867        1.4152394433819668     
  0.96820472626152332        25.638452463983867       0.77062659947252632     
  0.90985566056031764        25.638452463983867       0.28091354910367894     
  0.94210761352888950        25.638452463983867       0.49267375008812953     
