   2.9282414972367130        30.859495072003273        7.3670976317170851
  0.19507892908595448        41.294519738341442        4.4161631591824735
   8.8564447860318491        33.709123088591554        15.125229325043222
   9.4138339760211345        23.070590577699619        14.422635442366717
   3.5663044105915320        17.519749865572230        6.9324797520242303
   1.4800462210233811        4.8094181687240001        1.3954659769883204
   3.3051790924269575       0.20057296782703404        4.4078181695452034
   3.5881704417168834        27.917631130133501        8.3855605011120886
   4.8231706024568020        17.763087677464451        9.1324056483474134
   4.9838345978630292        29.214862250102797        10.831352257174048
   2.9282414972367130        30.859495072003273        7.3670976317170851
   0.0000000000000000        41.294519738341442                            NaN
   7.1260286793108358        36.221781025515504        14.006989830573222
   7.3630348108319339        16.818141610335537        12.053436077813972
   10.000000000000000        17.519749865572230        14.229134275369420
   1.4800462210233811        4.8094181687240001        1.3954659769883204
   3.3051790924269575        0.0000000000000000                            NaN
   3.5881704417168834        27.917631130133501        8.3855605011120886
   0.0000000000000000        17.763087677464451                            NaN
   4.9838345978630292        10.115619443683304        8.3644687407812270
   2.9282414972367130        30.859495072003273        7.3670976317170851
  0.19507892908595448        41.294519738341442        4.4161631591824735
   7.1260286793108358        36.221781025515504        14.006989830573222
   7.3630348108319339       0.93451251539568503        10.731494443114043
   3.5663044105915320        17.519749865572230        6.9324797520242303
   1.4800462210233811        0.0000000000000000                            NaN
   1.5396752094005817       0.20057296782703404        1.8187700811118377
   3.5881704417168834        5.9327706160835980        5.3975077023052371
   4.8231706024568020        17.763087677464451        9.1324056483474134
   4.9838345978630292        10.115619443683304        8.3644687407812270
   2.9282414972367130        30.859495072003273        7.3670976317170851
   0.0000000000000000        41.294519738341442                            NaN
   7.8696407298859912        36.221781025515504        14.636882782342132
   7.3630348108319339        3.2653043017324914        10.749182130033850
   0.0000000000000000        15.922117189578993                            NaN
   1.4800462210233811        0.0000000000000000                            NaN
   1.5396752094005817       0.20057296782703404        1.8187700811118377
   1.6981847857404013        0.0000000000000000                            NaN
   4.8231706024568020        17.763087677464451        9.1324056483474134
   7.3913577570713693        10.115619443683304        11.316749634446159
   5.2601042078344804        0.0000000000000000                            NaN
  0.19507892908595448        35.053445970843043        4.8766334714928794
   7.1260286793108358        36.221781025515504        14.006989830573222
   0.0000000000000000        0.0000000000000000                            NaN
   3.5663044105915320        17.519749865572230        6.9324797520242303
   2.6386024419940464        25.649479691347420        5.9887262236808594
   1.5396752094005817       0.20057296782703404        1.8187700811118377
   4.3483129731583965        5.9327706160835980        6.8406925555253935
   0.0000000000000000        17.763087677464451                            NaN
   3.6996472100026705        10.115619443683304        6.1527685840056705
   2.9282414972367130        0.0000000000000000                            NaN
  0.19507892908595448        41.294519738341442        4.4161631591824735
   7.1260286793108358        36.221781025515504        14.006989830573222
   6.2600686004485873E-002   0.0000000000000000                            NaN
   2.8246484172887847        13.643286672123956        4.7462119884675413
   1.4800462210233811        0.0000000000000000                            NaN
   7.0375473099938377       0.20057296782703404        10.383367333713780
   3.5881704417168834        37.924609138192636        9.5938787018402429
   1.0835389203369339        0.0000000000000000                            NaN
   3.6996472100026705        29.883212528807785        8.8462433836544054
  0.73886846589777289        14.627895909538273        2.7246094188634586
  0.19507892908595448        41.294519738341442        4.4161631591824735
   2.5861118713849973        5.3288639336765513        3.0270964768521171
   5.5715874207509852        15.942025289145898        9.9390691698806837
   4.2385442329333660        25.595768308697025        9.2488014080406806
   1.4800462210233811        0.0000000000000000                            NaN
   1.5396752094005817        12.031887979275524       0.91499449050890436
   0.0000000000000000        37.862875982135797                            NaN
   4.8231706024568020        17.763087677464451        9.1324056483474134
   3.6996472100026705        10.115619443683304        6.1527685840056705
  0.73886846589777289        4.4737464701894307        4.4538370710910478
   2.1324242537601754        0.0000000000000000                            NaN
   2.5861118713849973        10.675719508733135        3.7202420781448837
   5.5715874207509852        15.942025289145898        9.9390691698806837
   0.0000000000000000        13.643286672123956                            NaN
   1.4800462210233811        4.8094181687240001        1.3954659769883204
   4.2141747145473190        12.031887979275524        7.3679080485525228
   3.5881704417168834        6.4950373155534109        5.4627625155243127
   1.8341296828675420        13.674760899750536        1.9900250233836438
   3.6996472100026705        10.115619443683304        6.1527685840056705
  0.73886846589777289        13.903835567816248        2.8345467937439746
   1.2985452646428373        41.294519738341442        3.4662215327355295
   2.5861118713849973        5.3288639336765513        3.0270964768521171
   5.5715874207509852        15.942025289145898        9.9390691698806837
   0.0000000000000000        41.150557665757262                            NaN
   1.4800462210233811        4.8094181687240001        1.3954659769883204
   3.2082991705133912        11.244200589344072        5.2861567147563839
   0.0000000000000000        5.9327706160835980                            NaN
   1.8341296828675420        17.045918686793684        2.4602744615654482
   3.6996472100026705        8.7729405881333964        5.9732946395812236
   2.0704295946081999        14.627895909538273        2.8553966342182950
   2.8535889165831829E-002   41.294519738341442        7.9139534780651166
   1.8138417346672908        5.3288639336765513        1.1808208280716368
   5.5715874207509852        15.942025289145898        9.9390691698806837
  0.16166695881696302        13.643286672123956        7.2350509090921777
   1.4800462210233811        7.5747396556650592        1.0113026507379217
   1.3944744442961465        41.219969234969483        3.8727367898481444
   3.1019867097882807        5.9327706160835980        4.3426108965586474
   2.3996908317818813        6.7970484422324553        2.7137972841234403
   0.0000000000000000        8.7729405881333964                            NaN
  0.73886846589777289        15.038333365853212        2.6630596334893406
   1.2985452646428373        27.002973878255773        1.8076728297181361
   1.8138417346672908        5.3288639336765513        1.1808208280716368
   5.5715874207509852        15.942025289145898        9.9390691698806837
   2.8246484172887847        0.0000000000000000                            NaN
   2.1157506979951597        5.1286095274278676        1.8009139277458965
   4.7261187692478668E-002   15.953344228569236        8.7416885026820843
   0.0000000000000000        5.9327706160835980                            NaN
  0.40208237521198997        34.617579115594573        2.6943106534145129
   3.6996472100026705        8.7729405881333964        5.9732946395812236
   0.0000000000000000        24.843035063456199                            NaN
   0.0000000000000000        20.766700889465152                            NaN
   3.7089945741340489        5.3288639336765513        5.5766613079778722
   5.4016265890968684        15.942025289145898        9.7133794266263340
   2.4634586128794598        19.846706939225896        4.7275126835391372
   1.7645967578151234        7.0871851648172299        1.1324217476571858
   1.5396752094005817        8.4661693203871522       0.88737164070235675
  0.91512961091259237        5.9327706160835980        3.2915965415120088
   1.8341296828675420        8.1799048147735665        1.3491696256697909
   2.6174824386971256        8.7729405881333964        3.5358508171211618
  0.79235175302454819        15.038333365853212        2.3714307059441513
   2.8508059483925976        27.002973878255773        6.6891465863454691
   1.0246650581805605        5.3288639336765513        2.9051115676028449
   5.4016265890968684        9.6326265798647839        8.9117633195751740
   2.8574111158647488        19.846706939225896        5.7228616635213294
   1.3298216662189761        7.5747396556650592        1.3504244916873687
   1.5396752094005817        10.492888283829995       0.84725733890639710
  0.91512961091259237        0.0000000000000000                            NaN
   1.8341296828675420        8.1799048147735665        1.3491696256697909
   2.6174824386971256        8.7729405881333964        3.5358508171211618
  0.79235175302454819        15.038333365853212        2.3714307059441513
   1.2985452646428373        27.002973878255773        1.8076728297181361
   1.8138417346672908        5.3288639336765513        1.1808208280716368
   5.4016265890968684        9.6326265798647839        8.9117633195751740
   2.8797202645449209        19.846706939225896        5.7758685758921029
   1.0813914114566066        7.5747396556650592        2.2502528496208876
  0.94181644429975486        14.129244349448570        1.7627174304348248
  0.91512961091259237        5.9327706160835980        3.2915965415120088
   1.8341296828675420        8.1799048147735665        1.3491696256697909
   2.6174824386971256        8.7729405881333964        3.5358508171211618
  0.79235175302454819        13.379735619506938        2.6261371978326258
   1.2985452646428373        20.896923389999845        1.0435580435809650
   1.8138417346672908        7.9968148982431622        1.2852965703327233
   5.7493729486204082        9.6326265798647839        9.3827496463947533
   2.4634586128794598        9.9074818272848848        3.2906859453923665
  0.98145560259934339        7.5747396556650592        2.6837512952207683
   1.7325791652067772        0.0000000000000000                            NaN
   1.1881772625797633        11.672893230131450        1.1445637438631777
   1.8341296828675420        24.764114478627665        3.5309463245697255
   1.1657408863319625        0.0000000000000000                            NaN
  0.79235175302454819        5.0306641996583004        4.0673487722826902
   1.2985452646428373        20.896923389999845        1.0435580435809650
   1.3000045283026844        5.3288639336765513        1.8289663702507792
   3.4537111705568586        9.6326265798647839        5.5881230163867723
   2.4634586128794598        9.9074818272848848        3.2906859453923665
   0.0000000000000000        7.5747396556650592                            NaN
   1.5396752094005817        4.5220133156794722        1.3113242535610592
   1.1881772625797633        11.672893230131450        1.1445637438631777
   1.1271526240203356        8.1799048147735665        1.9561863204366654
   2.6174824386971256        8.7729405881333964        3.5358508171211618
   1.0838869091582566        15.038333365853212        1.0124906933461810
   1.1599498555021535        26.876900301213965        1.1851722215871578
  0.91867017276637741        5.3288639336765513        3.3878794604165110
   4.3345175344708426        13.269389334801851        7.7435186337757900
   3.2756243659084827        9.9074818272848848        5.2462240943678919
   1.5411793641980869        7.5747396556650592       0.95032110681213078
   1.5396752094005817        10.018459665142132       0.84280695385642079
   1.1881772625797633        0.0000000000000000                            NaN
   2.0844715147362534        6.0084949342218366        1.7965383484461164
   2.6174824386971256        8.7729405881333964        3.5358508171211618
   1.0838869091582566        15.038333365853212        1.0124906933461810
   1.2985452646428373        20.896923389999845        1.0435580435809650
   1.8138417346672908        16.664406465699720        2.3400676859902267
   2.6603564712355046        8.5256890965606349        3.6113563161560673
   2.4634586128794598        11.382114677038647        3.4991925275137850
   1.5411793641980869        7.5747396556650592       0.95032110681213078
   1.5396752094005817        10.018459665142132       0.84280695385642079
   1.1881772625797633        11.672893230131450        1.1445637438631777
   1.8341296828675420        10.374259664789815        1.5690227588380170
   2.6174824386971256        11.753016336838954        3.9553110435156227
   2.1363260794413099        15.038333365853212        3.1109126534770848
   1.2985452646428373        18.173082078550188       0.74309079844787895
   1.8138417346672908        5.3288639336765513        1.1808208280716368
   2.6603564712355046        1.2519706288259087        2.9005215231179347
   1.5016226739946206        9.9074818272848848       0.81381063545882615
   2.1677552585899456        7.5747396556650592        2.1823447050193554
   1.5396752094005817        10.018459665142132       0.84280695385642079
   1.3705386321232407        10.450527409077658       0.84534771932838426
   1.8341296828675420        8.7939818561088945        1.4031659459803556
   1.9573415919227304        16.628546615736745        2.7954737414495749
   1.4537684558783968        20.492677029310119        1.5932194843695178
   1.2985452646428373        22.188981039119053        1.2022238177217033
   1.8138417346672908        5.3288639336765513        1.1808208280716368
   2.6603564712355046        3.1411089427930667        3.0054694255724965
   1.5016226739946206        0.0000000000000000                            NaN
   1.5411793641980869        7.5747396556650592       0.95032110681213078
   1.4761197182201906        16.398087863677144        1.1537814177615975
   1.3705386321232407        15.699646262474591       0.74729303128098323
   1.3514475239202175        3.4845234836205998        1.9795524680170014
   3.2022316188910249        5.6376377588615085        4.5354422618530421
   1.0838869091582566        14.733264898003878        1.0574296093155811
   1.1056413088366417        18.173082078550188       0.53808573936110993
   1.8138417346672908        16.154901256231231        2.2685080436538905
   2.6603564712355046        1.2519706288259087        2.9005215231179347
   1.6911137621275216        8.6982566476473711        1.0559707135976324
   1.5411793641980869        7.5747396556650592       0.95032110681213078
   1.2387736571693710        10.018459665142132        1.2367715209785166
   1.3705386321232407        22.449686533420163        1.5245784448246809
   1.8341296828675420        8.1799048147735665        1.3491696256697909
   1.4288460715602715        9.8440012023200669       0.83445045600136802
   1.0838869091582566        15.038333365853212        1.0124906933461810
   1.4224264009630248        18.173082078550188        1.1789749151549529
   1.8138417346672908        5.3288639336765513        1.1808208280716368
   1.5916082596871006        1.2519706288259087        1.6304233252182629
   1.7490223705603136        9.9074818272848848        1.2805669908036292
   1.5411793641980869        17.403165474117756        1.5080777903383187
   1.4942033275260120        10.745788436101032       0.79214975404351518
   1.5377147782056031        15.699646262474591        1.2793537372044801
   1.8341296828675420        8.1799048147735665        1.3491696256697909
   1.6926964434630869        9.8440012023200669        1.1297857620810885
  0.90747289795369501        11.974630899199887        2.2702818289256661
   1.1056413088366417        26.167623889571484       0.85563071502614185
   1.7750876111799743        5.3288639336765513        1.1340376624356028
   1.4710756330464669        4.1351534594259549        1.5219604574091281
   2.0605989059944969        9.9074818272848848        2.1705850080921181
   1.5411793641980869        2.2277341362641234        1.6316898199700287
   1.3917599367158133        10.745788436101032       0.78897409974570909
   1.3705386321232407        7.3770536464198031        1.2679908829351272
   1.4539712391047268        8.1799048147735665       0.97789722409065183
   1.4288460715602715        9.8440012023200669       0.83445045600136802
   1.1120937813168088        15.038333365853212       0.90891507377791780
   1.3175591674659208        16.194333425689710       0.64522009156532012
   1.7750876111799743        18.571651976631664        2.4792524540448806
   1.4710756330464669        15.044560341927481       0.98598835813678309
   1.5016226739946206        12.377562889976508       0.84848193333693511
   1.4062171024303840        7.5747396556650592        1.1495311533055441
   1.3917599367158133        19.146906408197403        1.1861778611308817
   1.2474796239025803        13.740656324106054       0.69899709002236388
   1.4539712391047268        7.8517353359161630        1.0176140067991439
   1.0157062700959658        9.8440012023200669        2.1312060077945798
   1.1120937813168088        16.249201441886708       0.74407896607012947
   1.3406011010730470        18.173082078550188       0.88572953362700058
   1.4136717326426320        9.6151052784936599       0.87387687406383496
   1.6674210416555535        15.044560341927481        1.6321032007221796
   1.5016226739946206        14.264555887113065        1.0008457414154115
   1.7163870045553122        1.4569354477831551        1.4040729647295682
   1.3917599367158133        9.3976364505970107       0.93269943163953550
   1.2474796239025803        13.762059770856393       0.69673367900356820
   1.3435023940376389        8.1799048147735665        1.2151345547949235
   1.0997191395387758        9.8440012023200669        1.7770364993427366
   1.1120937813168088        16.249201441886708       0.74407896607012947
   1.3469036698973003        12.865805147835749       0.66617936113346277
   1.1997378767061633        9.6151052784936599        1.4352090225398049
   1.0120007237316677        22.026235782466671       0.39832624854940901
  0.83990671590912269        9.9074818272848848        2.9477978383703509
   1.5411793641980869        7.5747396556650592       0.95032110681213078
   1.3917599367158133        15.336742829537981       0.77739293331896064
   1.2474796239025803        8.8307219288123360        1.4015418868368694
   1.4539712391047268        17.120946273639301        1.1634942858861148
   1.1933630235065003        9.8440012023200669        1.4198692117782357
  0.74780329046560023        16.249201441886708        2.4346553388009036
  0.90116990045385048        18.173082078550188        1.3527838724465537
   1.3661246806441856        14.260031480261841       0.66207195613073633
   1.3655771360301150        10.949171008312186       0.79989221879540062
   1.5016226739946206        19.267398163270574        1.6105566154095006
   1.5411793641980869        7.5747396556650592       0.95032110681213078
  0.71382641546494918        15.336742829537981        2.7598465784538520
   1.2751529265245147        13.762059770856393       0.65429231490304562
  0.93766153301205435        8.1799048147735665        2.7759470017755432
   1.4288460715602715        9.8440012023200669       0.83445045600136802
   1.1264244510912529        15.382352885634264       0.81247286482942305
   1.1191117207438863        14.445429835529881       0.96906979253177594
   1.3661246806441856        18.685997875934479        1.0354045705176402
   1.0120007237316677        22.026235782466671       0.39832624854940901
   1.5253234006878955        9.9074818272848848       0.82924365254998367
   1.6733718729538041        7.5747396556650592        1.0007595152140329
   1.3917599367158133        24.972604375192390        1.9354018971807474
   1.2751529265245147        13.762059770856393       0.65429231490304562
   1.6608157604934013        8.1799048147735665       0.98802864679102054
   1.2262904096522913        9.8440012023200669        1.3059525635730369
  0.71761546903567908        16.249201441886708        2.6048679046494096
   1.1056413088366417        18.886260837089324       0.47398179664840717
   1.2415160504901168        16.102326237021284       0.53713581145097389
  0.89246518174584888        22.026235782466671       0.86780663278056813
   1.5601079919969185        9.9074818272848848       0.86777100222885828
   1.5411793641980869        7.5747396556650592       0.95032110681213078
   1.3917599367158133        24.682808938472036        1.8980569717937719
   1.0371714282828348        13.762059770856393        1.3949090872564351
   1.4539712391047268        4.1430487592421485        1.5649434673820928
   1.4288460715602715        14.423756708185934       0.80727349379955682
   1.1120937813168088        20.780496906745839       0.40950673215063849
   1.1056413088366417        18.886260837089324       0.47398179664840717
   1.4225232271146737        16.102326237021284       0.94108606820708318
   1.0617697656427985        16.300765370655139       0.91540833181177905
   1.4378439998255550        13.658054121006415       0.77848921176131036
   1.5411793641980869        19.299966442045619        1.7599517608184232
   1.3917599367158133        12.573056669938873       0.68601458170816176
   1.4533418485974483        10.772198903984107       0.76549935379641509
   1.7922231747926363        8.1799048147735665        1.2471537472528700
   1.3154149276671525        14.423756708185934       0.60591642451235617
   1.1120937813168088        20.780496906745839       0.40950673215063849
   1.1056413088366417        13.495804173867157        1.1606579035705533
   1.3362051817027558        16.102326237021284       0.68519288942562839
   1.0120007237316677        26.125596635453014       0.43934749522399269
   1.4378439998255550        18.746222958904003        1.3071599503975679
   1.5411793641980869        7.5747396556650592       0.95032110681213078
   1.1387464742278770        12.573056669938873        1.1793033467140830
   1.2751529265245147        13.762059770856393       0.65429231490304562
   1.4539712391047268        8.1799048147735665       0.97789722409065183
   1.1269149165220818        14.423756708185934       0.94467344135517073
   1.1120937813168088        20.780496906745839       0.40950673215063849
   1.2291694335671934        14.105425874009512       0.69539801346713193
   1.2415160504901168        20.995389164750609       0.83283318233229608
   1.0120007237316677        22.026235782466671       0.39832624854940901
   1.3571171815384597        12.193055314823855       0.70245282215046256
   1.5411793641980869        7.5747396556650592       0.95032110681213078
   1.5072460922228996        9.6983105789959758       0.82339716874273028
  0.90192534147030945        23.942217908675513       0.58127620397670643
   1.4539712391047268        11.476246764948455       0.74871634274030374
   1.3154149276671525        27.243015423002831        1.9090367336076901
   1.1303545030630897        20.780496906745839       0.44339006404151382
  0.58011049651832691        32.453972769318312        1.4908930402568854
   1.2415160504901168        16.102326237021284       0.53713581145097389
   1.0120007237316677        16.940843623618747        1.0245699878380303
   1.7283922299601413        12.193055314823855        1.4671597620706345
   1.3526421686461556        11.982190584678193       0.72104756255055180
   1.3917599367158133        12.573056669938873       0.68601458170816176
  0.64243929406357614        31.519697260174389        1.1603866464306958
   1.4539712391047268        6.7960146715285283        1.1583300686956775
   1.3194077420641037        14.423756708185934       0.60841062088042042
  0.83631886567055269        20.780496906745839        1.3182867715238693
   1.1845781408704237        18.552809469995761       0.47592817712599339
   1.2050099188396646        16.102326237021284       0.55140094027207665
   1.0397149278735507        22.330236866558685       0.34771979910635148
   1.3571171815384597        7.0617863216873582        1.3552011394337717
   1.3526421686461556        11.982190584678193       0.72104756255055180
   1.3917599367158133        11.254937185199097       0.74804014223879878
  0.90192534147030945        30.170622429705833       0.32692608251947392
   1.4539712391047268        11.476246764948455       0.74871634274030374
   1.4711818050757861        14.423756708185934       0.92544823604306337
   1.1082576690427772        22.298076165921142       0.47249083561997451
   1.1056413088366417        18.886260837089324       0.47398179664840717
   1.1826149077694981        16.102326237021284       0.58212040389491315
   1.0397149278735507        36.927482961907899        1.7638979840343219
   1.4949386375843254        8.6686334348845602       0.88599072787419209
   1.3526421686461556        11.982190584678193       0.72104756255055180
   1.1053827778664753        22.043786127226792       0.44670059434529025
  0.90708731945444310        30.170622429705833       0.35047308842223734
   1.4539712391047268        11.476246764948455       0.74871634274030374
   1.0123503888330208        23.963377905504423       0.31793108712618168
  0.81823307468048156        28.873558580546508       0.40916529661733048
   1.1056413088366417        18.886260837089324       0.47398179664840717
   1.2415160504901168        16.102326237021284       0.53713581145097389
  0.95949678382724535        22.330236866558685       0.53194618962605378
   1.3571171815384597        12.193055314823855       0.70245282215046256
   1.4459507648999910        11.982190584678193       0.73895379681538620
   1.1053827778664753        22.043786127226792       0.44670059434529025
  0.90192534147030945        30.170622429705833       0.32692608251947392
   1.2749305967262541        17.321118217134206       0.60762206956051357
  0.92401035094285167        28.929173524865551       0.31843628189969930
  0.81823307468048156        22.599602996293964        1.1726447073600457
   1.0655073601295781        18.886260837089324       0.56798841784948617
   1.3069361478748356        16.102326237021284       0.61731964845606557
   1.0397149278735507        37.200330434679735        1.7935126447281993
   1.2861206928899434        14.325959028637692       0.60633453692392758
   1.3785816492913461        11.982190584678193       0.70680141288409037
   1.1053827778664753        12.202161569881978        1.3642479514653492
  0.90192534147030945        36.946681992544654        1.0304308506461757
   1.2749305967262541        16.093940465938196       0.56304825234408840
  0.87671213374519774        23.963377905504423       0.69707222172882521
   1.4426945961773696        10.903938988946846       0.75782688487801986
   1.1056413088366417        22.456647960486496       0.47583338985180185
   1.2415160504901168        28.202884737331775        1.7099134248745211
   1.0397149278735507        31.522425813392019        1.1606766469321228
   1.2861206928899434        16.669546874836296       0.59909297784951121
   1.3785816492913461        23.085587114453837        1.6387858615774096
  0.88530746982514952        28.545901830329090       0.21437516949712815
  0.90192534147030945        30.170622429705833       0.32692608251947392
  0.92791058881186739        25.463462029995394       0.31896724363177031
   1.0123503888330208        23.963377905504423       0.31793108712618168
  0.81823307468048156        28.873558580546508       0.40916529661733048
   1.1056413088366417        29.106777229272684        1.2000591570709900
   1.2415160504901168        11.718898412987546       0.97016007442109209
   1.0397149278735507        22.330236866558685       0.34771979910635148
   1.1655110454751594        20.897816784408931       0.54819069983209778
   1.2465292542550162        11.982190584678193       0.91908607586938218
  0.97364750771531861        23.580106210967962       0.35812222963853424
   1.1520229870109937        30.170622429705833        1.5429721731626418
  0.92791058881186739        40.160136467961316        1.5104468408534171
   1.0940779302720436        23.963377905504423       0.56585480173039071
  0.67949076006596065        36.417963873490464       0.39935397957018298
  0.76402331546796309        29.813601209758019       0.59510988350363980
   1.4235602794163205        8.5131365722617662       0.98640283206491630
   1.0397149278735507        22.330236866558685       0.34771979910635148
   1.0763030526147896        23.976469093759587       0.49817723063565056
   1.1903615221532662        11.982190584678193        1.0898017435099034
  0.54668108917744129        28.545901830329090        2.1506582272931931
  0.90192534147030945        30.170622429705833       0.32692608251947392
  0.80343938855901653        28.333868409249568       0.54660481706607311
   1.1654391143934073        20.408601937812321       0.51222701575868357
  0.85577621788925962        36.417963873490464       0.71374449877024371
  0.94512214701377351        18.886260837089324        1.0433625122173542
   1.0400558177419255        21.342276470571427       0.39705177596316221
  0.95109387707247040        22.330236866558685       0.56515854027189516
   1.0763030526147896        28.131636208310059       0.94744773490732515
   1.6200705315541826        2.7185473721344913        1.4075302047614255
  0.32603475844484120        28.545901830329090        3.9756906775610181
   1.2895329657908059        16.234121317534338       0.58871012375995158
  0.89664039686900165        25.464285468104155       0.42811016563285209
   1.0123503888330208        23.963377905504423       0.31793108712618168
  0.82807252274847498        36.417963873490464       0.55375380548398889
  0.63300130865706450        18.886260837089324        2.7420724696521499
  0.97824585967303745        26.164075910234313       0.32060123779471345
   1.0397149278735507        21.253910194436081       0.40411175279735423
   1.0763030526147896        23.976469093759587       0.49817723063565056
   1.0900280430022020        11.982190584678193        1.4604586571297142
  0.88530746982514952        28.545901830329090       0.21437516949712815
  0.90192534147030945        30.170622429705833       0.32692608251947392
   1.1852815428097565        18.455276064066755       0.47568465354014777
  0.78262296268135501        32.766668283100806       0.18862200689241596
  0.75698439186961175        36.417963873490464       0.14989478934575370
   1.1056413088366417        15.920016445791639       0.80907439010577120
   1.1369684221198364        19.399604060939964       0.43104468009403735
  0.66056103189212301        34.788257024710035       0.69163379621696186
   1.0763030526147896        23.976469093759587       0.49817723063565056
   1.3785816492913461        15.781031787864062       0.77611591674208547
   1.2419874394278516        15.008172978344147       0.59259306744096263
  0.90192534147030945        30.170622429705833       0.32692608251947392
  0.92791058881186739        25.463462029995394       0.31896724363177031
  0.78262296268135501        30.861207547024986       0.37570046784147854
  0.89372534942341630        27.654362398694410       0.24237108884306449
   1.1056413088366417        18.886260837089324       0.47398179664840717
  0.97824585967303745        23.230781838557910       0.37621034591296876
   1.0397149278735507        50.000000000000000        3.0874448117263875
   1.0763030526147896        36.343357046548554        1.8844332558080579
   1.3785816492913461        11.982190584678193       0.70680141288409037
   1.0508640676011884        28.545901830329090       0.87421534929880584
  0.90522603030819182        30.170622429705833       0.34191181463979731
  0.92791058881186739        37.256127112697655        1.2071311286201156
  0.78262296268135501        32.766668283100806       0.18862200689241596
  0.75698439186961175        36.417963873490464       0.14989478934575370
   1.1056413088366417        18.886260837089324       0.47398179664840717
  0.97824585967303745        26.164075910234313       0.32060123779471345
   1.0397149278735507        26.648655111854456       0.61079613422180645
   1.0763030526147896        31.285032151383099        1.3133971796075024
   1.3785816492913461        11.982190584678193       0.70680141288409037
  0.74915890716931377        28.545901830329090       0.82714810627482394
  0.90192534147030945        35.934399060444093       0.92321733812571138
  0.92791058881186739        50.000000000000000        2.4713059385860952
  0.78262296268135501        32.766668283100806       0.18862200689241596
  0.75698439186961175        34.341127190774486       0.16285210394438115
  0.57436532818608677        38.254749899276803       0.94854051312541388
  0.97824585967303745        26.164075910234313       0.32060123779471345
   1.0397149278735507        22.330236866558685       0.34771979910635148
  0.97720551042382520        28.988643942432876       0.56783487567508950
   1.3785816492913461        11.982190584678193       0.70680141288409037
  0.88530746982514952        28.545901830329090       0.21437516949712815
   1.0555323408925119        30.170622429705833        1.0835870674935757
  0.74839151655570668        25.463462029995394        1.2003952284898833
  0.91811679677706604        28.382189260819793       0.26082208746862723
  0.80615964643002236        33.350892638549965       0.16076846718572166
   1.1056413088366417        16.686695988030671       0.70850621868933372
  0.73355471798673966        26.164075910234313        1.2021351607965960
   1.0397149278735507        30.643347850944796        1.0602585816925307
   1.0763030526147896        43.714236711610361        2.6632234511989594
   1.3785816492913461        34.762694624497605        3.0834591072110311
  0.68851702534559889        40.128214224378567        7.9393376166831717E-002
  0.90192534147030945        39.646451759152832        1.3118787053946808
   1.2893813457121579        25.463462029995394        1.5758648694493445
  0.78262296268135501        32.766668283100806       0.18862200689241596
  0.73744769478853600        36.417963873490464        9.8808322414695213E-002
  0.80060286307522022        34.516224061651528       0.21544624621423886
  0.83804977050462559        26.164075910234313       0.62084792312861004
  0.55536865759634879        46.765893874207073       0.32156041792000750
   1.0763030526147896        23.976469093759587       0.49817723063565056
   1.3785816492913461        11.982190584678193       0.70680141288409037
  0.68851702534559889        40.128214224378567        7.9393376166831717E-002
  0.90192534147030945        30.152397001949957       0.32534817533585325
  0.92791058881186739        25.463462029995394       0.31896724363177031
  0.78262296268135501        49.993939165461882        1.5896444628059643
  0.71450504983052343        35.667298949294370       0.25790298787664678
  0.69993934803309643        34.516224061651528       0.46549208144418425
  0.97824585967303745        33.547360226648287        1.0750700650707985
  0.55536865759634879        46.765893874207073       0.32156041792000750
  0.45642162896117489        23.976469093759587        3.3362698410247784
   1.3785816492913461        0.0000000000000000                            NaN
  0.68851702534559889        50.000000000000000       0.96098861422118687
  0.90192534147030945        32.457811559404696       0.55298840410928418
   1.0384072976744063        19.264950659571603       0.60996065273412703
  0.73002217641723210        36.975352060771428        9.2322684261452931E-002
  0.30451068070656939        50.000000000000000        2.4165857151130004
  0.71299332834927387        34.516224061651528       0.38467084045077898
  0.96083017463145348        29.034249955257206       0.49405186319717592
  0.55536865759634879        50.000000000000000        9.7890400720622453E-002
   1.0763030526147896        23.976469093759587       0.49817723063565056
   1.5107995308017925        10.509737521709258       0.81026616303794541
  0.68851702534559889        42.650503955264277       0.29266350705422434
  0.90192534147030945        29.701908416135115       0.28865085413083991
  0.98842619748525684        22.483097435243419       0.41707008672597667
  0.84787164774117663        36.975352060771428       0.72608129618008799
  0.62808300062935118        36.417963873490464       0.74476956680231376
   1.1921596534272805        34.516224061651528        2.2352229568955870
  0.65764575091733024        26.164075910234313        1.6693456848960377
  0.60035962262979192        46.730289505179861        7.5809566210713719E-002
   1.0763030526147896        13.363816512689205        1.2959007400450842
  0.84068857188282631        37.009671096250059       0.68796951753514313
  0.68851702534559889        42.958480229099209       0.32130141065847939
  0.90192534147030945        29.701908416135115       0.28865085413083991
  0.63691669443061916        45.149732331860648       0.16958438855980862
  0.73002217641723210        27.235821340227631        1.0946391173407473
  0.73744769478853600        48.735108234170937        1.1811307981174874
  0.89754252244016008        31.569841290356820       0.43846871733416781
  0.86130053570937892        26.164075910234313       0.50615089962670801
  0.47862238540001001        46.730289505179861       0.95309591917758996
  0.47877897291217913        49.697953814214728       0.70961283402894570
  0.71092009259683042        45.550274227402227       0.71301784292748360
   1.0099067460512270        26.370982530301095       0.45305078654520758
  0.90192534147030945        32.661980458712122       0.57449145761643494
  0.50262877575610143        45.149732331860648       0.88355332292456090
  0.36964433304994615        50.000000000000000        1.7134081627692159
  0.65564281477608166        36.417963873490464       0.55667141143195475
  0.80060286307522022        34.516224061651528       0.21544624621423886
   1.0840697676921740        22.764751212765962       0.43041497663783557
  0.74247401990804573        46.730289505179861        1.0315250482779061
  0.72724366871297463        23.976469093759587        1.5090086308273907
  0.72388965952565876        37.009671096250059        9.8591736842365385E-002
  0.68851702534559889        31.356194907899148       0.87835552661473426
  0.90192534147030945        27.698825506376377       0.23105351832595616
  0.67052826763982587        45.149732331860648       0.40106039010804950
  0.73002217641723210        36.975352060771428        9.2322684261452931E-002
  0.73744769478853600        36.417963873490464        9.8808322414695213E-002
  0.73479993711298019        36.781338746719065        9.4990558546149642E-002
  0.97824585967303745        15.447996239534246        1.3924891396513905
  0.60035962262979192        39.309068261663818       0.65630370207963484
  0.84520794308486824        32.911926496100449       0.30024825549208217
  0.72388965952565876        40.193036245790466       0.29215463458649438
  0.68851702534559889        33.734846251317961       0.62049246215856813
  0.90192534147030945        9.9170286365336260        2.6413405347379642
  0.63691669443061916        45.149732331860648       0.16958438855980862
  0.45408877719626572        36.975352060771428        2.0221848230910893
  0.41686643880644003        36.417963873490464        2.3960154439681056
  0.46689978932703069        50.000000000000000       0.78970477274815398
  0.97824585967303745        38.818782756366822        1.6452436258912442
  0.60035962262979192        46.730289505179861        7.5809566210713719E-002
  0.72312414955513737        40.410165599034499       0.30789678030171497
  0.84985306919804748        37.009671096250059       0.74109421618208082
  0.52581593308740271        50.000000000000000       0.29309450651358310
  0.90192534147030945        47.955506891611670        2.1303321563041369
  0.63691669443061916        45.149732331860648       0.16958438855980862
  0.50145735181258000        50.000000000000000       0.49187485140596554
  0.57766877653455695        45.514353288051630       0.25801262823555809
  0.79547414194433430        35.732147328315833       0.29706786920100697
  0.97824585967303745        45.582738805312708        2.3323953529470591
  0.60035962262979192        44.235455002677057       0.20205563846990038
  0.93236913270015975        32.911926496100449       0.76357990987522428
  0.72388965952565876        37.009671096250059        9.8591736842365385E-002
  0.68851702534559889        40.128214224378567        7.9393376166831717E-002
  0.90192534147030945        37.386320258544330        1.0767351089727777
  0.63691669443061916        45.149732331860648       0.16958438855980862
  0.73002217641723210        46.758279766832175       0.95187946704019355
  0.73605679028904203        35.244514212920002       0.18029603202513400
  0.62392111642195081        36.781338746719065       0.73713986421878275
  0.61189086034972395        26.164075910234313        1.9678843208760350
  0.60035962262979192        42.559808713400606       0.35122501568442793
  0.84520794308486824        32.911926496100449       0.30024825549208217
  0.72388965952565876        37.009671096250059        9.8591736842365385E-002
  0.53914867843554481        50.000000000000000       0.19181704417572429
  0.90192534147030945        37.997155824744041        1.1407799933787390
  0.63691669443061916        45.149732331860648       0.16958438855980862
  0.67162524677750735        36.975352060771428       0.39415485789513938
  0.74266550009350130        39.390572827418879       0.33385360466766756
  0.82246835605351809        36.781338746719065       0.55819106686042830
  0.81941951157732185        34.568545613653583       0.31928225790224701
  0.60035962262979192        40.190785288308483       0.57203272682406958
  0.66716991732802866        32.911926496100449       0.84655984966368758
  0.72388965952565876        37.009671096250059        9.8591736842365385E-002
  0.77796155333159878        37.044336322375415       0.32178775870979359
  0.90192534147030945        27.698825506376377       0.23105351832595616
  0.63691669443061916        45.149732331860648       0.16958438855980862
  0.73002217641723210        50.000000000000000        1.2447737381089372
  0.73744769478853600        36.417963873490464        9.8808322414695213E-002
  0.62156071783580669        41.921921162716785       0.25767280203434001
  0.81941951157732185        28.959113408719460       0.39394510433482949
  0.52983370045714639        46.730289505179861       0.52616128399676565
  0.73396400104567272        32.911926496100449       0.42826598758501383
  0.67713609728833191        37.009671096250059       0.35480462260858198
  0.68851702534559889        40.128214224378567        7.9393376166831717E-002
  0.96639868408821106        27.698825506376377       0.39113383047411482
  0.54410766855966952        50.000000000000000       0.15736110387050348
  0.73002217641723210        47.255285907366307       0.99741750406568852
  0.73744769478853600        22.283196001279961        1.6650833713280606
  0.73479993711298019        36.781338746719065        9.4990558546149642E-002
  0.81941951157732185        34.568545613653583       0.31928225790224701
  0.60035962262979192        46.730289505179861        7.5809566210713719E-002
  0.71220974802829751        32.911926496100449       0.55986532708110859
  0.72388965952565876        40.347977073644529       0.30687082237347735
  0.52525180520065651        49.476260767447521       0.33831098009979504
  0.91889764047992528        28.765559333627625       0.28652621232129483
  0.38907628362149305        50.000000000000000        1.5179715684762247
  0.73002217641723210        36.975352060771428        9.2322684261452931E-002
  0.73744769478853600        36.417963873490464        9.8808322414695213E-002
  0.73479993711298019        36.781338746719065        9.4990558546149642E-002
  0.81941951157732185        34.568545613653583       0.31928225790224701
  0.50821100929568297        46.730289505179861       0.70294127620477043
  0.56759084882625077        32.911926496100449        1.5332817529003104
  0.74956293288170650        38.368361463526668       0.27853688520833830
  0.71175904383604160        38.012028345923028        8.3052681009005092E-002
  0.90192534147030945        30.345048881840704       0.34232920283983925
  0.69705743742284376        42.748969108373956       0.35878054025929873
  0.62479601555570419        36.975352060771428       0.71158988493543540
  0.76569860752494456        36.417963873490464       0.19413505967340183
  0.80669921815752788        36.781338746719065       0.46555319609577578
  0.71622892744423128        34.568545613653583       0.35958587378137236
            0.60035962262979192        46.730289505179861        7.5809566210713719E-002
  0.84520794308486824        32.911926496100449       0.30024825549208217
  0.72388965952565876        37.009671096250059        9.8591736842365385E-002
  0.85299307415001102        40.128214224378567        1.0792365717372672
  0.73972460230318027        27.698825506376377       0.98209552022188606
  0.54410766855966952        49.573022209684275       0.18638229775433313
  0.73002217641723210        45.142608526254591       0.80225287514064536
  0.68767624548015494        40.138387740219052        7.6858897484494801E-002
  0.73479993711298019        50.000000000000000        1.2767906224781886
  0.81941951157732185        34.568545613653583       0.31928225790224701
  0.31410548430127999        50.000000000000000        2.3078357019583331
  0.84520794308486824        32.911926496100449       0.30024825549208217
