  0.74334243736914940        21.594171111480346        5.4741310036072068     
   2.9449002369508808        30.278450468346001        31.246177475405318     
  0.11492643667162850        42.405411608634047        15.886104120738375     
   2.6367289826540730        35.615777298308302        31.515235809735778     
   2.4356829244166098        55.024387010485619        40.924339700009071     
   4.6626140623464654        48.246647735900517        62.813391380610049     
   3.5378861508003956        38.315221177672221        43.844389720680375     
   3.0509660900393119        38.920420990670422        38.773357267596786     
   1.7861838851302809        60.116296890148732        33.647109446297691     
   4.1897969481490289        66.123234328926827        69.440593442879418     
   1.2355689698673111        21.594171111480346        2.9187663888340203     
   2.9449002369508808        40.458761484784183        38.574457342289861     
  0.11492643667162850        42.405411608634047        15.886104120738375     
  0.80721355681193552        35.615777298308302        3.4962594861147407     
   0.0000000000000000        55.024387010485619                            NaN
   4.6626140623464654        48.246647735900517        62.813391380610049     
   3.5378861508003956        27.123468479152724        35.097136982897148     
   3.0509660900393119        38.920420990670422        38.773357267596786     
   1.7861838851302809        13.608347978836566        4.2489079411982589     
   0.0000000000000000        66.123234328926827                            NaN
   0.0000000000000000        21.594171111480346                            NaN
   3.0574667394627015        37.332827303255911        37.732774504616692     
   0.0000000000000000        10.000000000000000                            NaN
   2.9995580428298263        35.615777298308302        35.834409208064521     
  0.12758449810665073        55.024387010485619        11.928250847999628     
   4.6626140623464654        44.255333184406680        59.910528502483928     
   0.0000000000000000        27.123468479152724                            NaN
   3.3382312305490305        38.920420990670422        42.068633940624068     
   1.7861838851302809        13.608347978836566        4.2489079411982589     
   4.1897969481490289        66.123234328926827        69.440593442879418     
   0.0000000000000000        44.631822015318335                            NaN
   2.9449002369508808        16.471524158767856        19.488599845869345     
  0.11492643667162850        42.405411608634047        15.886104120738375     
   1.0397873742350463        35.615777298308302        8.0607891853401554     
   2.7635327011194133        55.024387010485619        45.406865611963681     
   2.5943878174095047        63.184657582038660        47.624364635223174     
  0.38053479609668717        27.123468479152724        10.686688361902455     
   3.0509660900393119        38.920420990670422        38.773357267596786     
   1.7861838851302809        13.608347978836566        4.2489079411982589     
   3.7248420169186689        45.335391399785806        50.878829572116963     
   1.2355689698673111        31.031733120694504        8.9029840972207701     
   2.9449002369508808        10.000000000000000        12.933960211099429     
  0.11492643667162850        42.405411608634047        15.886104120738375     
  0.80721355681193552        35.615777298308302        3.4962594861147407     
  0.12758449810665073        56.669516591801177        11.543152124532336     
  0.86836077038544979        30.225885121329579        1.9122143255257560     
  0.38053479609668717        10.000000000000000        20.288112243624301     
   3.0509660900393119        45.619703124393503        43.279487269048012     
   2.9754140430003684        13.608347978836566        16.987897771737980     
   3.7248420169186689        45.335391399785806        50.878829572116963     
   1.2355689698673111        21.594171111480346        2.9187663888340203     
   0.0000000000000000        10.000000000000000                            NaN
   2.2265207412174828        39.931302934641884        29.093106746578162     
  0.53914098908498609        40.256321744340212       0.91548739051026629     
   1.9897843780149707        56.669516591801177        35.202208796182518     
   0.0000000000000000        50.718506959976224                            NaN
   1.4820327602563823        11.778108140641336        2.6335104006966450     
   3.4607172460306250        10.000000000000000        17.791955680398711     
   3.4520079749502575        10.000000000000000        17.711772054628202     
   3.7248420169186689        45.335391399785806        50.878829572116963     
   1.2355689698673111        43.464750103703153        15.751968168181643     
   2.5638187145348210        10.000000000000000        9.2058933221383583     
  0.73748041246624818        27.144313060767004        2.3688015700470451     
   0.0000000000000000        70.000000000000000                            NaN
  0.12758449810665073        56.669516591801177        11.543152124532336     
   1.9878908408460005        30.225885121329579        19.495664753244171     
   1.4820327602563823        11.778108140641336        2.6335104006966450     
   3.4607172460306250        10.000000000000000        17.791955680398711     
   1.7861838851302809        13.608347978836566        4.2489079411982589     
   3.7248420169186689        45.335391399785806        50.878829572116963     
   1.0914012567220965        21.594171111480346       0.89458237798454521     
   2.5638187145348210        65.860470501703020        48.598218690904076     
  0.73748041246624818        27.144313060767004        2.3688015700470451     
  0.53914098908498609        40.256321744340212       0.91548739051026629     
   2.1226443250251394        17.496497816316644        11.424799629512231     
  0.86836077038544979        30.225885121329579        1.9122143255257560     
  0.46349403861787164        48.238332347176666       0.91134275745643101     
   3.4607172460306250        65.652433766131054        60.486668494751846     
   1.7861838851302809        50.202847714918391        28.592164000217387     
   0.0000000000000000        21.710573583414888                            NaN
   1.2500727954271063        11.104564164621779        5.6932117278019509     
   2.5638187145348210        10.000000000000000        9.2058933221383583     
   3.1845038734817757        27.144313060767004        31.405367952715899     
  0.53914098908498609        22.313931475226280        9.1954831720638737     
  0.86779833355967617        29.460481667224016        1.4830986862835505     
  0.86836077038544979        30.225885121329579        1.9122143255257560     
   1.3503208557247861        48.238332347176666        20.234600387604733     
   3.4607172460306250        10.000000000000000        17.791955680398711     
   0.0000000000000000        10.000000000000000                            NaN
   3.7248420169186689        28.507018888892070        38.162557589472030     
   1.0914012567220965        30.230843173173305        5.9870815358116465     
   3.2374540509061349        10.000000000000000        15.716715897846354     
   0.0000000000000000        27.144313060767004                            NaN
  0.53914098908498609        29.963121412519282        5.2765990643162839     
  0.28595697367859996        36.764352233498052        9.7536079442363377     
   0.0000000000000000        30.225885121329579                            NaN
   3.2300264617775500        10.000000000000000        15.646961948994452     
  0.37985373664749567        10.000000000000000        20.302334563029380     
   1.8670189139792064        13.608347978836566        5.1486687244825404     
   3.7248420169186689        28.507018888892070        38.162557589472030     
  0.87221215764339532        38.469386540608077        6.2492717504126780     
   2.5638187145348210        10.000000000000000        9.2058933221383583     
   0.0000000000000000        37.479172994462083                            NaN
  0.53914098908498609        37.525881037766858        1.9110731638309970     
  0.86779833355967617        29.460481667224016        1.4830986862835505     
  0.26950625132448625        30.225885121329579        12.788049672258644     
  0.46349403861787164        48.238332347176666       0.91134275745643101     
   3.4607172460306250        10.673349140887677        18.543929696846384     
   1.7861838851302809        13.608347978836566        4.2489079411982589     
   3.7248420169186689        28.507018888892070        38.162557589472030     
   1.0914012567220965        30.869508000664624        6.3570383150709109     
   2.5638187145348210        10.000000000000000        9.2058933221383583     
  0.73748041246624818        21.856303457460086        5.4242636223441805     
   2.9548291902316191        12.525299725427928        15.679933917245389     
  0.86779833355967617        18.206283379147067        5.4834049564162610     
  0.86836077038544979        30.225885121329579        1.9122143255257560     
  0.46349403861787164        48.238332347176666       0.91134275745643101     
   3.4607172460306250        38.491153395709247        43.124759007275507     
   1.7861838851302809        13.608347978836566        4.2489079411982589     
   3.7248420169186689        13.399770912727385        23.959531490686665     
   1.0914012567220965        21.594171111480346       0.89458237798454521     
   2.5638187145348210        19.692567982722789        18.352506687679885     
  0.73748041246624818        18.611588261624814        7.4737637927808782     
   0.0000000000000000        50.965112522789120                            NaN
   2.3944314461116969        13.438555303246973        10.812693688149031     
   0.0000000000000000        30.225885121329579                            NaN
  0.46349403861787164        48.238332347176666       0.91134275745643101     
   3.8241634888138183        10.000000000000000        21.084624033211586     
   0.0000000000000000        13.608347978836566                            NaN
   5.0000000000000000        13.399770912727385        35.097557217977766     
   1.0914012567220965        21.594171111480346       0.89458237798454521     
   2.5638187145348210        10.000000000000000        9.2058933221383583     
  0.73748041246624818        38.782180215675552        3.5203016272080103     
  0.53914098908498609        40.256321744340212       0.91548739051026629     
  0.86779833355967617        29.460481667224016        1.4830986862835505     
   0.0000000000000000        41.483048560306905                            NaN
  0.46349403861787164        25.655222383387009        9.2146628479803354     
   2.5604682164460417        11.350746088012428        10.520725019103049     
  0.60020288138320310        13.608347978836566        13.399045476854960     
   3.7248420169186689        13.399770912727385        23.959531490686665     
   1.0914012567220965        42.909500100037405        12.786509723488225     
   2.3743709808954589        13.503706633123713        10.659052923835604     
  0.73748041246624818        37.546120375029759        2.9421393856061697     
  0.53914098908498609        38.165002791975489        1.6558898380917713     
  0.86779833355967617        10.000000000000000        11.901690591439930     
   3.3811837736747736        14.472690440391043        21.846713537463074     
  0.46349403861787164        48.238332347176666       0.91134275745643101     
   2.5604682164460417        10.611028903625584        9.7832356331163481     
   1.7861838851302809        31.725362282091098        17.729965218181569     
   3.7248420169186689        17.303973888393632        27.986714283733871     
   1.0914012567220965        23.447105996645956        1.8858554261561338     
   2.5638187145348210        23.976833539251722        21.944294835683518     
  0.73748041246624818        27.181530954603105        2.3483846491082794     
  0.53914098908498609        40.256321744340212       0.91548739051026629     
  0.86779833355967617        29.460481667224016        1.4830986862835505     
   0.0000000000000000        41.486220731500943                            NaN
   2.1426799017337439        48.238332347176666        32.905621740360353     
   2.5604682164460417        10.000000000000000        9.1726924507269985     
   1.7861838851302809        24.096953422956886        12.452772018220799     
   4.0504045161019562        10.000000000000000        23.083982628505829     
   1.0914012567220965        21.594171111480346       0.89458237798454521     
   2.5638187145348210        10.000000000000000        9.2058933221383583     
   2.3665165152600092        27.181530954603105        22.118946144704438     
  0.53914098908498609        42.652934104889347       0.74685045564716390     
  0.86779833355967617        28.641590454150425        1.0339388725474550     
  0.86836077038544979        30.225885121329579        1.9122143255257560     
   2.8471854205905602        48.238332347176666        42.418501125382882     
   2.8457840651157600        10.000000000000000        11.974861804451630     
   1.7861838851302809        10.000000000000000        2.5249304512279496     
   2.7947674497923956        19.579798547050025        20.776253325978185     
   0.0000000000000000        21.594171111480346                            NaN
   2.5638187145348210        10.000000000000000        9.2058933221383583     
  0.73748041246624818        59.689736332254725        12.226069840542769     
  0.53914098908498609        42.652934104889347       0.74685045564716390     
   1.6339311010021145        38.042007715616982        19.407092278333117     
   2.1812429340250454        30.225885121329579        22.028304292048986     
  0.73579566468123547        36.336998188798347        2.3318879458407018     
   3.1489058959124292        10.000000000000000        14.882107972624210     
   1.7861838851302809        10.000000000000000        2.5249304512279496     
   2.5757206556318142        19.579798547050025        18.386472806252446     
   1.0914012567220965        16.633342194233297        3.1911653481765283     
   2.5638187145348210        10.000000000000000        9.2058933221383583     
  0.73748041246624818        27.181530954603105        2.3483846491082794     
  0.53914098908498609        42.652934104889347       0.74685045564716390     
  0.74560587420301883        28.641590454150425        1.3943553559869597     
  0.52739923360691066        30.225885121329579        5.4366281958461622     
   0.0000000000000000        48.238332347176666                            NaN
   2.5604682164460417        10.000000000000000        9.1726924507269985     
   1.7861838851302809        10.000000000000000        2.5249304512279496     
   2.5757206556318142        35.720814618408468        30.836493761560000     
  0.93093444597816655        34.141146459283249        5.2183521376341071     
   1.7705398364220200        10.000000000000000        2.5046017366131434     
  0.80091808124773356        22.233095933966602        4.0154691296062488     
   0.0000000000000000        57.566206468209685                            NaN
   0.0000000000000000        53.827730028618113                            NaN
  0.86836077038544979        36.192807613378150        5.0396680410177872     
  0.46349403861787164        53.220308544455072        2.2772869258135566     
   2.5604682164460417        10.000000000000000        9.1726924507269985     
   2.5437750755006370        10.000000000000000        9.0072009604191905     
   2.5757206556318142        51.973832681478278        41.115103049134774     
   1.0914012567220965        21.594171111480346       0.89458237798454521     
   1.8190302688463773        10.000000000000000        2.6084808870756158     
   0.0000000000000000        27.181530954603105                            NaN
  0.53914098908498609        50.316772942529369        3.3984676478674212     
  0.86779833355967617        30.023585145907521        1.7911341037076283     
   0.0000000000000000        48.953504738831100                            NaN
   1.8751686545833053        29.076685055408703        17.185268735066494     
   2.5604682164460417        33.569093475793451        29.146558838267456     
   1.7861838851302809        37.272012542917956        21.234733625766296     
   2.5757206556318142        20.284284290929200        18.996884114629591     
  0.88472734480359505        26.131187797695851       0.30288011238039114     
   1.7705398364220200        47.425098016689610        26.847668920628500     
  0.73748041246624818        32.757270064383690       0.63620497173169144     
  0.53914098908498609        57.062891885567019        5.8168829716946444     
  0.56452048304421498        49.754986994052743        3.8825572815364753     
  0.99414929675496588        30.225885121329579        4.2589794494198179     
  0.46349403861787164        59.057589192861165        4.1812808940807384     
   1.9743221728428817        26.430439727326807        16.633293513935865     
   1.7861838851302809        53.720834610876139        30.436009608208984     
   2.5757206556318142        41.727814882436547        34.838706149980311     
  0.88472734480359505        52.253535081607332        12.792024833970059     
   1.7705398364220200        17.893701819064361        7.4921287691502432     
   1.4715321710679441        28.162383195792433        10.824449299687437     
  0.53914098908498609        42.652934104889347       0.74685045564716390     
   1.5881878266571858        13.995790082120338        2.4400635843974698     
   0.0000000000000000        57.977064526376509                            NaN
   0.0000000000000000        48.238332347176666                            NaN
   2.5604682164460417        10.000000000000000        9.1726924507269985     
   2.7903284826490609        10.000000000000000        11.434783424562202     
   1.4035436068037195        19.579798547050025        3.9437687711880485     
  0.88472734480359505        13.226237559539170        8.9130096787188737     
   1.7705398364220200        27.736799836026229        14.829181405243846     
  0.73748041246624818        32.757270064383690       0.63620497173169144     
   0.0000000000000000        42.652934104889347                            NaN
  0.86779833355967617        28.641590454150425        1.0339388725474550     
   1.9331356252055509        30.225885121329579        18.759466501632517     
  0.46349403861787164        23.111639608772215        10.503895500945848     
   1.1303151100661357        39.454551955536402        11.758842185185722     
   6.7710140037661182E-002   10.000000000000000        29.331034460891303     
   1.4035436068037195        10.000000000000000        4.9487369027667656     
  0.13268769025491678        26.131187797695851        19.781660836622983     
   2.7796381662485867        10.000000000000000        11.330394822489918     
   1.5339086088832414        13.215754564137406        1.8603318540804994     
  0.70088222963209512        36.281280692792315        1.5485318039430838     
  0.86779833355967617        10.000000000000000        11.901690591439930     
   3.7699263239912240E-002   46.354834553138012        21.787183034713145     
   1.0010406744621803        22.615435747636056       0.60871537050864777     
   2.5604682164460417        10.000000000000000        9.1726924507269985     
   1.7861838851302809        44.304228098338044        25.359316862236785     
   1.4035436068037195        19.579798547050025        3.9437687711880485     
  0.88472734480359505        26.131187797695851       0.30288011238039114     
   2.0596191601797234        10.000000000000000        4.2823416024986454     
  0.73748041246624818        32.757270064383690       0.63620497173169144     
   0.0000000000000000        54.943820052684693                            NaN
   1.8535466125490112        10.000000000000000        2.7500366703361321     
  0.97511299065847323        23.985337871786506       0.49668350841643727     
   1.0010406744621803        22.615435747636056       0.60871537050864777     
   2.5604682164460417        10.000000000000000        9.1726924507269985     
   1.5940078814350132        10.000000000000000        3.1453738110396436     
   1.4035436068037195        19.579798547050025        3.9437687711880485     
  0.53594974354480529        26.131187797695851        7.2429611495560229     
   1.7705398364220200        10.297015994412902        2.4762917925616077     
   1.4642581704423474        28.489711757332305        10.928046569687540     
   1.1767704569589390        26.770917134164069        5.3390353313511554     
   1.0688076025115056        28.641590454150425        4.6633644657578843     
   1.0234935786246564        20.546458474336472        1.4377729439349254     
   1.9112476253422610        10.000000000000000        3.0852837080555262     
   2.5604682164460417        33.294314830678431        28.952006810399016     
   1.7861838851302809        10.000000000000000        2.5249304512279496     
  0.64080142387853634        19.579798547050025        8.6791558314588073     
  0.60825826022870788        39.348584843450652       0.89007595394512951     
  0.80448430434815943        10.297015994412902        12.591198567056765     
  0.73748041246624818        32.757270064383690       0.63620497173169144     
  0.53914098908498609        10.000000000000000        17.226554745590260     
  0.86779833355967617        36.709461961298416        5.2876078084920524     
   1.3146304148061061        23.985337871786506        5.7008649936463982     
   1.0010406744621803        22.615435747636056       0.60871537050864777     
   1.5452977163415360        10.000000000000000        3.5378476942895700     
   0.0000000000000000        37.086223434078285                            NaN
   2.5092904921548413        10.000000000000000        8.6649754083719515     
  0.53594974354480529        26.131187797695851        7.2429611495560229     
  0.88412798710138096        10.297015994412902        11.395049022032159     
  0.73748041246624818        32.757270064383690       0.63620497173169144     
  0.53914098908498609        29.040453161151994        5.7205538199118964     
   1.0669126672465155        28.641590454150425        4.6305837930030762     
  0.63341996681914359        32.553414295169375        1.8370931436642992     
   1.0010406744621803        22.615435747636056       0.60871537050864777     
   1.1802515800022533        10.000000000000000        7.6111012186168994     
   1.7861838851302809        10.000000000000000        2.5249304512279496     
   1.4035436068037195        13.211190186747682        2.2436178672258396     
  0.88472734480359505        23.562235648297705        1.7048184592642790     
  0.91551363867704871        10.297015994412902        10.936458452594620     
  0.73748041246624818        49.327273834608604        8.1369993867343400     
  0.53914098908498609        42.652934104889347       0.74685045564716390     
  0.86779833355967617        13.346175904289504        9.0796926636283004     
  0.97511299065847323        23.985337871786506       0.49668350841643727     
  0.69585676784397610        22.615435747636056        5.7708780583006796     
   1.5452977163415360        28.895655021591814        12.399341315586195     
   1.5843791907128071        10.000000000000000        3.2177472640715901     
   1.3932585272321123        11.099945316134079        4.0371036088004564     
  0.88472734480359505        26.131187797695851       0.30288011238039114     
   1.7705398364220200        10.000000000000000        2.5046017366131434     
   1.2221182872536214        19.289967072165968        1.3578230134640470     
   0.0000000000000000        42.652934104889347                            NaN
  0.86779833355967617        40.360193189902411        7.0731136341491538     
   1.4743987175077837        10.086135380322167        4.1239125888352737     
   1.0010406744621803        22.615435747636056       0.60871537050864777     
   1.1472785348076890        10.000000000000000        8.0346685830481164     
   1.7861838851302809        10.000000000000000        2.5249304512279496     
   1.1376231115590154        20.412748707879768       0.94449389292484354     
  0.23847350170336479        26.131187797695851        15.498885796311692     
   1.0322812226577291        21.727383587707060       0.71117258128418093     
