   3.3196723536127659        34.938766556086925        55.416914083236435     
   1.5247098517703950        34.938766556086925        23.978645265682768     
   3.8437316895992089        34.938766556086925        62.989330903965680     
   6.9628764462215305        34.938766556086925        100.92624492744530     
   8.0541781866927309        34.938766556086925        112.32525750299098     
   8.0083635477419346        34.938766556086925        111.86083916385157     
  0.66183601031479578        34.938766556086925        1.9130312812138222     
   2.9213046649433307        34.938766556086925        49.296765469345395     
   5.4660318957406995        34.938766556086925        83.928916126867364     
   4.3584694976058769        34.938766556086925        69.993530091285805     
   3.3196723536127659        34.938766556086925        55.416914083236435     
   1.5247098517703950        34.938766556086925        23.978645265682768     
   4.7031004060015977        34.938766556086925        74.480696269509380     
   6.9628764462215305        34.938766556086925        100.92624492744530     
   2.8282244677239023        34.938766556086925        47.813774105835670     
   8.0083635477419346        34.938766556086925        111.86083916385157     
  0.66183601031479578        34.938766556086925        1.9130312812138222     
   8.1894592698470792        34.938766556086925        113.68988432109083     
   1.6254855623135409        34.938766556086925        26.098906278807188     
   2.9502064588910422        34.938766556086925        49.752899393568356     
   3.3196723536127659        34.938766556086925        55.416914083236435     
   1.8718206679639942        34.938766556086925        31.034144232917619     
   0.0000000000000000        34.938766556086925                            NaN
   2.1514505300325162        34.938766556086925        36.281394689797352     
   2.8282244677239023        34.938766556086925        47.813774105835670     
   8.0083635477419346        34.938766556086925        111.86083916385157     
  0.66183601031479578        34.938766556086925        1.9130312812138222     
   1.5391959388811993        34.938766556086925        24.287440732588394     
  0.17201943656830587        34.938766556086925        20.025052599525683     
   7.8522508767385091        34.938766556086925        110.26954276376956     
   3.3196723536127659        34.938766556086925        55.416914083236435     
   2.4827365165847963        34.938766556086925        42.105891638113114     
   4.3038384510437497        34.938766556086925        69.268108266038325     
   2.1514505300325162        34.938766556086925        36.281394689797352     
   1.2364148789716329        34.938766556086925        17.510033799821670     
   5.2929680222921576        34.938766556086925        81.839069390896952     
  0.66183601031479578        34.938766556086925        1.9130312812138222     
   0.0000000000000000        34.938766556086925                            NaN
  0.17201943656830587        34.938766556086925        20.025052599525683     
   5.4336376107051052        34.938766556086925        83.539960579373812     
   3.3768815053016996        34.938766556086925        56.268210087280259     
   3.2454834930771677        34.938766556086925        54.303148053407135     
   0.0000000000000000        34.938766556086925                            NaN
   2.1514505300325162        34.938766556086925        36.281394689797352     
   0.0000000000000000        34.938766556086925                            NaN
   5.2929680222921576        34.938766556086925        81.839069390896952     
   2.4925323691757928        34.938766556086925        42.272520191027219     
   0.0000000000000000        34.938766556086925                            NaN
  0.17201943656830587        34.938766556086925        20.025052599525683     
  0.37594781468095684        34.938766556086925        8.9392600522781827     
   3.7076461653257429        34.938766556086925        61.069465896786241     
   4.0698076373145415        34.938766556086925        66.113561633615760     
   3.8437316895992089        34.938766556086925        62.989330903965680     
   0.0000000000000000        34.938766556086925                            NaN
   4.3290825258855143        34.938766556086925        69.603813563584779     
   5.4991775978780453        34.938766556086925        84.325852945738575     
   1.1214991052402654        34.938766556086925        14.729289051906393     
  0.80482741618273446        34.938766556086925        6.2389079425270486     
  0.17201943656830587        34.938766556086925        20.025052599525683     
   0.0000000000000000        34.938766556086925                            NaN
   3.3196723536127659        34.938766556086925        55.416914083236435     
   1.5247098517703950        34.938766556086925        23.978645265682768     
   3.8437316895992089        34.938766556086925        62.989330903965680     
   2.3453111645955271        34.938766556086925        39.735814568673270     
   1.2364148789716329        34.938766556086925        17.510033799821670     
   5.2929680222921576        34.938766556086925        81.839069390896952     
  0.66183601031479578        34.938766556086925        1.9130312812138222     
   0.0000000000000000        34.938766556086925                            NaN
   2.2434879347970149        34.938766556086925        37.938499954218138     
  0.37594781468095684        34.938766556086925        8.9392600522781827     
   4.0047026169116418        34.938766556086925        65.221884095013849     
   0.0000000000000000        34.938766556086925                            NaN
   1.5082351609125926        34.938766556086925        23.625754087614165     
   2.1514505300325162        34.938766556086925        36.281394689797352     
   4.9170565369838934        34.938766556086925        77.194032985333394     
   4.9205878741181772        34.938766556086925        77.238377738812972     
  0.15558962662325293        34.938766556086925        21.214699236519689     
   0.0000000000000000        34.938766556086925                            NaN
  0.17201943656830587        34.938766556086925        20.025052599525683     
  0.37594781468095684        34.938766556086925        8.9392600522781827     
   2.7014430520926140        34.938766556086925        45.757953931107899     
   0.0000000000000000        34.938766556086925                            NaN
   1.5082351609125926        34.938766556086925        23.625754087614165     
   2.1514505300325162        34.938766556086925        36.281394689797352     
   1.2364148789716329        34.938766556086925        17.510033799821670     
   4.9205878741181772        34.938766556086925        77.238377738812972     
   1.0071059805459146        34.938766556086925        11.818371306713463     
  0.80482741618273446        34.938766556086925        6.2389079425270486     
  0.17201943656830587        34.938766556086925        20.025052599525683     
  0.37594781468095684        34.938766556086925        8.9392600522781827     
   2.7014430520926140        34.938766556086925        45.757953931107899     
  0.72096544479593860        34.938766556086925        3.7321182526129930     
   1.5082351609125926        34.938766556086925        23.625754087614165     
   1.1894940822084341        34.938766556086925        16.390583519862371     
   1.5413282475494845        34.938766556086925        24.332777383023288     
   4.9205878741181772        34.938766556086925        77.238377738812972     
   0.0000000000000000        34.938766556086925                            NaN
  0.80482741618273446        34.938766556086925        6.2389079425270486     
  0.17201943656830587        34.938766556086925        20.025052599525683     
   3.1928257446641193        34.938766556086925        53.505709077519136     
   2.7014430520926140        34.938766556086925        45.757953931107899     
   0.0000000000000000        34.938766556086925                            NaN
   1.1521023508816535        34.938766556086925        15.482942993149660     
   1.2300255706531491        34.938766556086925        17.358829076209211     
