   5.1446077843811144        23.121776167703644        23.591148194194734
   4.3836635368459218        18.432931632963367        19.553712512779672
  0.16814114255596868        27.163603377436303        8.0321767357718876
   2.2098677510809548        3.3503318830195972        5.9055711186921700
   5.5983727251160076        46.630813939756109        29.102438185755794
   2.6210413871524993        40.312622215102991        14.056949636154879
   2.9401180263866076        2.3787396671488050        10.033678138250263
  0.95287535867102147        18.257145733884794       0.76543622452193749
   4.8829147464305365        2.0259475721058520        19.641233022713777
   1.3235769236200745        40.906528331043816        5.4772276141396867
   5.9492613909860550        7.4218998452772666        24.557438001082549
   4.3836635368459218       0.21532061763396371        17.322918613221482
   0.0000000000000000        50.000000000000000                            NaN
   1.7636099937022256        0.0000000000000000                            NaN
   4.9680718308473963        46.630813939756109        26.530288060829587
   2.6210413871524993        40.312622215102991        14.056949636154879
   2.9401180263866076        2.3787396671488050        10.033678138250263
   2.6919119872829951        30.323225533839810        12.967599355290979
   4.8829147464305365        0.0000000000000000                            NaN
   1.3260452835449135        45.142721874830613        6.0263275154550113
  0.74205006636726467        23.121776167703644        1.7849202769578174
   2.3852184758837591        46.766893596822506        13.562448101031483
  0.16814114255596868        23.247208099570994        8.3783252881457599
   2.2098677510809548        3.3503318830195972        5.9055711186921700
   4.9680718308473963        0.0000000000000000                            NaN
   2.6210413871524993        40.312622215102991        14.056949636154879
   3.3764631471022382        0.0000000000000000                            NaN
  0.95287535867102147        25.382311848726001       0.45544542714126424
   4.8829147464305365        2.0259475721058520        19.641233022713777
   3.1191341212395773        13.510761723971749        12.594561629214768
   1.9875682461091508        8.0687363035279205        5.2152827714870211
   2.3852184758837591        20.731159148361314        9.6805577516222510
   3.6455574059353082        27.163603377436303        17.490393383352735
   2.2098677510809548        9.3726390977295004        6.7864620914627372
   2.6864899886908056        46.630813939756109        15.337351458230176
   2.6210413871524993        30.577525116506212        12.602972378246925
   2.9401180263866076        15.317918805059247        11.931768731733865
   0.0000000000000000        50.000000000000000                            NaN
   4.8829147464305365        2.0259475721058520        19.641233022713777
   1.3235769236200745        34.881695085617423        4.6932704182300862
  0.74205006636726467       0.62879943812168193        5.5860965251737218
   2.3852184758837591        17.423727339226623        9.1445550890306606
  0.16814114255596868        27.163603377436303        8.0321767357718876
   2.2098677510809548        0.0000000000000000                            NaN
   2.6864899886908056        46.630813939756109        15.337351458230176
   5.8849902221410488        30.577525116506212        27.724836513506009
   2.7133916366676814        1.2424630591318389        8.6740401806499996
  0.95287535867102147        43.007895821291129        2.6221958854611467
   4.8829147464305365        0.0000000000000000                            NaN
   1.1098427942434663        50.000000000000000        4.8118551749266656
  0.74205006636726467        2.3779267542442639        5.2852563402257999
   2.3852184758837591        30.772609676852721        11.252640906607862
   0.0000000000000000        30.069291117930693                            NaN
   1.1838620688621764        3.3503318830195972        1.8958041784521735
   2.6864899886908056        46.630813939756109        15.337351458230176
   0.0000000000000000        30.577525116506212                            NaN
   2.7133916366676814        1.2424630591318389        8.6740401806499996
  0.95287535867102147        25.382311848726001       0.45544542714126424
   4.8829147464305365        8.1231191788476291        20.220263925441007
   0.0000000000000000        34.881695085617423                            NaN
   2.7305928038103486        23.121776167703644        12.050344610482565
   0.0000000000000000        25.868875605376921                            NaN
   1.0755963816913625        49.016505161689359        4.4018904107581802
   1.1838620688621764        3.3503318830195972        1.8958041784521735
   2.6864899886908056        46.630813939756109        15.337351458230176
   2.6210413871524993        30.577525116506212        12.602972378246925
   2.7133916366676814        1.2424630591318389        8.6740401806499996
   0.0000000000000000        50.000000000000000                            NaN
   4.8829147464305365        37.678569646893919        24.798418784911568
   1.3235769236200745        34.881695085617423        4.6932704182300862
   4.1018104459856009        23.121776167703644        19.019178240222107
   1.8806456725684182        17.423727339226623        6.0328627367585623
   1.0755963816913625        49.016505161689359        4.4018904107581802
   1.3209505451134453        18.792207045654791        2.4038155213817123
   2.6864899886908056        46.630813939756109        15.337351458230176
   1.0249847197575017        30.577525116506212        1.7181207547726269
   2.7133916366676814        42.315793696163908        14.878959261093613
  0.95287535867102147        25.382311848726001       0.45544542714126424
   4.8829147464305365        0.0000000000000000                            NaN
   1.3146946772547699        34.881695085617423        4.6246209573723460
  0.74205006636726467        23.121776167703644        1.7849202769578174
   1.4423494805217716        17.423727339226623        3.0718657203456297
   1.0755963816913625        40.976004462666751        3.4578101392075231
   1.1838620688621764        16.528592876248901        1.1178071025056133
  0.88096364002628225        46.630813939756109        2.3709306627364208
   1.0249847197575017        30.577525116506212        1.7181207547726269
   2.7133916366676814        0.0000000000000000                            NaN
  0.95287535867102147        50.000000000000000        3.4100623824952980
   4.0784006924873335        12.392947261928050        17.194270770927567
   1.0233079673693355        34.881695085617423        2.2565928000104507
  0.88260232023209517        23.121776167703644       0.57221332798695146
   1.4423494805217716        17.423727339226623        3.0718657203456297
   1.0755963816913625        11.639018602864368        1.0470351709218506
   1.1838620688621764        16.528592876248901        1.1178071025056133
   0.0000000000000000        23.409354782477248                            NaN
   1.0249847197575017        30.577525116506212        1.7181207547726269
   1.6396262812589892        36.296754325240641        7.2203129673788551
  0.95287535867102147        30.656858481889795        1.1117811251316054
   4.0784006924873335        12.392947261928050        17.194270770927567
   1.0233079673693355        34.881695085617423        2.2565928000104507
  0.88260232023209517        23.121776167703644       0.57221332798695146
   1.4423494805217716        17.423727339226623        3.0718657203456297
   1.0147314308779072        11.639018602864368        1.4026259874707245
   1.6244652914999727        16.528592876248901        4.1950504519529295
  0.88096364002628225        46.630813939756109        2.3709306627364208
   0.0000000000000000        48.377223947894436                            NaN
   1.6396262812589892        50.000000000000000        9.0138872945148663
  0.95287535867102147        25.382311848726001       0.45544542714126424
   6.5199505236030824        4.2881817319945519        26.486502911892735
   1.2055038485889440        34.881695085617423        3.7647102857475137
  0.78434777487946172        23.121776167703644        1.4027394207253863
   1.4423494805217716        17.423727339226623        3.0718657203456297
   1.0755963816913625        13.219157064698113       0.82466438173512502
   1.1838620688621764        16.528592876248901        1.1178071025056133
  0.88072598664065693        46.630813939756109        2.3687009256311482
   1.0249847197575017        30.577525116506212        1.7181207547726269
   1.6396262812589892        24.268755995667654        5.4886090033792909
   1.0667812782913466        31.346911007768057        2.1688914761170461
   4.0784006924873335        12.392947261928050        17.194270770927567
   1.0233079673693355        34.881695085617423        2.2565928000104507
  0.97925891227659434        23.121776167703644       0.42175150605443651
   1.4423494805217716        16.357420620765158        2.9117178359353231
  0.89503423406778260        10.550618956509519        2.4632831982469034
   1.1838620688621764        35.320982293456709        3.6476879464974363
  0.88072598664065693        50.000000000000000        2.7353059668873656
   1.3496415201333876        33.891076372629527        4.7605669521583032
   1.6396262812589892        32.485264928553072        6.6884668684685540
  0.65947287960669421        22.018655629103193        2.7076554484553714
   4.9032390051221277        12.392947261928050        20.904210750723212
   1.0233079673693355        34.881695085617423        2.2565928000104507
  0.97925891227659434        23.121776167703644       0.42175150605443651
   1.2705248635429844        27.289812552073730        3.2464258048133292
   0.0000000000000000        13.219157064698113                            NaN
   1.1838620688621764        16.528592876248901        1.1178071025056133
  0.89269378570105695        46.630813939756109        2.4807300288814895
   1.0249847197575017        27.794825998491746        1.3529657937156883
   3.6298856486053710        24.268755995667654        16.948073341230319
   1.0077056077421556        6.9384863064083540        2.3042952220089297
   4.0784006924873335        12.392947261928050        17.194270770927567
   1.1594258696072586        35.416499451563197        3.4616216183244854
  0.60878645768045248        23.121776167703644        3.0550959345940472
   0.0000000000000000        16.357420620765158                            NaN
   1.0755963816913625        13.219157064698113       0.82466438173512502
   1.1838620688621764        16.528592876248901        1.1178071025056133
  0.88072598664065693        38.927180431667814        1.4892722116499135
   3.3379420467025351        27.794825998491746        16.047319657470275
   1.6375954783697588        24.268755995667654        5.4745923511208776
  0.95287535867102147        34.649434202166830        1.6167242041981760
   4.0784006924873335        12.129413449506846        17.153638235929577
   1.1073449842760099        36.841645392800963        3.2140558430774826
   1.3422456398826603        23.121776167703644        3.1921713657562054
   1.4423494805217716        18.964896120856256        3.3037684606404718
   1.0755963816913625        13.219157064698113       0.82466438173512502
   1.1838620688621764        16.528592876248901        1.1178071025056133
  0.68557536776572470        37.197087435212481       0.63009932989631534
   1.0249847197575017        27.794825998491746        1.3529657937156883
   1.6375954783697588        24.268755995667654        5.4745923511208776
   1.0136794338922288        27.045294899448738        1.1604397504791186
   4.0784006924873335        15.938509257234625        17.752441966983234
   1.0233079673693355        50.000000000000000        4.0498461109555741
  0.97925891227659434        23.121776167703644       0.42175150605443651
   0.0000000000000000        30.062293822849895                            NaN
   1.0755963816913625        13.219157064698113       0.82466438173512502
   1.1272890192272300        16.528592876248901       0.76778229152544153
  0.68557536776572470        37.197087435212481       0.63009932989631534
   1.0249847197575017        27.794825998491746        1.3529657937156883
   1.7584253025202263        12.809687841252083        4.5014783473618962
  0.95287535867102147        25.382311848726001       0.45544542714126424
   4.0784006924873335        5.0218589858310345        16.167167072034946
   1.0233079673693355        34.881695085617423        2.2565928000104507
  0.72721054324096102        23.121776167703644        1.9214334376752034
   1.7775529941959689        16.357420620765158        5.1908494044177464
   1.0755963816913625        11.367478215385475        1.0886540230224899
   1.1272890192272300        16.528592876248901       0.76778229152544153
  0.68557536776572470        37.197087435212481       0.63009932989631534
   3.5254020545281080        27.794825998491746        16.995788502506201
   1.7372684936307339        12.809687841252083        4.3629073468016726
  0.95287535867102147        25.382311848726001       0.45544542714126424
   3.4914494860135461        5.0218589858310345        13.258753998791073
   1.0233079673693355        34.881695085617423        2.2565928000104507
   1.0976829978371030        23.121776167703644        1.3205665346067399
   1.4423494805217716        16.357420620765158        2.9117178359353231
   1.2964412474071949        13.219157064698113        1.4707590457972890
   1.1272890192272300        16.528592876248901       0.76778229152544153
   0.0000000000000000        37.197087435212481                            NaN
   1.0249847197575017        27.794825998491746        1.3529657937156883
   1.8705818990836747        14.288040215276034        5.4653073472086486
  0.95287535867102147        19.358725247773314       0.61011733120364653
   4.5012836124786642        5.0218589858310345        18.147715601124972
  0.91823128504508245        42.770139895897131        2.2804260548841078
  0.97925891227659434        13.971851865522373        1.2504522168934178
   1.4423494805217716        10.267138569889097        2.0417611255570143
  0.98723226166147937        29.800786959885421        1.2969678502045285
  0.70035471302768415        36.339863093600556       0.57364833628579881
  0.68557536776572470        37.197087435212481       0.63009932989631534
   1.0249847197575017        34.677946572959691        2.2451794413056021
   1.3253372925046034        12.809687841252083        1.6082673151246418
  0.95287535867102147        25.382311848726001       0.45544542714126424
   1.9077861672364298        28.836010805737288        7.9759475608990833
   1.6289323499649024        34.881695085617423        6.9489930660854444
  0.97925891227659434        23.121776167703644       0.42175150605443651
   1.0309784812611158        10.267138569889097        1.5341022020368256
   1.0880188572896294        13.219157064698113       0.78193869898982049
   1.1585213220488335        36.339863093600556        3.5729526882488840
  0.68557536776572470        37.197087435212481       0.63009932989631534
   1.0249847197575017        27.794825998491746        1.3529657937156883
   1.3253372925046034        29.021888735054709        3.9071927650015446
  0.95287535867102147        25.382311848726001       0.45544542714126424
   1.0847913610557636        35.680941590976666        2.8784604379596139
   1.7501147885924349        27.734120221256166        6.7617921085191437
  0.72089630880327327        24.288310574090151        1.8229055566924632
  0.90795155367856739        10.267138569889097        2.4144276635637132
   1.0880188572896294        2.5465644846983633        2.6149526037893320
  0.82993320254952418        36.339863093600556       0.71590680932262318
   1.1042865160839246        31.223201767626993        2.4627078482907270
  0.95909067173771367        37.874703714899866        2.0684523368149454
  0.93141370023095349        24.547418683388656       0.24996522722427147
  0.94997611001371085        25.303465937996815       0.42482493574312530
   1.0847913610557636        21.702284560043232        1.0355268026183091
   1.2438954392644548        32.937946143015942        3.8127603559316392
  0.68245301354134291        44.942603157688417       0.37488658983764234
  0.69222112005206204        27.431529192098310        1.6885748293804557
   1.0340418853875966        3.5383943608925073        2.7889852912772799
  0.70035471302768415        36.339863093600556       0.57364833628579881
  0.68557536776572470        32.393995861079425        1.1553493542993452
   1.0249847197575017        27.794825998491746        1.3529657937156883
  0.93141370023095349        24.547418683388656       0.24996522722427147
   1.1605654331586663        25.303465937996815        2.1141457691095953
   1.3005977985252613        21.702284560043232        2.6764413544538850
  0.83597338117642539        36.966212817991803       0.84601155134534556
  0.68245301354134291        44.942603157688417       0.37488658983764234
   1.0309784812611158        2.8134400393643837        2.9517387684873406
   1.0880188572896294        13.219157064698113       0.78193869898982049
  0.70035471302768415        36.339863093600556       0.57364833628579881
  0.68557536776572470        10.655153474799047        4.1885665737847706
  0.67052305600321604        50.000000000000000       0.70339214716984755
  0.93141370023095349        3.6892390644194890        3.5039730119627559
  0.94679403620623126        25.303465937996815       0.40094749032476240
  0.64143056120566677        36.398086988885893        1.1585187264630783
  0.83597338117642539        24.046116618377454       0.82295708796658285
   1.1579416195392487        44.942603157688417        4.6321253258473645
   1.0309784812611158        9.6398179581653984        1.6450309572903208
   1.0880188572896294        9.1821025954479918        1.3780690977993626
  0.70035471302768415        36.339863093600556       0.57364833628579881
  0.51781083468610212        41.791891266503370        1.9612767768830988
  0.84573542323142348        27.421225699992938       0.28590047144983494
  0.72977731934039025        24.547418683388656        1.7056053572318977
  0.94679403620623126        45.199277381553053        2.8187708937103175
   1.0847913610557636        32.604992810700963        2.4829154873599877
  0.68335851537752113        40.066578892143752       0.39055826143501499
  0.67489562085220023        44.942603157688417       0.34215422750671987
   1.0704977778374447        11.135920922943413        1.1517404519948424
   1.0880188572896294        13.219157064698113       0.78193869898982049
  0.70035471302768415        30.620573062318769        1.2184149587328141
   1.1888296781912158        37.197087435212481        3.9295857851250409
  0.84160273260457519        27.421225699992938       0.31936629223563412
  0.93141370023095349        32.368108071564293        1.1417464738756502
  0.62531485173586665        43.242206454623272       0.66333168682664567
   1.0847913610557636        40.117619669850285        3.4315564912098635
   1.1444737512588830        4.7767307327590842        1.8497480623684681
  0.67489562085220023        11.956826383504762        4.0641638588363502
   1.0704977778374447        35.969689928291302        2.7948563527976176
  0.74094747592488430        35.665985281120911       0.26491665545000170
   1.0368533643417559        36.339863093600556        2.5557037623481196
  0.68557536776572470        37.197087435212481       0.63009932989631534
   1.1385501015610451        15.094189278600984       0.73639686915206226
  0.72619923672795084        24.547418683388656        1.7389204791051263
  0.94679403620623126        25.303465937996815       0.40094749032476240
  0.82343770362795787        35.215564378086526       0.52181130045802171
  0.68335851537752113        27.861810329248684        1.7207708095576244
  0.67489562085220023        44.942603157688417       0.34215422750671987
  0.99937221580452718        11.991255446851522        1.4444772216925712
  0.74094747592488430        25.740718852424358        1.4437955147280856
  0.52403555590697659        36.339863093600556        2.4274252650831696
  0.67681070767856644        37.197087435212481       0.71647154645997146
  0.85744147448713992        27.421225699992938       0.19865726722376792
  0.93141370023095349        35.276616891744851        1.5049570783464534
  0.94679403620623126        15.159278840314620        1.2859615698635705
  0.77458144790790084        42.243113792745937       0.88055262969518566
  0.79147684489784353        28.159754492004993       0.66296282070974899
  0.67489562085220023        44.942603157688417       0.34215422750671987
   1.0704977778374447        30.629661566467711        2.1055892177971316
  0.71044785494846374        37.824568945254740       0.33910801788524081
  0.70035471302768415        10.691033475932318        4.0522615722347490
  0.68557536776572470        21.819561313031521        2.4872785827671398
  0.85744147448713992        27.421225699992938       0.19865726722376792
  0.93141370023095349        24.547418683388656       0.24996522722427147
  0.70155417344871751        25.303465937996815        1.8712730010032301
  0.82343770362795787        38.802382161643962       0.94646160865181184
  0.78935200295001906        40.066578892143752       0.77539106644500588
  0.67489562085220023        44.942603157688417       0.34215422750671987
   1.0866449414502832        7.9698262909796700        1.5979600732187667
  0.74094747592488430        35.929487502564264       0.24253790728230831
  0.80497957023739075        25.978555745633930       0.82872839179541180
  0.57178568326954915        37.197087435212481        1.8116746374949688
  0.85744147448713992        25.836007254292173       0.39973835161049565
  0.93141370023095349        34.323881809379579        1.3868718130758597
  0.71212465872728758        42.317729278318915       0.35109559949476637
   1.1443583965335655        9.5016480395782423        1.0643386935859289
  0.68335851537752113        40.066578892143752       0.39055826143501499
  0.72301190067490584        39.565439959016921       0.22014619292713355
   1.0704977778374447        30.002705159658682        2.0228521597057858
  0.92815294167314411        24.477987481230702       0.23743692525782614
  0.45945189708486073        36.339863093600556        3.1723217944581030
   1.0550318608251685        37.197087435212481        2.8178299175352217
  0.75897508200692099        28.320664672404163       0.94220167251665854
   1.0119101867618607        21.892973786714034       0.52569579081967188
  0.71212465872728758        42.317729278318915       0.35109559949476637
  0.99032143223260893        35.215564378086526        2.0143565445160023
  0.81048805893047393        40.066578892143752       0.97203073286466024
  0.72301190067490584        16.751827733285346        2.8743914092715905
   1.0704977778374447        11.135920922943413        1.1517404519948424
   1.1543059042222457        24.477987481230702        1.9507900003523786
  0.70035471302768415        36.339863093600556       0.57364833628579881
  0.68557536776572470        37.197087435212481       0.63009932989631534
  0.83023845779979433        27.421225699992938       0.41498847859216065
  0.69264496331353120        41.224317231148802       0.27035028998625110
  0.64248773708259366        42.317729278318915       0.57587999261441858
  0.82343770362795787        35.215564378086526       0.52181130045802171
  0.68335851537752113        22.104292935434724        2.4692889469738102
  0.93483579410330031        25.650197324457586       0.34756797207813483
   1.3318564676000590        0.0000000000000000                            NaN
  0.92815294167314411        36.842457905016403        1.6678832620769690
  0.57977142586210240        45.395409430871460       0.94282892558650755
  0.72725565890088273        37.197087435212481       0.25261089476584381
  0.85744147448713992        27.421225699992938       0.19865726722376792
   1.0482852386706309        24.547418683388656        1.1163551333891777
  0.71212465872728758        42.317729278318915       0.35109559949476637
  0.62983387541972080        35.215564378086526        1.4051166428753836
  0.68335851537752113        40.066578892143752       0.39055826143501499
  0.72301190067490584        29.103979593280151        1.1839281005576272
   1.0704977778374447        11.135920922943413        1.1517404519948424
  0.98509815677177925        24.477987481230702       0.60350327386494240
  0.70035471302768415        36.339863093600556       0.57364833628579881
  0.73721555961971286        37.197087435212481       0.19014685391198946
  0.85744147448713992        7.2580719634672235        3.3678630195364314
  0.99409689420323999        22.585016842456074       0.47133661293713647
  0.71212465872728758        42.317729278318915       0.35109559949476637
  0.82343770362795787        35.215564378086526       0.52181130045802171
  0.68335851537752113        45.841422300621744       0.44726566440425125
  0.75506568573733823        39.565439959016921       0.41226307650013494
  0.71419427068043539        11.135920922943413        3.8549752466265428
  0.92815294167314411        24.477987481230702       0.23743692525782614
  0.79606202835251594        30.812941482784247       0.28704213662326916
  0.76022847429952600        37.197087435212481       0.21404657561868354
  0.63989375126987069        41.657569203418944       0.65673552628415854
  0.93141370023095349        24.547418683388656       0.24996522722427147
  0.60911228739410228        50.000000000000000       0.42639177221326274
  0.82343770362795787        35.215564378086526       0.52181130045802171
  0.68335851537752113        40.066578892143752       0.39055826143501499
  0.92592222198468577        26.405411208257163       0.35736281525943731
  0.92261547050929538        21.626141248073928       0.49385470805841031
  0.92815294167314411        38.652638764932931        1.8864726229564706
  0.79606202835251594        30.812941482784247       0.28704213662326916
  0.73721555961971286        46.400917671640215       0.97111305390368186
  0.85744147448713992        33.208503020632840       0.58580836278694770
  0.93141370023095349        24.547418683388656       0.24996522722427147
  0.71212465872728758        17.963988474218674        2.7907107128843167
  0.71598552261988335        39.318531452440389       0.22278652101726087
  0.61391243194510858        40.066578892143752        1.0710407154667361
  0.70380963188268164        39.565439959016921       0.27169943251065543
  0.92261547050929538        47.269038990175808        2.8295738648574229
  0.65860004059717725        43.039237343973454       0.38876849497095872
  0.73282629495537810        30.812941482784247       0.88088442573015779
  0.67803777902466200        39.496133048495906       0.48413695056335504
  0.91676701605768818        21.884676524502311       0.49731325275313687
  0.60747930829241947        45.873305136817251       0.62721922432745447
  0.93268628397850506        42.317729278318915        2.3596036124362683
  0.73778836293444949        35.049133122603081       0.35190431516488802
  0.68335851537752113        32.469176328408366        1.1686862052560603
  0.89064789984650539        39.565439959016921        1.6552476194465544
  0.79270173675600597        30.943316173722511       0.30188307921847607
  0.92815294167314411        36.707189176211529        1.6514083782521061
  0.93854299144616671        30.812941482784247        1.0070470118040986
  0.57310272682112218        37.197087435212481        1.7973698211215015
  0.85744147448713992        27.421225699992938       0.19865726722376792
  0.72143237092650370        38.979866758309790       0.21122039102004650
  0.74918687797021000        41.251416675979954       0.54030679659046243
  0.88062289523623272        27.955378114783237       0.17213352709601035
  0.65433724533071569        40.758892264424297       0.59606740022254334
  0.72301190067490584        39.565439959016921       0.22014619292713355
  0.97673502043506899        30.943316173722511        1.3545749230652191
  0.89424893505388081        24.477987481230702       0.31159943034322224
  0.79606202835251594        20.924009383262554        1.6109933210088943
  0.73721555961971286        37.197087435212481       0.19014685391198946
  0.85744147448713992        27.421225699992938       0.19865726722376792
  0.72143237092650370        33.485298715565989       0.67799484883517880
  0.71944833966060995        42.317729278318915       0.40188777653121666
  0.88062289523623272        27.955378114783237       0.17213352709601035
  0.92262321837455530        27.244029165164342       0.42437834548915354
  0.72301190067490584        26.963741147828820        1.4534396369960327
  0.77818335889720369        30.379147709123888       0.50494800462770451
  0.92815294167314411        26.531932792179607       0.38841611844235291
  0.79606202835251594        19.192185135077089        1.8648397733201481
  0.78686920153343831        37.197087435212481       0.42571674805401699
  0.79404151314080607        27.421225699992938       0.73569065011515367
  0.69826415760690919        38.979866758309790       0.34933333693246826
  0.71715358657880957        42.317729278318915       0.38516494947171914
  0.88062289523623272        27.955378114783237       0.17213352709601035
  0.64328959904451932        42.225262699088596       0.57594617799135561
  0.72301190067490584        39.565439959016921       0.22014619292713355
  0.79270173675600597        30.943316173722511       0.30188307921847607
  0.92815294167314411        24.477987481230702       0.23743692525782614
  0.79606202835251594        30.812941482784247       0.28704213662326916
  0.73721555961971286        24.833286502495582        1.5984537251267543
  0.85744147448713992        27.421225699992938       0.19865726722376792
  0.72143237092650370        38.979866758309790       0.21122039102004650
  0.96985153240754940        42.317729278318915        2.6940793806526715
  0.82091916929542297        34.488918335203671       0.41147239606471409
  0.68335851537752113        40.066578892143752       0.39055826143501499
  0.72301190067490584        39.565439959016921       0.22014619292713355
  0.83047593205660475        30.943316173722511        8.2903478616825482E-002
  0.92815294167314411        24.477987481230702       0.23743692525782614
  0.79606202835251594        24.782274548935689        1.0698611531162299
  0.73721555961971286        25.321373525419382        1.5337497246935261
  0.85695893816895208        30.251973595548844       0.21977136585415219
  0.72143237092650370        34.798771742385938       0.53255430756488742
  0.71212465872728758        42.317729278318915       0.35109559949476637
  0.81297420172925927        30.241428809184043       0.20564229340319848
  0.76116131556898514        40.066578892143752       0.51863398876927058
  0.72301190067490584        39.565439959016921       0.22014619292713355
  0.83047593205660475        23.549948717379117       0.93920590393708936
  0.92815294167314411        35.135790348948944        1.4586039348300310
  0.79606202835251594        30.812941482784247       0.28704213662326916
  0.73721555961971286        37.197087435212481       0.19014685391198946
  0.88289065483861695        27.429209050840242       0.15259264155052166
  0.87872208956763620        26.825968510452611       0.15346808159308409
  0.77098560126199200        42.317729278318915       0.85508405734990167
  0.88062289523623272        27.955378114783237       0.17213352709601035
  0.68335851537752113        40.066578892143752       0.39055826143501499
  0.94686842646541891        39.565439959016921        2.1632844194538672
  0.77203582991451669        37.945314954708650       0.38087563284082215
  0.92815294167314411        24.477987481230702       0.23743692525782614
  0.99003468039407472        16.621273452731241       0.77205309539900324
  0.73721555961971286        37.197087435212481       0.19014685391198946
  0.88289065483861695        29.484601977752895       0.35340267311015844
  0.87872208956763620        26.825968510452611       0.15346808159308409
  0.77615094568699683        42.317729278318915       0.90347726302812870
  0.88062289523623272        29.309106468245208       0.31292445074422204
  0.68335851537752113        40.066578892143752       0.39055826143501499
  0.72301190067490584        39.565439959016921       0.22014619292713355
  0.83047593205660475        23.540406246234905       0.94054275017839251
  0.92815294167314411        20.023498139263609       0.67737206743422895
  0.79606202835251594        30.812941482784247       0.28704213662326916
  0.62148042695776107        45.790850169639285       0.51013114005644944
          0.83398599512545113        30.114934486932917        7.2104694432526026E-002
  0.87872208956763620        18.183541392249467        1.3276782428581306
  0.79472678685820364        38.347968620590578       0.62878757995417478
  0.83703159792011783        31.069008186977584       0.14407571741875849
  0.58648610365259013        47.350619535865270       0.71755443268510111
  0.84938981688882720        39.565439959016921        1.2758227306049850
  0.83047593205660475        30.943316173722511        8.2903478616825482E-002
  0.87789686326703786        24.477987481230702       0.42323287572184909
  0.79606202835251594        30.812941482784247       0.28704213662326916
  0.73721555961971286        37.197087435212481       0.19014685391198946
  0.83398599512545113        40.306511645784369        1.2186614458014586
  0.87872208956763620        26.825968510452611       0.15346808159308409
  0.84122321503964737        42.317729278318915        1.5160064155683100
  0.83703159792011783        27.458494234993637       0.35243802009764719
  0.84974063571882452        26.676954681306508       0.35032466801184881
  0.72301190067490584        25.876616080894426        1.5938041543389188
  0.83047593205660475        17.727433544766871        1.7934536571339599
  0.92815294167314411        24.477987481230702       0.23743692525782614
  0.79606202835251594        35.122824833079711       0.26739096736291612
  0.73721555961971286        37.197087435212481       0.19014685391198946
  0.79538906911662599        30.114934486932917       0.37897095747080484
  0.76784585796287630        34.890985767534367       0.13004417670425225
  0.78524089053697999        32.516449700264879       0.18831122517691951
  0.83703159792011783        31.069008186977584       0.14407571741875849
