   7.2597468663115174        25.638452463983867        88.989350714190067     
   1.5250439082076395        25.638452463983867        14.162333664233314     
   5.7744112009005244        25.638452463983867        73.352301383083201     
   9.1765367035360264        25.638452463983867        107.33332768093767     
   1.8233059819631503        25.638452463983867        19.756110828690961     
   6.4563628789487932        25.638452463983867        80.714741687779352     
   5.5389594398987523        25.638452463983867        70.728181743694904     
   7.5946901688696347        25.638452463983867        92.326989350500924     
   6.3103700633834938        25.638452463983867        79.166572700380144     
   9.5794908173079083        25.638452463983867        110.98037185435952     
  0.86924232342952301        25.638452463983867       0.46680026761224136     
   1.5250439082076395        25.638452463983867        14.162333664233314     
   2.5256785449569485        25.638452463983867        31.507764704893717     
   2.5219583624652815        25.638452463983867        31.449599366919585     
   1.8233059819631503        25.638452463983867        19.756110828690961     
   4.9906032701285756        25.638452463983867        64.431888691209267     
   5.9235726014618866        25.638452463983867        74.991959512128261     
   6.3998390770479832        25.638452463983867        80.117063772417907     
   6.3103700633834938        25.638452463983867        79.166572700380144     
   0.0000000000000000        25.638452463983867                            NaN
   0.0000000000000000        25.638452463983867                            NaN
   7.6479952175283188        25.638452463983867        92.852530077575125     
  0.91835364679582054        25.638452463983867       0.96905052608821041     
   0.0000000000000000        25.638452463983867                            NaN
   1.8233059819631503        25.638452463983867        19.756110828690961     
   2.3586367827830372        25.638452463983867        28.858292009015063     
   5.5389594398987523        25.638452463983867        70.728181743694904     
   3.1341602652251810        25.638452463983867        40.576208319092366     
   6.3103700633834938        25.638452463983867        79.166572700380144     
   9.7457293078113043        25.638452463983867        112.46637070513160     
   0.0000000000000000        25.638452463983867                            NaN
   1.5250439082076395        25.638452463983867        14.162333664233314     
  0.91835364679582054        25.638452463983867       0.96905052608821041     
   2.5219583624652815        25.638452463983867        31.449599366919585     
   1.8233059819631503        25.638452463983867        19.756110828690961     
   4.8564887575376430        25.638452463983867        62.849191182671355     
   5.5389594398987523        25.638452463983867        70.728181743694904     
   4.9010542348777637        25.638452463983867        63.377092487859976     
   0.0000000000000000        25.638452463983867                            NaN
   9.5794908173079083        25.638452463983867        110.98037185435952     
  0.86924232342952301        25.638452463983867       0.46680026761224136     
   1.5250439082076395        25.638452463983867        14.162333664233314     
  0.91835364679582054        25.638452463983867       0.96905052608821041     
   3.6445429795323294        25.638452463983867        47.617503420371911     
   1.3898725299447754        25.638452463983867        11.464349560047275     
   0.0000000000000000        25.638452463983867                            NaN
   5.5389594398987523        25.638452463983867        70.728181743694904     
   5.4021284847075313        25.638452463983867        69.182085557143139     
   6.3103700633834938        25.638452463983867        79.166572700380144     
   0.0000000000000000        25.638452463983867                            NaN
  0.86924232342952301        25.638452463983867       0.46680026761224136     
   1.8917884954466069        25.638452463983867        20.980924466824270     
   0.0000000000000000        25.638452463983867                            NaN
   2.5219583624652815        25.638452463983867        31.449599366919585     
   0.0000000000000000        25.638452463983867                            NaN
   0.0000000000000000        25.638452463983867                            NaN
   5.5389594398987523        25.638452463983867        70.728181743694904     
   0.0000000000000000        25.638452463983867                            NaN
   5.0500970776665319        25.638452463983867        65.128347708798913     
   1.7547157829700537        25.638452463983867        18.508601291195603     
  0.97737942603981431        25.638452463983867        2.3770008357092562     
  0.43472962729146769        25.638452463983867        13.345378328274098     
   2.0469679198257094        25.638452463983867        23.685550536576841     
   0.0000000000000000        25.638452463983867                            NaN
   4.4842425087960764        25.638452463983867        58.358703391804191     
   0.0000000000000000        25.638452463983867                            NaN
   5.5389594398987523        25.638452463983867        70.728181743694904     
   3.1341602652251810        25.638452463983867        40.576208319092366     
   5.0500970776665319        25.638452463983867        65.128347708798913     
   2.1265205149110740        25.638452463983867        25.036909592935537     
   3.7974219616069282        25.638452463983867        49.644410238649634     
   8.5339852114514336E-002   25.638452463983867        31.965766413008986     
  0.91835364679582054        25.638452463983867       0.96905052608821041     
   0.0000000000000000        25.638452463983867                            NaN
   1.3898725299447754        25.638452463983867        11.464349560047275     
   0.0000000000000000        25.638452463983867                            NaN
   2.7374401248531592        25.638452463983867        34.760126057064063     
   0.0000000000000000        25.638452463983867                            NaN
   5.0500970776665319        25.638452463983867        65.128347708798913     
   0.0000000000000000        25.638452463983867                            NaN
  0.86924232342952301        25.638452463983867       0.46680026761224136     
   0.0000000000000000        25.638452463983867                            NaN
   1.5854788207396624        25.638452463983867        15.333151373789789     
   2.5219583624652815        25.638452463983867        31.449599366919585     
   0.0000000000000000        25.638452463983867                            NaN
   2.3586367827830372        25.638452463983867        28.858292009015063     
   2.7374401248531592        25.638452463983867        34.760126057064063     
   3.1341602652251810        25.638452463983867        40.576208319092366     
   5.0500970776665319        25.638452463983867        65.128347708798913     
   1.7547157829700537        25.638452463983867        18.508601291195603     
  0.86924232342952301        25.638452463983867       0.46680026761224136     
  0.53726840227699812        25.638452463983867        9.8194895679254195     
  0.18361761465153226        25.638452463983867        24.708940752572545     
   2.5219583624652815        25.638452463983867        31.449599366919585     
   1.3898725299447754        25.638452463983867        11.464349560047275     
   0.0000000000000000        25.638452463983867                            NaN
   1.4174320279652792        25.638452463983867        12.023860274279699     
   2.6827292263661482        25.638452463983867        33.930528559746286     
   4.9594672016550216        25.638452463983867        64.066030914098391     
   1.7547157829700537        25.638452463983867        18.508601291195603     
  0.86924232342952301        25.638452463983867       0.46680026761224136     
  0.53726840227699812        25.638452463983867        9.8194895679254195     
  0.91835364679582054        25.638452463983867       0.96905052608821041     
   2.1348941278722333        25.638452463983867        25.177848594063153     
   1.3898725299447754        25.638452463983867        11.464349560047275     
   1.7130335925662281        25.638452463983867        17.739799375065317     
   1.4174320279652792        25.638452463983867        12.023860274279699     
   2.6827292263661482        25.638452463983867        33.930528559746286     
   4.9594672016550216        25.638452463983867        64.066030914098391     
   1.7547157829700537        25.638452463983867        18.508601291195603     
   1.6449988304694592        25.638452463983867        16.466623575217273     
  0.23581963944775630        25.638452463983867        21.827813590127985     
  0.91835364679582054        25.638452463983867       0.96905052608821041     
   0.0000000000000000        25.638452463983867                            NaN
   3.8971531455010351        25.638452463983867        50.948298494461511     
   1.7130335925662281        25.638452463983867        17.739799375065317     
   1.4174320279652792        25.638452463983867        12.023860274279699     
   3.1899848392723800        25.638452463983867        41.368824862190102     
   3.8333419832947087        25.638452463983867        50.115660288504458     
  0.62430188927378638        25.638452463983867        7.0975343995969116     
   1.8098544756609070        25.638452463983867        19.513133483795233     
   0.0000000000000000        25.638452463983867                            NaN
   0.0000000000000000        25.638452463983867                            NaN
   1.8607166423587818        25.638452463983867        20.427694123183048     
   1.3898725299447754        25.638452463983867        11.464349560047275     
   1.7130335925662281        25.638452463983867        17.739799375065317     
  0.86069849814699861        25.638452463983867       0.63893979557811342     
   2.6827292263661482        25.638452463983867        33.930528559746286     
  0.39973997102529268        25.638452463983867        14.649660230048672     
  0.83345723458329113        25.638452463983867        1.2925560516071664     
  0.86924232342952301        25.638452463983867       0.46680026761224136     
  0.53726840227699812        25.638452463983867        9.8194895679254195     
  0.91835364679582054        25.638452463983867       0.96905052608821041     
   6.4098711008493847E-002   25.638452463983867        34.195157259636602     
   1.3898725299447754        25.638452463983867        11.464349560047275     
   1.7130335925662281        25.638452463983867        17.739799375065317     
   1.1328468786660575        25.638452463983867        5.9759052683398313     
   2.6827292263661482        25.638452463983867        33.930528559746286     
  0.87888107312552211        25.638452463983867       0.34350379077702675     
  0.83345723458329113        25.638452463983867        1.2925560516071664     
  0.86924232342952301        25.638452463983867       0.46680026761224136     
   0.0000000000000000        25.638452463983867                            NaN
  0.20585838456468752        25.638452463983867        23.428919371168174     
   1.8607166423587818        25.638452463983867        20.427694123183048     
   1.0613059928868518        25.638452463983867        4.3483534644733259     
   1.8512743004278791        25.638452463983867        20.258760899925164     
  0.86069849814699861        25.638452463983867       0.63893979557811342     
   1.9651876998397968        25.638452463983867        22.271978999297147     
  0.87888107312552211        25.638452463983867       0.34350379077702675     
  0.87641307028848225        25.638452463983867       0.36343293864641785     
  0.87653754763821845        25.638452463983867       0.36219366719976837     
   0.0000000000000000        25.638452463983867                            NaN
   1.5323077922229003        25.638452463983867        14.304159939372067     
   1.8607166423587818        25.638452463983867        20.427694123183048     
   1.7606175596465752        25.638452463983867        18.616790549780777     
   1.7130335925662281        25.638452463983867        17.739799375065317     
