   4.9685241650420764        56.736075813717960        44.281511919597968     
  0.47448334351024024        14.859691073291723        9.1181140563233960     
   2.2564451986194118        59.107866822388722        24.107709394247021     
   4.8263237237743990        59.044192280509542        44.139041640392314     
  0.34803449250908558        30.199327780576635        7.1607863347437579     
  0.14501897504491879        43.679941182424621        9.7871331573977614     
   4.1477840217014785        14.799775498830016        22.243244489608962     
   3.7107612491179709        58.306174718010034        36.120822197608227     
   3.0447221196811416        29.962609164327215        21.297592086145059     
   1.7272600172270891        55.434713120601536        17.739094996332895     
   4.9685241650420764        33.384577601640792        35.580939080237975     
  0.47448334351024024        14.859691073291723        9.1181140563233960     
   2.2564451986194118        70.000000000000000        26.990269319088352     
   4.8263237237743990        59.044192280509542        44.139041640392314     
  0.34803449250908558        30.199327780576635        7.1607863347437579     
   1.5753327109199353        43.679941182424621        12.894081676012039     
   4.1477840217014785        62.084474097605302        40.498931662815259     
   3.7107612491179709        58.306174718010034        36.120822197608227     
  0.20277251743866886        29.962609164327215        10.351820022534763     
   1.7272600172270891        35.173688883624692        11.895069563848583     
   4.9685241650420764        32.302030875743547        35.134276067079711     
  0.47448334351024024        14.859691073291723        9.1181140563233960     
   2.2564451986194118        50.411246272785931        21.630981059509928     
   1.4009091886916099        59.044192280509542        14.927736148672889     
  0.34803449250908558        42.518969605973929        4.7126783195378703     
   1.2041676359009768        56.151057849306177        11.790643539332867     
   5.0000000000000000        14.799775498830016        27.395472957375336     
   5.0000000000000000        42.188478812538932        39.251567509528265     
  0.59312346035047281        10.000000000000000        9.3196241573582821     
   1.7272600172270891        10.000000000000000        2.7577722188295501     
   0.0000000000000000        32.302030875743547                            NaN
  0.47448334351024024        14.859691073291723        9.1181140563233960     
   2.2564451986194118        50.411246272785931        21.630981059509928     
   1.4009091886916099        59.044192280509542        14.927736148672889     
  0.34803449250908558        42.518969605973929        4.7126783195378703     
   2.8297129612795975        43.679941182424621        24.517529089942823     
   1.9752097802157662        32.819687836428145        13.483277090351862     
   1.3567455536915762        10.000000000000000        1.9155782058228246     
  0.59312346035047281        10.000000000000000        9.3196241573582821     
   2.0857436054715324        10.000000000000000        5.4822404315824995     
   3.9762466440852595        53.400787134537062        36.473553586847693     
   1.0274591326271265        14.859691073291723        2.5387920855506194     
   2.2564451986194118        50.411246272785931        21.630981059509928     
   1.4265043486673408        59.044192280509542        15.235722054829413     
  0.34803449250908558        42.518969605973929        4.7126783195378703     
   1.4143620000851569        43.679941182424621        11.129221464671291     
   1.9752097802157662        32.819687836428145        13.483277090351862     
   1.3567455536915762        24.487372317633906        4.6453565674514152     
   3.1561132919602031        10.000000000000000        13.343337765844877     
   2.9473213852168874        10.000000000000000        11.883433548582731     
   4.9685241650420764        58.486479822509978        44.872698723497258     
   1.0274591326271265        10.000000000000000        4.5864353794131834     
   0.0000000000000000        41.250398657826878                            NaN
   1.4009091886916099        48.185691336948864        12.192517675647661     
   2.0417016077805998        42.518969605973929        17.234579630346371     
   1.0165205479245176        23.042030205802828       0.62511222033091540     
   1.9752097802157662        42.522055846737096        16.601468439427300     
   1.3567455536915762        13.887752858633378        1.3065907763729934     
   0.0000000000000000        10.000000000000000                            NaN
   1.7272600172270891        10.000000000000000        2.7577722188295501     
   5.0000000000000000        43.669664448544992        39.811848372176286     
   1.0274591326271265        19.802700665283993       0.81734091157212907     
   1.5856415773227217        10.000000000000000        1.8838495888626019     
   1.4009091886916099        48.185691336948864        12.192517675647661     
  0.34803449250908558        42.518969605973929        4.7126783195378703     
   1.2415088826474341        23.042030205802828        2.9635345587853235     
   1.0438758630531861        32.819687836428145        3.7597760577604102     
   1.8858337095639777        28.109955209274389        11.032846819369029     
   0.0000000000000000        10.000000000000000                            NaN
  0.95817713080545497        10.000000000000000        5.2699468340359825     
   4.9685241650420764        32.302030875743547        35.134276067079711     
   1.2830837433101423        19.802700665283993        2.3059161544124565     
   1.5856415773227217        10.000000000000000        1.8838495888626019     
   1.2399480576723727        48.185691336948864        10.285174392372467     
   1.2584024520886150        10.366697312777635        2.3998103132658279     
   1.3771224700866882        23.042030205802828        4.3586224471377584     
   1.2204294051485662        10.000000000000000        2.8552875803149389     
   1.3567455536915762        28.592751836547095        6.0037887574873050     
  0.59312346035047281        10.000000000000000        9.3196241573582821     
   1.7272600172270891        39.420233823189641        13.217069555051909     
   2.0525421105522552        34.358017572096351        14.710117667094128     
   4.1822269779379493        19.802700665283993        24.824830026874469     
   1.5856415773227217        10.000000000000000        1.8838495888626019     
   1.2399480576723727        32.474505197686909        5.9426751171697250     
  0.83508090924711653        25.610386387112644       0.96733985740458295     
   1.0321354699435628        53.590583275361922        8.9226592448304878     
  0.18570633575816653        10.000000000000000        15.333033004292581     
   1.3567455536915762        13.887752858633378        1.3065907763729934     
   0.0000000000000000        10.000000000000000                            NaN
   1.6582357211873087        17.856042633998690        5.1471151677371960     
   1.8229437154167361        26.256556633632854        9.7941111966305154     
  0.63707261003895432        19.802700665283993        5.2989413578978084     
   1.5856415773227217        10.000000000000000        1.8838495888626019     
  0.67234316789203430        32.474505197686909        1.2547118439813727     
   2.0115223665654547        44.970724577753344        17.692579091825102     
  0.82295458880720262        10.553721096112712        6.4398947544069216     
  0.90214109878150994        23.128518313568005       0.95606061721427904     
   1.4944207537963046        10.000000000000000        1.5989487900498687     
  0.16736128657292437        18.482369736105085        13.537085324119788     
   1.7272600172270891        10.000000000000000        2.7577722188295501     
   1.8229437154167361        26.256556633632854        9.7941111966305154     
  0.36483794709506445        31.053574696827326        6.6539700347581121     
   2.1848530081185507        10.000000000000000        6.2470595176272656     
  0.67234316789203430        32.474505197686909        1.2547118439813727     
  0.83508090924711653        12.528965983759123        5.4853962962433123     
   1.0165205479245176        23.042030205802828       0.62511222033091540     
  0.90214109878150994        36.113790894784451        2.8791434497175015     
   1.1242747083368620        13.887752858633378        2.0300861834581259     
  0.59312346035047281        12.942609615211488        8.1863510987046855     
  0.76911423642233390        10.000000000000000        7.2690039613523654     
  0.96944980364990863        10.000000000000000        5.1568945444484173     
   1.3131532853423495        19.866332108792090        2.6228807364970512     
   1.5856415773227217        30.255123684939747        8.8956075349027746     
  0.82644482717193624        26.342947140031445       0.85473717141572314     
  0.91259760365287146        25.610386387112644       0.28465774606877575     
  0.82667883744930615        10.036784898896544        6.6235115161734361     
   1.1681104953919783        23.128518313568005        2.2162349928373124     
   1.3567455536915762        13.887752858633378        1.3065907763729934     
  0.59312346035047281        32.972052042858650        2.3229656168280624     
   1.7272600172270891        33.211958342286884        11.263316867728086     
  0.60256947051035759        22.552774955799510        4.9422970425453716     
  0.65663132446480099        31.519284805439131        1.7262898441071510     
   2.1088604553138710        10.000000000000000        5.6610170844204957     
   1.2682062094288500        16.229811592312721        1.1656629454196019     
  0.91259760365287146        23.018922754697577       0.87863002597728768     
  0.94153888234549099        34.067168796682864        2.8377562519864901     
  0.90214109878150994        23.128518313568005       0.95606061721427904     
   1.3567455536915762        14.217087769020551        1.3512337704413471     
  0.95915566106682693        32.972052042858650        2.7578069120967905     
   1.7272600172270891        10.000000000000000        2.7577722188295501     
  0.60256947051035759        22.613722934157739        4.9245720248097014     
   1.0274591326271265        19.802700665283993       0.81734091157212907     
   2.2239555884477338        10.000000000000000        6.5473559403879573     
  0.83691299540676722        23.736881228053402        1.5177182351952538     
  0.91259760365287146        19.721053862515838        1.9559445851685140     
   1.1059525904681773        23.024035275491475        1.5205136790523432     
  0.71569243692100182        23.128518313568005        3.2353555392729958     
   1.5875495666558022        13.887752858633378        3.0143328283015149     
  0.59312346035047281        32.972052042858650        2.3229656168280624     
   1.7272600172270891        10.000000000000000        2.7577722188295501     
  0.60256947051035759        22.613722934157739        4.9245720248097014     
   1.0274591326271265        19.802700665283993       0.81734091157212907     
  0.66968442016851693        31.244444191743469        1.6063003935955549     
   1.0538696913971959        26.342947140031445        1.9578356990146990     
   1.3591435594093477        25.610386387112644        5.0482200087696869     
   1.0165205479245176        23.042030205802828       0.62511222033091540     
   1.0082607598675457        21.859986822074045       0.50047008007572302     
   1.7185129794062006        13.887752858633378        4.1232184894170496     
  0.68081846054696182        32.972052042858650        1.0067930925981572     
   1.7272600172270891        10.000000000000000        2.7577722188295501     
  0.89746288017404052        19.078495109720521        2.3452344006616048     
   1.0274591326271265        19.802700665283993       0.81734091157212907     
  0.66968442016851693        28.813953466353674        2.2449898246941666     
  0.30474102894682265        39.990681749776449        6.1146645866326219     
  0.92134847141495857        25.610386387112644       0.31716412906722086     
  0.80371109985396105        20.891740560608675        2.8273055908792828     
   1.0082607598675457        10.000000000000000        4.7730925868162855     
   1.3567455536915762        13.887752858633378        1.3065907763729934     
  0.68081846054696182        43.658529124905925        1.5859588158501317     
   1.2010566602953856        23.953144737059542        2.8348706259592147     
  0.89746288017404052        18.040284577048279        2.7097295460889068     
   1.2428023598890059        16.632831290177787        1.0790306009990265     
  0.66968442016851693        31.244444191743469        1.6063003935955549     
  0.82644482717193624        26.342947140031445       0.85473717141572314     
  0.91259760365287146        25.610386387112644       0.28465774606877575     
   1.0165205479245176        42.838322210342184        6.1161766084013891     
   1.0082607598675457        21.859986822074045       0.50047008007572302     
   1.3567455536915762        13.887752858633378        1.3065907763729934     
  0.80009250209332672        32.972052042858650       0.68451826452623188     
  0.85303467803345145        10.000000000000000        6.3575929264524333     
   1.0003280994975041        19.078495109720521        1.2698187124147065     
  0.95427712711911727        24.372220396472169       0.38278221989757960     
  0.66656284959469181        31.244444191743469        1.6516184177398221     
  0.85770786639662744        26.342947140031445       0.48795059851277756     
  0.91259760365287146        30.342344632433136        1.4323015804852770     
   1.0165205479245176        37.409343444842641        4.6962264450434059     
   1.0082607598675457        21.859986822074045       0.50047008007572302     
   1.3567455536915762        13.887752858633378        1.3065907763729934     
   1.4319289484106787        19.778071038194980        3.7502106019045813     
   1.4214711420883295        10.000000000000000        1.6553015922886056     
   1.0174487859031298        26.953405380503060        1.7201141157407884     
  0.86893509936979341        24.372220396472169       0.94286906006291427     
  0.66968442016851693        32.206014915074817        1.3611655981526247     
  0.87892568897671031        26.342947140031445       0.29034409239612524     
  0.91920543409844901        26.556021094095669       0.46819820157453090     
   1.0165205479245176        23.042030205802828       0.62511222033091540     
   1.0082607598675457        27.813148590916377        1.8682504463563629     
  0.86347358493697768        28.650475520740198       0.35205750428698990     
  0.80009250209332672        32.972052042858650       0.68451826452623188     
   1.4214711420883295        10.000000000000000        1.6553015922886056     
   1.0003280994975041        16.793664837765238        2.0746045490461325     
  0.95427712711911727        31.839034214516211        2.3786055247358919     
  0.66968442016851693        34.906147992502987       0.70238581259885868     
  0.87892568897671031        32.074265628454008        1.4848383390039877     
  0.91259760365287146        19.721053862515838        1.9559445851685140     
   1.0165205479245176        23.042030205802828       0.62511222033091540     
   1.0082607598675457        24.280584417085464       0.84029281194606475     
  0.86347358493697768        17.815454824229310        3.1714366066090127     
  0.76171120367214384        32.972052042858650       0.17886854229173640     
   1.4214711420883295        10.000000000000000        1.6553015922886056     
  0.44651107477110796        19.078495109720521        8.2398957414121927     
  0.95427712711911727        24.372220396472169       0.38278221989757960     
  0.55900615492808758        34.906147992502987        2.4060679363955146     
   1.2064141666787012        26.342947140031445        3.6654822490950383     
  0.97928944748462199        25.610386387112644       0.88685999356202738     
   1.0165205479245176        33.058945871395338        3.4944717721187843     
  0.79650906974269153        21.859986822074045        2.6028511965267600     
  0.86347358493697768        43.693631089529646        4.2665240880440658     
  0.76171120367214384        32.972052042858650       0.17886854229173640     
   1.4214711420883295        25.877041189453294        5.7778193123873383     
   1.4117456847613363        10.000000000000000        1.6830728154645311     
  0.95427712711911727        17.243391120074605        2.3821751940051845     
  0.57493969089519270        38.309181008740197        1.3879836541515569     
  0.74710566956679270        32.860660343551402       0.12610119372153927     
  0.91259760365287146        25.610386387112644       0.28465774606877575     
   1.0165205479245176        29.208821719331539        2.3802240572438813     
  0.75721587084118780        21.859986822074045        3.0925375280053111     
  0.96331102034209315        21.402538531768030       0.87380607383953968     
  0.38795599169677408        44.469828360036388        3.5258128697940561     
   1.2364941483364122        10.000000000000000        2.7271678570426494     
  0.91522660962405977        19.078495109720521        2.1485904132387361     
  0.95427712711911727        48.331602859859871        6.6311116162148842     
   1.0445547625069953        23.127473147552500       0.90850757471329313     
  0.74710566956679270        32.860660343551402       0.12610119372153927     
  0.53926018030714862        25.610386387112644        5.0168039622370229     
   1.0165205479245176        18.472731599866108        1.3226955792843234     
  0.67079592191575044        21.859986822074045        4.2140478484693711     
  0.86347358493697768        30.428432659246514       0.83047019741033778     
  0.76171120367214384        32.972052042858650       0.17886854229173640     
   1.0938585869612976        19.600086388534464       0.67093219480279265     
  0.96589886511416612        22.598410354651360       0.52902107481976535     
  0.95427712711911727        39.857671269478118        4.5416438002901014     
  0.66968442016851693        34.906147992502987       0.70238581259885868     
  0.74075954127075938        32.860660343551402       0.19650515713086336     
  0.91259760365287146        25.610386387112644       0.28465774606877575     
   1.1241504734123464        23.042030205802828        1.7199335250622318     
   1.1988006512845342        21.859986822074045        2.1302413417838166     
  0.86347358493697768        28.650475520740198       0.35205750428698990     
  0.76171120367214384        32.972052042858650       0.17886854229173640     
   1.1728561133825284        16.574058729645614       0.90149505979278211     
  0.98571362239738070        22.598410354651360       0.45529485330196617     
  0.95427712711911727        24.372220396472169       0.38278221989757960     
  0.43866001039793323        44.290582933896019        2.5608868745892037     
  0.73542124228251182        32.771546984105605       0.28573722186515277     
  0.91259760365287146        25.523266263410598       0.28685447791622820     
   1.0165205479245176        23.042030205802828       0.62511222033091540     
   1.0082607598675457        21.859986822074045       0.50047008007572302     
  0.83694075703733906        28.650475520740198       0.14092394792038690     
  0.79469335570901023        33.269631960680144       0.69052047085127055     
   1.0938585869612976        19.600086388534464       0.67093219480279265     
  0.76969468292175280        32.041501555188944        7.9438216695893724E-002
  0.95427712711911727        24.372220396472169       0.38278221989757960     
  0.52191584655343826        34.906147992502987        3.0136640736619116     
  0.74710566956679270        32.860660343551402       0.12610119372153927     
  0.91259760365287146        25.610386387112644       0.28465774606877575     
  0.76288117276932299        32.563586096180721       0.10585997479475598     
   1.0082607598675457        21.859986822074045       0.50047008007572302     
  0.83694075703733906        28.650475520740198       0.14092394792038690     
  0.76171120367214384        29.434105945833370       0.80301976574437095     
   1.0955167589548660        19.358990877473421       0.67656800054471233     
  0.76969468292175280        32.041501555188944        7.9438216695893724E-002
  0.95427712711911727        30.123586434455145        1.8901262328547472     
  0.66968442016851693        34.906147992502987       0.70238581259885868     
  0.75789487016935408        32.689406908358457        9.3559315209483893E-002
  0.61552929479659579        37.670542738164080       0.89066578705825494     
  0.77416641997445423        32.563586096180721       0.23217518436575085     
  0.76021698152389838        32.180143135238168       0.11221756068482779     
  0.63454253221690604        37.968264598356612       0.55082818062201278     
  0.90450680025272445        32.972052042858650        2.0623994104131538     
   1.0938585869612976        19.600086388534464       0.67093219480279265     
  0.76969468292175280        33.032034347701327       0.29349845701359145     
  0.55232694777395497        40.377186670607131        1.3214515839877137     
  0.66968442016851693        30.965209940091995        1.6783110606434459     
  0.92046136384606159        32.689406908358457        2.1890721184553028     
   1.0150251090474922        23.010228238571912       0.60661114852827314     
  0.76288117276932299        34.367697578279113       0.54504648989103266     
  0.76066851230691834        32.824551392753868       0.13491759927882885     
  0.83694075703733906        33.529226718881432        1.3274726272003208     
  0.76171120367214384        32.972052042858650       0.17886854229173640     
  0.86541991814559915        19.600086388534464        2.5289008069966101     
  0.77608146632143993        31.297061165053179       0.11987383403359866     
  0.95427712711911727        24.372220396472169       0.38278221989757960     
  0.66968442016851693        29.471361585480210        2.0696000675825337     
  0.76086249134540196        33.225623505271308       0.22927276341827113     
   1.0027998236281455        25.610386387112644        1.1532946844790575     
  0.68934710885880868        32.563586096180721       0.98564112614253307     
  0.76021698152389838        32.180143135238168       0.11221756068482779     
  0.83694075703733906        28.650475520740198       0.14092394792038690     
  0.76171120367214384        38.394850099634638        1.5408566314643171     
  0.98193488809419760        19.600086388534464        1.2717494424525941     
  0.76969468292175280        21.343929031729594        3.0997230123513568     
  0.95427712711911727        30.372208455785604        1.9614199860910251     
  0.70711490454848214        34.906147992502987       0.20546553429508141     
  0.75789487016935408        24.984465833084322        2.1281785008133718     
  0.91259760365287146        25.610386387112644       0.28465774606877575     
  0.76288117276932299        32.563586096180721       0.10585997479475598     
  0.49936026637334424        42.493524108171258        1.7962985100225177     
  0.73666456068334774        32.235682201760703       0.40039171125319351     
  0.76171120367214384        32.068337706489807       0.11734164106045715     
  0.99294882981974053        23.762200039575941       0.56752055667736256     
  0.57196490486524465        40.468643632013595       0.98763134940481567     
  0.95496719808892339        24.738421393141255       0.43193046220292802     
  0.84009007472818120        34.906147992502987        1.7352982872050444     
  0.75240015431952278        32.685702509197746       0.10578767071919715     
  0.91259760365287146        25.610386387112644       0.28465774606877575     
  0.82427015912478008        29.736937008692053       0.15847895014572472     
  0.57690353288445428        32.180143135238168        2.7670720748026585     
  0.83694075703733906        22.209255961781672        2.0002649632800931     
  0.76711256273841988        31.962933608781118        8.6958992617308481E-002
  0.99407803893472069        23.762200039575941       0.57726720769648232     
  0.76969468292175280        33.814894422504565       0.49504487481903370     
  0.67251171828043099        24.372220396472169        3.4446018947237227     
  0.62881703109491138        38.488193996300595       0.53153961752385837     
  0.91958421728872808        32.689406908358457        2.1778707506126365     
  0.91259760365287146        31.761151357943554        1.8307489486940580     
  0.76444608728058250        32.563586096180721       0.11932232049928218     
  0.95328802602916296        25.345065319632674       0.53763413290592799     
  0.83694075703733906        28.650475520740198       0.14092394792038690     
  0.81147013893735243        29.839209467038167        9.9027411240226251E-002
  0.88455117913849957        27.064305567956222       0.24562518225409480     
  0.88608271565331409        32.041501555188944        1.5684300268368365     
  0.82852797410091139        29.992327070258291       0.26625901740883062     
  0.70711490454848214        28.421412108888394        1.8264775792717485     
  0.67220079872350025        35.663135900645905       0.49628356934412388     
  0.86159120193824412        27.711353788548625       0.18200806217528850     
  0.76001947751016696        32.312794131021747        9.4692862262585845E-002
  0.76021698152389838        32.180143135238168       0.11221756068482779     
  0.83694075703733906        28.650475520740198       0.14092394792038690     
  0.62695246095115298        31.962933608781118        2.0547374970876162     
  0.75118062626360993        27.064305567956222        1.6096957693941860     
  0.76969468292175280        32.041501555188944        7.9438216695893724E-002
  0.77246093186904652        29.992327070258291       0.50599794701901690     
  0.67466683023034013        35.876309725030410       0.41792741265367339     
  0.75789487016935408        32.130646002804696       0.14696324570331507     
  0.86159120193824412        27.711353788548625       0.18200806217528850     
  0.75660512531385560        32.529308939519353        9.4546644155521498E-002
  0.76021698152389838        32.180143135238168       0.11221756068482779     
  0.83694075703733906        27.669222129988949       0.34977123721104258     
  0.85960093978465446        27.999530193846674       0.18807885158303297     
  0.88455117913849957        28.053204757376058       0.44920421534519789     
  0.77706883697700546        31.460322915527072        8.2088868407087526E-002
  0.69840039935077314        29.992327070258291        1.5234011636927760     
  0.70711490454848214        36.890923133500472       0.41761476312398949     
  0.71122165572848761        34.307144632008296       0.26252318712212297     
  0.80473041344186114        27.711353788548625       0.72678998501028980     
  0.90946221106121827        25.849325067330149       0.27930338026279639     
  0.81518177238723377        32.180143135238168       0.67504176247390335     
  0.83694075703733906        28.826390348593488       0.13657512314828610     
  0.76711256273841988        31.962933608781118        8.6958992617308481E-002
  0.88455117913849957        30.821761540495789        1.2103830613893249     
  0.89327572083356244        26.285666192025452       0.24760637874942976     
  0.77191011132231657        29.992327070258291       0.51332316909083431     
  0.66911022067898118        34.906147992502987       0.71073639584225901     
  0.75789487016935408        35.167675066535431       0.68085596886998290     
  0.86159120193824412        34.144922081789488        1.8199132675145067     
  0.82276908170773166        32.529308939519353       0.87010325290473267     
  0.86863893204693010        27.956483636687082       0.25333453578410170     
  0.83694075703733906        28.826390348593488       0.13657512314828610     
  0.68845278994369807        35.612196580533869       0.29365696605474712     
  0.78443998251065272        31.313691660101163        7.5929176359767592E-002
  0.76969468292175280        33.286112956285791       0.35861363442879424     
  0.82852797410091139        29.992327070258291       0.26625901740883062     
  0.76931983863291875        31.774813092194009        9.5977655108606619E-002
  0.73478561730180814        32.689406908358457       0.31391148303662036     
  0.78523079043968191        27.711353788548625       0.97703487012897039     
  0.75660512531385560        28.922960677628971        1.0130950510324801     
  0.76021698152389838        31.917550653204515       0.16633240351318737     
  0.72783700935111284        33.953089076644957       0.14659968842354723     
  0.86570789616606336        31.962933608781118        1.2824210630388335     
  0.78443998251065272        29.540298792785538       0.47232216753554718     
  0.84740560229058404        32.041501555188944        1.0642814140328971     
  0.78863544575118394        29.992327070258291       0.29466963705374616     
  0.83775276996268877        31.774813092194009       0.86459028789702863     
  0.75789487016935408        32.689406908358457        9.3559315209483893E-002
  0.86159120193824412        30.867312927226983       0.92732300412319113     
  0.75660512531385560        34.671870297854518       0.53746409582856891     
  0.72092063263718364        32.180143135238168       0.63349864725696625     
  0.83694075703733906        28.826390348593488       0.13657512314828610     
  0.72640245921593705        33.528722149686466       0.23277685499080730     
  0.84616095805272584        28.431821362859132       0.15361970995521876     
  0.71735908586189479        33.814289052308496       0.28707995025639538     
  0.79325175934206560        31.350582161020707       0.16820878941005510     
  0.77651246848591537        31.204701536745812       0.13553561798641697     
  0.75789487016935408        32.689406908358457        9.3559315209483893E-002
  0.86159120193824412        27.925298909138988       0.19274603945348509     
  0.84200919417521303        32.529308939519353        1.1256266685221183     
  0.76021698152389838        32.180143135238168       0.11221756068482779     
  0.76461970083838993        32.276090352478320        8.2215028570081422E-002
  0.79260471210840711        31.962933608781118       0.31688019708068876     
  0.78443998251065272        31.313691660101163        7.5929176359767592E-002
  0.76750375194380049        32.136918346931900        8.0116070775309217E-002
  0.77089872418734084        32.446478268557797       0.16313280124950263     
  0.77964235701112161        31.774813092194009       0.11001411988105950     
  0.75789487016935408        32.728377563950950        9.7437430538268768E-002
  0.86159120193824412        27.474810424079216       0.19480699690387626     
  0.67614449821808997        32.529308939519353        1.1855383736922591     
  0.74414185483849893        32.409699986724725       0.25626473143167666     
  0.76360986433035649        32.077342803057839        9.8041487285647710E-002
  0.76711256273841988        31.962933608781118        8.6958992617308481E-002
  0.78443998251065272        30.823810501892837       0.13319194550234620     
  0.76969468292175280        30.624930646844398       0.37169392220414416     
  0.78012422810525173        32.079283855314756       0.18588312023275766     
  0.77302900999910096        31.774813092194009        7.5208025460145461E-002
  0.76391974122513151        32.689406908358457       0.13990558290738445     
  0.86159120193824412        29.721668394079042       0.61198115139504405     
  0.78096286577468366        32.529308939519353       0.31163131492093887     
  0.70117968397691388        32.180143135238168       0.91307712350750947     
  0.76085692595314569        32.458796617159528        8.5591731661093434E-002
  0.76711256273841988        31.962933608781118        8.6958992617308481E-002
  0.86553935884212929        27.738660182749527       0.19831701646647670     
  0.76969468292175280        32.041501555188944        7.9438216695893724E-002
  0.77089872418734084        32.404593037425528       0.15334647495297996     
  0.77302900999910096        31.774813092194009        7.5208025460145461E-002
  0.69133966526738466        35.385497831419904       0.29985649754550336     
  0.78688447936082584        27.711353788548625       0.95558968825514967     
  0.77712192177566264        31.653728902746856        7.4924306540304741E-002
