   3.0838796881873574       0.98238003563542731        8.9228084877431968     
   6.1479295646278418        32.544191068451930        41.959177677340769     
   8.7914892051891211        18.202336780360369        48.351579887320547     
   9.0669968394818419        37.774201248566264        58.459665098113376     
   3.7627921394018116        41.236106555853681        30.739965531590176     
   2.3947991829255622        46.524012913610783        21.725195157569154     
   1.9536729160125688        46.156562675472607        17.491300334412550     
   3.7247533904570318        43.541207838221325        31.298100239686729     
   4.2242420448357167        5.8654504549137005        18.452058650069233     
   8.0621292471313151        20.326804238233876        46.033840980499086     
   0.0000000000000000        7.6882691771605014                            NaN
   0.0000000000000000        0.0000000000000000                            NaN
   8.7914892051891211        18.202336780360369        48.351579887320547     
   8.1109289115761900        17.592924247852949        44.963840808989787     
   0.0000000000000000        41.236106555853681                            NaN
   2.3947991829255622        46.524012913610783        21.725195157569154     
   6.4667050380586133        0.0000000000000000                            NaN
  0.13075067767576698        43.541207838221325        10.293667738626203     
   4.5886018272300326        5.8654504549137005        20.691403086180774     
   8.0621292471313151        20.326804238233876        46.033840980499086     
   3.0838796881873574       0.98238003563542731        8.9228084877431968     
   6.1479295646278418        50.000000000000000        48.934027568739317     
   8.7914892051891211        21.866696479173967        50.081718940352616     
   8.1109289115761900        7.9485662531050387        40.403128219420829     
   3.7627921394018116        47.553793979979687        32.976938435847231     
   2.3947991829255622        46.524012913610783        21.725195157569154     
   0.0000000000000000        46.156562675472607                            NaN
  0.13075067767576698        43.541207838221325        10.293667738626203     
   4.7897169296038404        5.8654504549137005        21.898907261579392     
   6.1722543713385107        17.634997046040475        35.361487412001033     
   1.5329400559972139       0.98238003563542731        5.2061397399997560     
   6.1479295646278418        32.544191068451930        41.959177677340769     
   10.000000000000000        0.0000000000000000                            NaN
   5.4663192484003833        7.9485662531050387        26.815707423002888     
   3.7627921394018116        5.6442765872506975        15.406883518044763     
   2.3947991829255622        0.0000000000000000                            NaN
   1.9536729160125688        8.2682045337852639        3.8647766337438032     
  0.13075067767576698        40.326315055385848        10.744080125376822     
   4.2242420448357167        24.912924043171955        27.378298941805195     
   0.0000000000000000        17.634997046040475                            NaN
   1.5329400559972139        30.401175286555258        8.4107979724883482     
   7.9141113111864581        32.544191068451930        50.909969664356900     
   8.7914892051891211        0.0000000000000000                            NaN
   5.4663192484003833        7.9485662531050387        26.815707423002888     
   3.7627921394018116        5.6442765872506975        15.406883518044763     
  0.20727270778413720        46.524012913610783        7.4598243770471058     
   3.8812427015619280        17.860780900817087        22.033006344598920     
  0.13075067767576698        3.6826616086959376        18.582686442505487     
   6.5102852226273384        5.8654504549137005        31.508479051003807     
   5.1080524522450785        15.914810720338094        28.645461502843279     
   1.5329400559972139       0.98238003563542731        5.2061397399997560     
   9.0907179959241518        49.576790243351624        63.452089726386234     
   8.7914892051891211        19.147253465178903        48.799660426903124     
   5.4899168196727244        8.1569502881582441        27.049185375112550     
   2.2219953768123615        5.6442765872506975        4.7805073212368026     
  0.20727270778413720        14.286421654403284        13.693588494893747     
   1.8924552919258726        8.2682045337852639        3.4274300858341680     
   0.0000000000000000        43.541207838221325                            NaN
   4.2242420448357167        5.8654504549137005        18.452058650069233     
   5.1080524522450785        15.914810720338094        28.645461502843279     
   4.5111881283124990       0.98238003563542731        18.235816854332466     
   6.1479295646278418        32.544191068451930        41.959177677340769     
   8.7914892051891211        18.202336780360369        48.351579887320547     
   1.1450309805446985        2.4806694878801494        7.4571787296920053     
   9.0422796664653458        0.0000000000000000                            NaN
  0.20727270778413720        46.524012913610783        7.4598243770471058     
   1.8924552919258726        8.0124939092410834        3.3424924858034206     
   0.0000000000000000        50.000000000000000                            NaN
   4.2242420448357167        5.8654504549137005        18.452058650069233     
   5.3993614491504820        0.0000000000000000                            NaN
   1.5329400559972139        42.513186974293355        12.110343077539236     
  0.48982858719518729        32.544191068451930        4.0905801239734370     
   4.0993612571658220        9.6151007872598377        19.504694412582769     
   1.1450309805446985        2.4806694878801494        7.4571787296920053     
   2.7944717410802764        5.6442765872506975        8.8394158865790757     
   4.5699375759245626        40.119433436831748        35.749224330185498     
   0.0000000000000000        28.283590755529850                            NaN
   0.0000000000000000        43.541207838221325                            NaN
   9.4008482551510983        5.8654504549137005        45.397263945957590     
   5.1080524522450785        8.4672453047039262        25.024887266876586     
   1.5329400559972139        0.0000000000000000                            NaN
  0.48982858719518729        50.000000000000000       0.71644577502182660     
   5.3985938858989257        0.0000000000000000                            NaN
   1.1450309805446985        22.322849889989730        1.7209813086569994     
  0.34364948307099796        5.6442765872506975        14.381788831037072     
  0.37322892732145740        46.524012913610783        3.4556255170768844     
   4.2559195132227714        8.0124939092410834        19.696729630128736     
  0.95000820521714846        6.9139670656349139        6.7852873843285924     
   4.2242420448357167        36.395019003405423        32.070154600783617     
   7.8421054013133347        8.4672453047039262        39.362940193855870     
   1.8917779494333400       0.98238003563542731        3.3510625088384609     
   3.0623063154505519        50.000000000000000        28.472842806510787     
   4.0993612571658220        0.0000000000000000                            NaN
   1.1450309805446985        0.0000000000000000                            NaN
   2.2219953768123615        2.3775943301964784        3.8091520166447248     
   0.0000000000000000        50.000000000000000                            NaN
   0.0000000000000000        48.065188012578730                            NaN
   3.5545932612220943E-003   28.204228406625361        20.006116643535535     
   4.2242420448357167        5.8654504549137005        18.452058650069233     
   6.7756837877932217        8.4672453047039262        34.086971060624826     
  0.60963346533287532       0.98238003563542731        13.725168496912973     
  0.48982858719518729        50.000000000000000       0.71644577502182660     
   0.0000000000000000        50.000000000000000                            NaN
   1.0970684364930368        22.322849889989730        1.2235617642026433     
   3.4953220357740129        19.796884625829641        20.322847761892248     
  0.75234743212350008        50.000000000000000        4.0897643381970052     
   1.2167867757966668        8.0124939092410834        3.7857183681053748     
  0.95000820521714846        50.000000000000000        6.9762147920565019     
  0.44955773105000246        5.8654504549137005        12.872221421800180     
   5.1080524522450785        8.4672453047039262        25.024887266876586     
   1.8917779494333400        29.679178381476575        11.634193111900437     
  0.48982858719518729        19.190784796504236        7.5507855702380073     
   4.0993612571658220        39.957815719529421        32.593817316475089     
   1.0970684364930368        8.8975514194524337        4.4125928327214421     
   2.2219953768123615        2.3775943301964784        3.8091520166447248     
   0.0000000000000000        46.524012913610783                            NaN
   1.1996929804977745        37.774467274727947        7.0218585903743094     
   0.0000000000000000        50.000000000000000                            NaN
  0.44955773105000246        49.141983426843005        1.4835603740916068     
   2.7642413257761635        35.884510594562741        21.306809410429366     
   0.0000000000000000        45.554375845876237                            NaN
   0.0000000000000000        50.000000000000000                            NaN
   4.0993612571658220        9.6151007872598377        19.504694412582769     
   1.0970684364930368        30.053027195135137        3.5804356546730451     
   2.5236093321724944        41.166824420758097        21.128915527972076     
  0.93981677555265919        26.790925444776942       0.76049981915786269     
   1.8924552919258726        38.223271928437114        14.469528470453245     
  0.26299001239104619        6.9139670656349139        15.045907916881816     
  0.44955773105000246        49.141983426843005        1.4835603740916068     
   2.7642413257761635        13.977588567233290        12.515825743411288     
   2.5802738064054225        0.0000000000000000                            NaN
  0.22619651928599616        50.000000000000000        6.4061348152288744     
   3.9030703073500725        9.6151007872598377        18.255595887261787     
   0.0000000000000000        22.322849889989730                            NaN
   2.2219953768123615        0.0000000000000000                            NaN
  0.93981677555265919        26.790925444776942       0.76049981915786269     
   1.8515635899368452        10.887400250148133        4.0842317509385984     
   0.0000000000000000        15.835927153212840                            NaN
   0.0000000000000000        49.141983426843005                            NaN
   3.3431221130155580        13.977588567233290        16.635525534594642     
   2.1531715005265557       0.98238003563542731        3.4223600374929073     
   4.0367077569076759E-003   50.000000000000000        18.602548860560148     
   3.9030703073500725        9.6151007872598377        18.255595887261787     
   1.0970684364930368        28.461845494710992        3.1001943817227304     
   2.2219953768123615        23.598872939756575        12.306631911897282     
  0.93981677555265919        45.186954014621598        5.6884166288596392     
   2.8181454469872689        8.0124939092410834        10.123448271178374     
  0.95000820521714846        6.9139670656349139        6.7852873843285924     
  0.44955773105000246        49.141983426843005        1.4835603740916068     
   4.6966163851782028        0.0000000000000000                            NaN
   1.8917779494333400        9.6106458521915812        3.9057083752627411     
   0.0000000000000000        50.000000000000000                            NaN
   1.4968762315168720        9.6151007872598377        1.6646955438656961     
  0.21441998102067156        22.322849889989730        11.618444422243625     
   2.2219953768123615        2.3775943301964784        3.8091520166447248     
   0.0000000000000000        26.790925444776942                            NaN
