   3.3102613136023740        26.126419751432941        43.741124960779253     
   1.2713660794158916        63.485155279508433        41.217647570296329     
   2.8674145404413487        32.866342714432264        45.955102242281434     
   3.9941280209127266        44.977213830564061        77.362382303905648     
  0.94802745312920655        36.929383538046537        11.939500600817604     
   1.2016958356168772        65.902354513104527        40.851336542550072     
   1.0335906656759786        38.542172490378327        15.609395259472493     
  0.28970899674986172        58.485213733801594        1.5683328429968699     
   4.3534868671330536        13.036662615337031        35.229734885338075     
   3.0964850682003009        40.746729551545201        58.793343166092335     
  0.83447885019281420        26.126419751432941       0.81680156494924006     
   0.0000000000000000        70.000000000000000                            NaN
   2.8674145404413487        70.000000000000000        83.135113520263047     
   3.8626142116741784        44.977213830564061        75.421310038247796     
  0.94802745312920655        48.001271586412685        20.640997521181539     
   1.2016958356168772        70.000000000000000        43.580208891284123     
   1.0335906656759786        58.940471225186229        31.018054167253048     
   1.9208251840990478        58.485213733801594        53.749244603364659     
   4.3534868671330536        51.234877180215740        89.729463639968245     
   3.0964850682003009        40.746729551545201        58.793343166092335     
   2.1113176190131799        10.000000000000000        3.6965505189645440     
   0.0000000000000000        63.485155279508433                            NaN
   2.8674145404413487        10.000000000000000        12.081120457373206     
   3.8626142116741784        44.977213830564061        75.421310038247796     
  0.94802745312920655        10.000000000000000        17.418539091581039     
   1.2016958356168772        65.902354513104527        40.851336542550072     
   3.7637767539053355        19.745635167221231        40.156119699707972     
   0.0000000000000000        42.201428528221754                            NaN
   4.3534868671330536        13.036662615337031        35.229734885338075     
   1.2049587776408863        40.746729551545201        21.916958355129729     
   0.0000000000000000        26.126419751432941                            NaN
   1.2713660794158916        63.485155279508433        41.217647570296329     
   1.4402061244729789        32.555155104272686        19.792838309305939     
   4.2495134416255222        44.977213830564061        81.049621501547648     
   3.3672473832379790        10.000000000000000        18.025301133690157     
   1.0487795050947877        65.902354513104527        36.136054970497746     
   1.0335906656759786        38.542172490378327        15.609395259472493     
   0.0000000000000000        30.159765910145232                            NaN
   3.6984435996108340        13.036662615337031        27.713575244367895     
   1.2049587776408863        59.359858557634368        36.406115731089983     
  0.83447885019281420        46.250919720680400        15.858177408494576     
   1.2713660794158916        35.961617295387562        19.276618687604810     
   2.4351411128175018        23.658652313506710        27.477114420348229     
   3.8626142116741784        45.383035762228992        75.885774695361775     
  0.94802745312920655        36.929383538046537        11.939500600817604     
   1.0487795050947877        70.000000000000000        38.758665091657427     
   1.0335906656759786        38.542172490378327        15.609395259472493     
  0.53538982591162876        58.485213733801594        12.642938500402234     
   3.6984435996108340        10.000000000000000        21.839614705796230     
   1.2049587776408863        40.746729551545201        21.916958355129729     
   0.0000000000000000        26.126419751432941                            NaN
   1.2713660794158916        13.360241068463544        6.5632473511707943     
   2.8674145404413487        10.000000000000000        12.081120457373206     
   3.8626142116741784        34.710183023352059        62.956204260558032     
  0.94802745312920655        36.929383538046537        11.939500600817604     
   3.1952801062238994        49.386539056143285        69.741561093881799     
   2.3800530160118032        10.000000000000000        6.2497146348292798     
  0.28970899674986172        44.689179413951379        7.4246236491716608     
   2.2070440015539354        20.073439322909952        19.023223188358134     
   1.1746184740495296        40.746729551545201        21.149067275266287     
  0.83447885019281420        26.126419751432941       0.81680156494924006     
   1.2713660794158916        13.360241068463544        6.5632473511707943     
   2.8674145404413487        10.000000000000000        12.081120457373206     
   0.0000000000000000        34.185679105211648                            NaN
  0.61853565364874330        49.046828605440972        10.319150492479862     
   1.0487795050947877        65.902354513104527        36.136054970497746     
  0.35105095943981457        10.000000000000000        31.118592013169184     
   3.4878091718474042        19.282828455027587        35.901487420594087     
   1.7004772266277697        13.635774109323014        2.6940844650472164     
   1.7884119110844137        15.089328410663843        5.4843820795900067     
   1.5272775513407786        26.126419751432941        14.757488157651796     
   1.2713660794158916        10.000000000000000        11.757295079234419     
   2.8674145404413487        10.000000000000000        12.081120457373206     
   0.0000000000000000        40.254165805989928                            NaN
  0.61853565364874330        49.046828605440972        10.319150492479862     
   2.1776874831231030        65.902354513104527        65.494823344942318     
   1.4912192896520953        10.000000000000000        8.3465300549123285     
  0.28970899674986172        70.000000000000000        5.3210997049056976     
   1.7004772266277697        13.635774109323014        2.6940844650472164     
   1.7884119110844137        19.799564281771850        11.832187720742235     
  0.83447885019281420        43.206373315343754        13.613144254317303     
   1.2713660794158916        13.360241068463544        6.5632473511707943     
   2.8674145404413487        19.043946487486682        27.234772708093672     
   1.7356139469082468        34.710183023352059        28.106371971131324     
   1.9401026405167241        49.046828605440972        46.052633092418979     
   1.0487795050947877        11.437669721212103        13.353775247670290     
   2.3800530160118032        10.000000000000000        6.2497146348292798     
  0.28970899674986172        58.485213733801594        1.5683328429968699     
   0.0000000000000000        10.000000000000000                            NaN
   1.0682521948391981        15.089328410663843        7.8609904768592003     
   2.1113176190131799        26.126419751432941        25.384418892245215     
   1.2713660794158916        27.200066810477665        10.658962163638929     
   3.4003351091250513        10.000000000000000        18.411003954493477     
   1.6304069305564468        17.609008144140148        6.2712097051202127     
  0.61853565364874330        49.046828605440972        10.319150492479862     
   1.6209716430944789        10.000000000000000        6.5264537818097388     
  0.32806020899775801        43.876097447597026        5.8113228326138344     
   1.0997533229898679        60.057618757358661        33.805910920651961     
   2.1024416054641808        13.635774109323014        8.0427038656586838     
   1.7884119110844137        15.089328410663843        5.4843820795900067     
   2.0334411816604554        26.126419751432941        24.051188025819361     
   1.2713660794158916        34.854991455946035        18.246857379239373     
   2.8674145404413487        52.580184336221436        67.301632069829679     
   1.6304069305564468        17.609008144140148        6.2712097051202127     
  0.61853565364874330        31.479654088037780        2.3916533576337740     
   2.0238609167043333        10.000000000000000        3.3521187433138842     
  0.32806020899775801        43.876097447597026        5.8113228326138344     
  0.28970899674986172        25.817434769892529        19.093470241751536     
  0.53003680057530744        38.873827921516892       0.87076113064205218     
   1.7884119110844137        10.000000000000000        4.5292966421879015     
   2.2218003861563913        10.000000000000000        4.5755151344515212     
   1.2713660794158916        33.381018917105180        16.850973097494908     
   2.8207463972725426        10.000000000000000        11.516942954509778     
  0.48215936908684520        17.609008144140148        18.922687129063057     
  0.61853565364874330        31.479654088037780        2.3916533576337740     
   0.0000000000000000        40.452277992719246                            NaN
  0.32806020899775801        21.287189212969643        20.926821863398338     
  0.28970899674986172        43.730470016846361        7.9431318054330902     
   2.7003376895568660        38.873827921516892        50.191743890454347     
  0.54394695335348153        28.449732410623842        7.2615964236221320     
  0.83447885019281420        43.138275573334340        13.562054860483840     
   1.2713660794158916        13.360241068463544        6.5632473511707943     
   2.8207463972725426        10.000000000000000        11.516942954509778     
   1.6304069305564468        17.609008144140148        6.2712097051202127     
  0.61853565364874330        31.479654088037780        2.3916533576337740     
   2.0238609167043333        10.000000000000000        3.3521187433138842     
  0.32806020899775801        43.876097447597026        5.8113228326138344     
  0.28970899674986172        58.485213733801594        1.5683328429968699     
  0.53003680057530744        10.000000000000000        26.299492038873577     
   1.7884119110844137        10.000000000000000        4.5292966421879015     
  0.83447885019281420        26.126419751432941       0.81680156494924006     
   2.0275366740821910        10.000000000000000        3.3582011294186978     
   2.8207463972725426        29.535360517646566        41.099036066471690     
   1.6304069305564468        44.212036239201851        34.996335868533571     
  0.93975257160433512        31.479654088037780        6.9738950963487385     
   2.1365586022737175        13.946031861729377        8.9953793674179767     
   2.5612249686485331        10.000000000000000        8.3793025649422006     
   0.0000000000000000        58.485213733801594                            NaN
  0.24164411384491497        36.317882792977876        14.834557901291143     
  0.96015887315235571        42.521259902395137        16.821229966370762     
  0.83447885019281420        20.039213236120823        6.9694044391017185     
  0.86021885647933705        34.502077216963116        7.4570831440825911     
   2.8207463972725426        10.000000000000000        11.516942954509778     
  0.35878321943869074        17.609008144140148        22.957750004510803     
  0.82728966962791262        22.144410625818558        4.9155859532916191     
   2.0238609167043333        10.000000000000000        3.3521187433138842     
   0.0000000000000000        55.635809225167066                            NaN
  0.28970899674986172        58.485213733801594        1.5683328429968699     
  0.53003680057530744        30.730168501792129        5.9324784076717867     
   1.1483124733540708        10.000000000000000        13.818669884361970     
  0.83447885019281420        26.126419751432941       0.81680156494924006     
  0.99688407054858430        37.021530765355024        13.341510952622720     
   2.5492087415551650        10.000000000000000        8.2351991249974557     
  0.11664291094323698        36.495533458476913        23.644773437896248     
  0.61853565364874330        31.479654088037780        2.3916533576337740     
   0.0000000000000000        10.000000000000000                            NaN
