  0.39740848585785415        25.638452463983867        10.917400586522895     
   6.7441333482418377        25.638452463983867        62.079853918524314     
   2.2159212935045245        25.638452463983867        19.107817992162296     
   4.4580450951438806        25.638452463983867        42.757300166381953     
   3.2828721262499805        25.638452463983867        31.201011871843797     
  0.86362330832566725        25.638452463983867       0.83890987559181240     
   2.2993533207625951        25.638452463983867        20.129709939547016     
   8.7719284006024996        25.638452463983867        76.967322249000119     
   9.6611575314427860        25.638452463983867        83.012667482577825     
   8.5448955162841944        25.638452463983867        75.381003608463104     
  0.39740848585785415        25.638452463983867        10.917400586522895     
   3.8306934483189670        25.638452463983867        36.769368199235714     
   2.2159212935045245        25.638452463983867        19.107817992162296     
   6.1746816112460401        25.638452463983867        57.564399634673315     
   3.2828721262499805        25.638452463983867        31.201011871843797     
  0.86362330832566725        25.638452463983867       0.83890987559181240     
   2.2993533207625951        25.638452463983867        20.129709939547016     
   8.6039319399695025        25.638452463983867        75.795265489804322     
   2.2379218926847622        25.638452463983867        19.378808887688493     
   6.1194809724504502        25.638452463983867        57.117495396335585     
  0.39740848585785415        25.638452463983867        10.917400586522895     
   3.8306934483189670        25.638452463983867        36.769368199235714     
   2.2159212935045245        25.638452463983867        19.107817992162296     
   5.4469146845766696        25.638452463983867        51.528985301247346     
   1.2852718848142484        25.638452463983867        6.3419842517032583     
  0.86362330832566725        25.638452463983867       0.83890987559181240     
   1.8053740366727196        25.638452463983867        13.826411182809176     
   8.6039319399695025        25.638452463983867        75.795265489804322     
   2.2379218926847622        25.638452463983867        19.378808887688493     
   5.6273571345116480        25.638452463983867        53.055447989861278     
   0.0000000000000000        25.638452463983867                            NaN
   3.3711880204277875        25.638452463983867        32.123149377048343     
   2.2159212935045245        25.638452463983867        19.107817992162296     
   4.4580450951438806        25.638452463983867        42.757300166381953     
  0.98517200810344252        25.638452463983867        1.4422216958328580     
  0.86362330832566725        25.638452463983867       0.83890987559181240     
   1.8053740366727196        25.638452463983867        13.826411182809176     
   4.2266370981774495        25.638452463983867        40.591694744194349     
   4.5191359965157378        25.638452463983867        43.321208467290113     
   5.6273571345116480        25.638452463983867        53.055447989861278     
   1.6933493978319119        25.638452463983867        12.300554828595347     
   0.0000000000000000        25.638452463983867                            NaN
   2.2159212935045245        25.638452463983867        19.107817992162296     
   1.7772275763810139        25.638452463983867        13.446856873076918     
  0.98517200810344252        25.638452463983867        1.4422216958328580     
  0.86362330832566725        25.638452463983867       0.83890987559181240     
   1.1517259468700809        25.638452463983867        4.2230520528219531     
   4.2266370981774495        25.638452463983867        40.591694744194349     
   2.2379218926847622        25.638452463983867        19.378808887688493     
   5.6273571345116480        25.638452463983867        53.055447989861278     
  0.39740848585785415        25.638452463983867        10.917400586522895     
   3.4217040666209790        25.638452463983867        32.646146196878512     
   2.2159212935045245        25.638452463983867        19.107817992162296     
   1.3492220874098535        25.638452463983867        7.3236806720860717     
   0.0000000000000000        25.638452463983867                            NaN
  0.86362330832566725        25.638452463983867       0.83890987559181240     
   2.9807894737065785        25.638452463983867        27.966908867556512     
   1.0788200562558001        25.638452463983867        3.0237073767154010     
   2.2379218926847622        25.638452463983867        19.378808887688493     
   5.6273571345116480        25.638452463983867        53.055447989861278     
  0.39740848585785415        25.638452463983867        10.917400586522895     
   3.4489636657821325        25.638452463983867        32.927049835072410     
   0.0000000000000000        25.638452463983867                            NaN
   1.3492220874098535        25.638452463983867        7.3236806720860717     
  0.98517200810344252        25.638452463983867        1.4422216958328580     
  0.86362330832566725        25.638452463983867       0.83890987559181240     
  0.99825773516947136        25.638452463983867        1.6648579459919270     
   9.5934335497689593E-002   25.638452463983867        21.881701229867247     
   1.8049014029292012        25.638452463983867        13.820058246070458     
   5.9461211875337741        25.638452463983867        55.702800743004346     
  0.39740848585785415        25.638452463983867        10.917400586522895     
   3.0486265324721504        25.638452463983867        28.704473036818154     
   5.0050547430382757        25.638452463983867        47.699140071881210     
   5.9503929207033845E-002   25.638452463983867        24.300033347717154     
  0.98517200810344252        25.638452463983867        1.4422216958328580     
  0.86362330832566725        25.638452463983867       0.83890987559181240     
   1.8877930534170346        25.638452463983867        14.923847769317542     
  0.57063254035299904        25.638452463983867        6.7087264579115642     
   1.8049014029292012        25.638452463983867        13.820058246070458     
   5.6273571345116480        25.638452463983867        53.055447989861278     
   2.3686757837727259        25.638452463983867        20.967175866746096     
   0.0000000000000000        25.638452463983867                            NaN
   1.9116900288883847        25.638452463983867        15.238282692792259     
   0.0000000000000000        25.638452463983867                            NaN
  0.61811144682325936        25.638452463983867        5.6675691526943446     
  0.86362330832566725        25.638452463983867       0.83890987559181240     
  0.99825773516947136        25.638452463983867        1.6648579459919270     
   2.0078873384831049        25.638452463983867        16.487805922156021     
  0.77213179528591258        25.638452463983867        2.5303510025511926     
   5.6273571345116480        25.638452463983867        53.055447989861278     
  0.39740848585785415        25.638452463983867        10.917400586522895     
   1.8556213166732900        25.638452463983867        14.497898950309704     
   4.6277661537945702        25.638452463983867        44.316208386313605     
   1.3492220874098535        25.638452463983867        7.3236806720860717     
   0.0000000000000000        25.638452463983867                            NaN
  0.86362330832566725        25.638452463983867       0.83890987559181240     
  0.49124198973673733        25.638452463983867        8.5470150946397432     
   1.0788200562558001        25.638452463983867        3.0237073767154010     
   0.0000000000000000        25.638452463983867                            NaN
   5.6273571345116480        25.638452463983867        53.055447989861278     
  0.39740848585785415        25.638452463983867        10.917400586522895     
   1.4882022465168401        25.638452463983867        9.3915904092569402     
   1.6479876344683853        25.638452463983867        11.670706602476596     
   1.3492220874098535        25.638452463983867        7.3236806720860717     
