   2.0752174121807565        20.547107734618493        8.9671671777176964
   3.2365777771784932        14.197529224863986        15.714295849245779
   7.5934689972296132        38.569488243807115        41.971848408185224
   5.1519267191083120        11.720294398022801        26.225054617010350
   3.8412013652417376        16.293173357590014        19.714444606259853
   2.1225369978890174        4.2717023325301584        6.6522511327663176
   5.0768388160339875        43.946971486204525        31.012271576752060
   1.1971354815691826        18.690412401615859        1.7322366132907590
   9.5941684569545025        7.6496771799796690        45.774342149178423
   8.6897057981694950        9.1752295739321692        42.268476753729310
   2.0752174121807565        15.498868972243237        8.1343006629293981
   6.7959090244271625        14.197529224863986        34.641391063990490
   1.8166173678801278        1.5648293629800563        4.1160879206938645
   5.1519267191083120        11.720294398022801        26.225054617010350
   3.8412013652417376        16.293173357590014        19.714444606259853
   2.1225369978890174        0.0000000000000000                            NaN
   7.4640554653439857        43.946971486204525        42.274473337202139
   1.1971354815691826        34.593673075368862        3.9699804314419134
   9.5941684569545025        22.976302325474713        47.620116116814138
   0.0000000000000000        9.1752295739321692                            NaN
   2.0752174121807565        14.067451467214571        7.8951637172642100
   3.2365777771784932        14.197529224863986        15.714295849245779
   4.4602158401937375        1.5648293629800563        21.301844552908982
   6.1851947570316232        48.401705157756496        37.209314852032570
   2.5813799163238027        16.293173357590014        11.813626558380282
  0.34122891973802894        4.2717023325301584        9.3275046724857731
   5.6470845176282936        31.971307946695809        31.975465527234885
   0.0000000000000000        24.266506804490305                            NaN
   9.5941684569545025        7.6496771799796690        45.774342149178423
   6.5971861526212301        9.1752295739321692        33.050930451290604
   1.9639742105156182        0.0000000000000000                            NaN
   3.2365777771784932        16.750604705735341        16.141240505339653
   1.2001711266200092        18.606491963355197        1.7461240713543904
   5.1519267191083120        11.720294398022801        26.225054617010350
   3.2025468612571242        24.701535497656181        17.253129445808799
   0.0000000000000000        2.2169101352002807                            NaN
   7.9374848389880315        35.105646788107407        42.873546993177953
   0.0000000000000000        12.731538749221745                            NaN
   10.000000000000000        2.8889244037105346        47.162240823684840
   6.5971861526212301        9.1752295739321692        33.050930451290604
   2.0752174121807565        12.238301216757312        7.5888608797132520
   3.2365777771784932        14.197529224863986        15.714295849245779
   5.5177512506151167        11.062363839338975        28.015930298010797
   5.1519267191083120        11.726396023897925        26.225955857317555
   2.5813799163238027        25.150950338968215        13.279238954126496
   2.1225369978890174        0.0000000000000000                            NaN
   5.0768388160339875        43.946971486204525        31.012271576752060
   2.0883681050007632        26.631073915482922        10.036517169125082
   9.5941684569545025        0.0000000000000000                            NaN
   6.4803752148876574        9.1752295739321692        32.497812811583643
  0.12877319194979431        12.238301216757312        11.020655758495973
   3.2365777771784932        14.197529224863986        15.714295849245779
   1.2001711266200092        20.722733756912170        2.0482179524863691
   1.7400116202926230        27.997747501746048        7.6026333050701895
   2.5813799163238027        16.293173357590014        11.813626558380282
   2.3611013500275488        0.0000000000000000                            NaN
   5.0768388160339875        11.872477318196289        25.853870318549841
   1.1971354815691826        18.690412401615859        1.7322366132907590
   3.9717047842558713        43.566556296517916        24.894259374667175
   0.0000000000000000        20.249223118205315                            NaN
   2.0752174121807565        31.939956341459734        10.757269937365876
   3.2365777771784932        17.498232845564718        16.266498736993714
   2.0820935717814080        0.0000000000000000                            NaN
   1.7400116202926230        27.997747501746048        7.6026333050701895
   2.5813799163238027        15.568029924505224        11.691652497826666
  0.71862474569169021        26.116805629204105        1.8289734172255945
   4.0699369660665869        29.234451791930660        23.174501078181706
   1.1971354815691826        16.772621166395183        1.4690216301866783
   0.0000000000000000        43.566556296517916                            NaN
   6.4803752148876574        9.1752295739321692        32.497812811583643
   1.8214461379793316        24.608623909582118        7.7146966443752021
   3.2365777771784932        14.197529224863986        15.714295849245779
   1.2001711266200092        19.707714285520662        1.9024909153773073
   2.3047974079156095        27.997747501746048        11.814324148713828
   2.9718976017439895        27.837895157530731        16.299248729012945
  0.71862474569169021        21.802096428173883        2.4146335979343050
   1.2771308536681252        5.3130523355897523        1.2388856151792627
   1.1971354815691826        18.277374664428738        1.6743806681585385
   3.9717047842558713        34.693746331688239        23.496107715521202
   6.4803752148876574        9.1752295739321692        32.497812811583643
   2.1385028789289744        7.2018857338317837        7.2129059963860449
   3.2365777771784932        14.197529224863986        15.714295849245779
   3.4285217494743510        18.606491963355197        17.635620282579023
   1.3643703767420805        0.0000000000000000                            NaN
   0.0000000000000000        13.426811592686247                            NaN
   5.4727474401678959        26.116805629204105        30.153048280257913
  0.16973530586442909        6.2767253291017200        11.160424527597121
  0.74853595699235487        16.772621166395183        2.8559811301457492
   2.3556623937174983        8.5099117777328779        8.9611185730552698
   1.8338716249189106        0.0000000000000000                            NaN
   2.1385028789289744        7.2018857338317837        7.2129059963860449
   3.2365777771784932       0.39420317678105832        13.869897190132980
   0.0000000000000000        18.606491963355197                            NaN
   2.7703824867864917        27.997747501746048        15.006838182265575
   2.6062379049368940        15.568029924505224        11.859413976098905
   0.0000000000000000        26.116805629204105                            NaN
   1.2771308536681252        5.3130523355897523        1.2388856151792627
   2.1262085854977202        16.772621166395183        8.7158692286359027
   2.3556623937174983        0.0000000000000000                            NaN
   6.0151301007621631        25.703212966456459        32.751105071652567
   1.6890511514452144        7.2018857338317837        3.9079380497617477
   3.2365777771784932        0.0000000000000000                            NaN
   1.2001711266200092        18.606491963355197        1.7461240713543904
   1.7400116202926230        27.997747501746048        7.6026333050701895
   2.5813799163238027        30.106349254530414        14.071397004732271
   4.5126318100519329        26.116805629204105        25.130451348592018
   1.2771308536681252        0.0000000000000000                            NaN
   1.6316822039194223        16.772621166395183        4.9959924808270122
   3.4882507671256713        0.0000000000000000                            NaN
   6.4803752148876574        15.773529309777350        33.403054384118143
   1.6890511514452144        7.2018857338317837        3.9079380497617477
   5.6263238304762417       0.39420317678105832        27.618843201593240
   0.0000000000000000        18.606491963355197                            NaN
  0.96718489211803449        27.997747501746048       0.93405121442445782
   2.5813799163238027        1.4041265526504354        9.5573869462872274
   0.0000000000000000        16.239070570933922                            NaN
   1.2771308536681252        5.3130523355897523        1.2388856151792627
   1.1971354815691826        23.389607210197585        2.4066153378264605
   2.3556623937174983        8.5099117777328779        8.9611185730552698
   6.4803752148876574        9.1752295739321692        32.497812811583643
   1.6890511514452144        7.2018857338317837        3.9079380497617477
   1.5689017033049864        16.755398706930553        4.4976756196090824
   1.2001711266200092        18.074663189809414        1.6716367182138800
   0.0000000000000000        33.443893547386629                            NaN
   2.5813799163238027        1.4041265526504354        9.5573869462872274
   0.0000000000000000        48.609111690133822                            NaN
   0.0000000000000000        26.073268823494729                            NaN
   1.1971354815691826        16.772621166395183        1.4690216301866783
   2.3556623937174983        8.5099117777328779        8.9611185730552698
   3.6259146763908432        16.719593493078222        18.512483667732731
  0.25340513030432643        7.2018857338317837        9.8922417962452123
   1.5689017033049864        25.634090451618157        5.8795907822875950
   1.2001711266200092        18.074663189809414        1.6716367182138800
  0.66977191472939146        28.011525469317753        2.1112041262225545
   2.0768127624445314        7.3749624313974902        6.7965314838881792
   1.3972375272397888        18.615505854068999        3.3996988432386441
   1.2771308536681252        29.747697647595341        4.0202445302939509
   1.1971354815691826        16.772621166395183        1.4690216301866783
   1.1922994140917214        34.183335670464494        3.8709791979342381
   3.6259146763908432        16.719593493078222        18.512483667732731
   1.6890511514452144        29.716324992407714        7.4570644264827521
   1.5689017033049864        16.755398706930553        4.4976756196090824
  0.71044690617780071        29.828138194643685        1.4453861030829520
   1.0287526737565273        27.997747501746048        1.5191904015911066
   2.0768127624445314        7.3749624313974902        6.7965314838881792
   1.2064834462797440        20.459665313598588        2.0648520657696503
   0.0000000000000000        14.707395926659661                            NaN
  0.90334898917228301        16.772621166395183        1.3962063801622149
   1.1922994140917214        17.658533772892817        1.5485371622509834
   1.6405179294844010        37.874168028065938        8.2379471320270454
   1.6890511514452144        7.2018857338317837        3.9079380497617477
   1.7271213394886649        45.279706670994173        9.9536193314392118
  0.71044690617780071        27.914043833840612        1.6841790855614620
   1.7435260167208539        27.997747501746048        7.6302360211898268
   2.0768127624445314        19.391172493431547        8.7899209331171519
  0.24091220678048786        26.544741935192359        7.7156438721836693
   1.2771308536681252        5.3130523355897523        1.2388856151792627
  0.90334898917228301        2.7460163640992121        3.9910575460035349
   1.3481225845608358        18.470778320623026        2.9706108554679629
   1.6405179294844010        45.435195360298586        9.2615986332903706
  0.77422588310313256        7.2018857338317837        4.2672617587488952
   1.5689017033049864        33.038229552210566        6.9683316386991896
  0.71044690617780071        29.828138194643685        1.4453861030829520
  0.96718489211803449        17.539555911575540       0.75270305863434039
   1.3962145809328119        7.3749624313974902        1.7994876771641777
  0.72545649679916169        37.780723726847775       0.42177990611923416
   1.4347528919225319        5.3130523355897523        1.8514213659250829
  0.90334898917228301        16.772621166395183        1.3962063801622149
   1.4252866497196324        17.658533772892817        3.4826568527993018
   1.6405179294844010        37.874168028065938        8.2379471320270454
   1.9010119310726485        0.0000000000000000                            NaN
   1.5689017033049864        16.755398706930553        4.4976756196090824
  0.71044690617780071        29.828138194643685        1.4453861030829520
  0.70124005589914096        17.539555911575540        3.2133683443319048
  0.86961074945871419        0.0000000000000000                            NaN
   5.0700331594501935E-002   37.780723726847775        10.856799277143242
  0.56144003201213544        21.716539543284192        4.1178608713493832
   1.1494954880588937        16.772621166395183        1.0890168501293853
   1.6077945677622227        17.658533772892817        4.9496806711280970
   1.6455586776702364        37.874168028065938        8.2791703994859080
   1.6890511514452144        37.597953392268963        8.5942504592731854
   1.2155784396850005        16.755398706930553        1.6174072448039631
   1.1939541614771052        29.828138194643685        3.2915828351495113
  0.96718489211803449        21.030646040485017       0.33118968443191477
   1.1034824181500622        19.215659445300787        1.0145838840378198
  0.72545649679916169        37.780723726847775       0.42177990611923416
   1.2771308536681252        5.3130523355897523        1.2388856151792627
   1.1012205642537929        16.772621166395183       0.74200507744124289
  0.34304829297570461        38.620163841110767        5.0504841008633541
   1.5492567555130534        37.874168028065938        7.4832829113233350
   1.5206578233134815        7.9612976123646870        2.7593720858231761
  0.66395789630144408        16.755398706930553        3.7143749638844854
   1.2556409718957684        29.828138194643685        3.8420370877796470
  0.57508733780936350        21.030646040485017        4.0567564560447487
  0.96307760531616227        29.583494073264468        1.1048652671000545
  0.55760079478980640        37.780723726847775        2.2944993225531172
   1.2771308536681252        5.3130523355897523        1.2388856151792627
   1.1012205642537929        33.095427483394872        2.8855588754507751
  0.93450256365397599        17.658533772892817       0.98788053664614794
   1.1581273049852374        24.653912953231284        2.2415332685655498
   1.5206578233134815        7.9612976123646870        2.7593720858231761
   1.2155784396850005       0.25709268936302010        2.0257120438447500
  0.71044690617780071        48.777698363982630       0.83927160193626760
   1.4099632370743922        10.575167297988752        2.2938722677744412
  0.95803444219787315        19.215659445300787       0.57480551423128923
  0.72545649679916169        37.780723726847775       0.42177990611923416
   1.2771308536681252        5.3130523355897523        1.2388856151792627
   1.1012205642537929        20.513476068118745        1.1611725961362767
  0.93450256365397599        9.4224928129749674        2.4049586699831766
   1.1581273049852374        31.430116174618025        3.1869986462435178
   1.1466607650624190        7.9612976123646870        1.1902800109143075
   1.4928152672940487        16.755398706930553        3.8895366986944042
  0.71044690617780071        48.777698363982630       0.83927160193626760
  0.96718489211803449        47.004783153491438        3.3073938234575881
  0.95803444219787315        4.1690580110414945        3.2407608760595341
   1.1403490813793657        14.549439715122585       0.81892956299006314
   1.0251232759815203        5.3130523355897523        2.4677067965634203
   1.0509287874487157        16.526536440618479       0.53573171421828536
  0.93485472167548922        17.658533772892817       0.98497844918409494
   1.1581273049852374        27.223511069082544        2.6047489926602925
   1.1466607650624190        7.9612976123646870        1.1902800109143075
   1.2155784396850005        9.8869815494213427       0.98614712918725944
  0.71044690617780071        48.777698363982630       0.83927160193626760
  0.96718489211803449        21.030646040485017       0.33118968443191477
  0.95803444219787315        19.215659445300787       0.57480551423128923
  0.70214844973348822        37.780723726847775       0.64852056179807860
   1.0130989294367374        5.3130523355897523        2.5619855039272079
   1.2643939687847674        16.526536440618479        1.9869573094285335
  0.93485472167548922        17.658533772892817       0.98497844918409494
   1.1581273049852374        24.653912953231284        2.2415332685655498
   1.1466607650624190        7.9612976123646870        1.1902800109143075
   1.2155784396850005        8.3987129015157755        1.0189997726952955
  0.46125301705183647        48.777698363982630        2.4930859030575756
  0.78112253579906532        35.882697465722607       0.20766036188621989
  0.78095591329185865        28.956662204529550       0.80945766293352783
  0.72545649679916169        27.974899296702052        1.5166227955335887
   1.1547740915574798        5.3130523355897523        1.5832740275936787
  0.80935567181882517        25.900861973619556       0.92302212792529570
  0.93485472167548922        0.0000000000000000                            NaN
   1.2704808821526594        24.653912953231284        3.2314680105019833
  0.99197494444412093        24.962017938577130       0.76846756132205463
   1.2155784396850005        22.621944481448573        2.4572507254930764
  0.64139679405179950        42.655066031664575       0.84627025968180858
  0.78112253579906532        34.636996927796233       0.19993822675136688
  0.95803444219787315        50.000000000000000        3.5549133374805555
  0.72545649679916169        37.780723726847775       0.42177990611923416
   1.2771308536681252        28.069215158486472        3.7822826766412985
   1.0509287874487157        16.526536440618479       0.53573171421828536
  0.93485472167548922        17.658533772892817       0.98497844918409494
   1.1581273049852374        24.653912953231284        2.2415332685655498
  0.58208988272483098        49.021277342971523       0.97604106853468464
   1.2155784396850005        50.000000000000000        6.0841530753801392
  0.82061309311364738        32.928897604790336       0.16432444616193229
  0.78112253579906532        38.987599734140630       0.49345691185230972
  0.95803444219787315        12.709246560325184        1.6131179281289294
  0.69912661357809169        37.780723726847775       0.67981266234825888
  0.72657286014094480        44.173836079754658       0.55071244642559147
   1.0509287874487157        15.134880944914570       0.63453264982846103
  0.75663734684115713        26.451629233655112        1.3872334106012338
   1.1581273049852374        24.653912953231284        2.2415332685655498
   1.1633796507866478        22.926407740922684        2.0421733186134121
   1.2155784396850005        9.8869815494213427       0.98614712918725944
  0.64173029692094374        44.988926716114968       0.66285521842881090
   1.1514112902641418        13.854093898421858       0.83809369612898321
  0.92259788555431710        19.215659445300787       0.84555697671363850
  0.61358691950223454        50.000000000000000       0.62493007097913233
  0.94820496358144346        44.173836079754658        2.7859087636092328
   1.0509287874487157        40.816990227294291        3.3980785579377870
  0.93485472167548922        17.658533772892817       0.98497844918409494
  0.87815285928793063        22.913681962105720       0.68240903919269569
  0.76189698046640209        24.962017938577130        1.5326285970198246
   1.2155784396850005        0.0000000000000000                            NaN
  0.93055017238102800        32.928897604790336        1.2248426177421414
  0.74984324747688047        28.170630655366026        1.2343292909456520
  0.83024152048125610        33.600628321489573       0.32024818214874812
  0.57594293376172090        37.780723726847775        2.0742390205860728
  0.97322596720975330        24.699171337629217       0.56448374374980470
   1.0890041062116491        10.620942979762212        1.0572396847323249
  0.93485472167548922        28.544957302975746       0.69430269250233123
  0.67197744610237309        46.536496338246650       0.44765451191263106
  0.81356080992241719        24.962017938577130        1.0101070756783261
   1.2155784396850005        9.8869815494213427       0.98614712918725944
  0.82061309311364738        26.555393871819771       0.72137022691755437
  0.78112253579906532        34.636996927796233       0.19993822675136688
  0.51151450690743205        33.600628321489573        3.2956081912937916
  0.72545649679916169        34.502466274159907       0.73791164750648397
  0.72657286014094480        44.173836079754658       0.55071244642559147
  0.68187335974061003        16.526536440618479        3.5648785712862923
  0.81834165967265715        33.143298638437699       0.17022052572015525
  0.93034777364117793        28.154932831220513       0.59980648537911585
  0.83075644627734602        24.962017938577130       0.84011738480843190
   1.2155784396850005        9.8869815494213427       0.98614712918725944
  0.82061309311364738        34.123856236277163       0.29547111504852780
  0.92556852999694272        34.636996927796233        1.3943617755474662
   1.0047759240630061        21.237232027391968       0.46001813992978791
  0.72545649679916169        37.780723726847775       0.42177990611923416
  0.72657286014094480        44.173836079754658       0.55071244642559147
   1.1601283180310069        16.526536440618479        1.1425072676622761
  0.55988274312625030        50.000000000000000        1.1490003243983127
  0.77069675748583699        39.024549969591902       0.40934467592721169
  0.99197494444412093        24.962017938577130       0.76846756132205463
   1.1304309835952027        12.307542737983386       0.76603421385879600
  0.82150618378707385        38.043387487115844       0.77182218041219797
  0.65472206749239159        34.636996927796233        1.4984014916920356
  0.77955650904338258        33.600628321489573       0.28444013513513200
  0.72545649679916169        37.780723726847775       0.42177990611923416
  0.57747141508472344        44.173836079754658        1.4333127759197393
   1.0509287874487157        16.526536440618479       0.53573171421828536
   1.0033135493527920        33.143298638437699        1.9626625248880558
  0.77069675748583699        39.024549969591902       0.40934467592721169
  0.99197494444412093        43.167064058478019        3.1054353646993436
   1.1021272685241508        12.023406132730976       0.81922176785478573
  0.82061309311364738        32.928897604790336       0.16432444616193229
  0.56540300935010668        34.636996927796233        2.5319339892783232
  0.77955650904338258        18.087166275041355        2.3474507968712506
   1.0062342699370181        37.780723726847775        2.5852622270310244
  0.72657286014094480        44.173836079754658       0.55071244642559147
   1.0509287874487157        16.526536440618479       0.53573171421828536
  0.81834165967265715        33.143298638437699       0.17022052572015525
  0.75036984238619997        39.024549969591902       0.29108073901974235
   1.0156317000265822        19.219439313721296       0.42672535835421427
   1.1304309835952027        12.307542737983386       0.76603421385879600
  0.82061309311364738        32.928897604790336       0.16432444616193229
  0.89285893690642260        34.636996927796233        1.0685120444752039
  0.98715095205321468        25.223993715580718       0.75776299919204360
  0.72545649679916169        11.808665188265408        3.8928149557097917
  0.72657286014094480        36.860210130714236       0.48854835370095595
   1.0509287874487157        16.526536440618479       0.53573171421828536
  0.81834165967265715        33.143298638437699       0.17022052572015525
  0.78409956392432822        39.024549969591902       0.52427333318484237
   1.1002523604670937        14.125171478281338       0.66672130680375008
   1.1304309835952027        12.307542737983386       0.76603421385879600
  0.86425283364014382        31.150327042455935       0.33926358822972325
  0.83482222867051648        34.636996927796233       0.49073346906599935
  0.54175319021909418        49.512835428348517        1.4005610486295079
  0.49500782002118660        37.780723726847775        3.0689118805669668
   1.0166813827740224        36.860210130714236        2.5705792199591686
   1.2532817946808121        4.8098552461241013        1.2963518355680461
  0.81834165967265715        33.143298638437699       0.17022052572015525
  0.75036984238619997        39.024549969591902       0.29108073901974235
  0.85033783190232093        32.619856861645069       0.39017511309351471
  0.87868228287972461        29.338669843154594       0.24999129833644868
  0.79083779401477394        34.123856236277163       0.16975767849242293
  0.78112253579906532        19.745454235020979        2.0813281696826320
  0.88259088217946668        33.600628321489573       0.83456350020867587
  0.83738505653623774        30.936408420202845        8.8780106165362041E-002
  0.71918384890557474        36.860210130714236       0.56185820430799793
   1.0509287874487157        48.738189530572406        4.3466349760819130
  0.87617493395725277        33.143298638437699       0.71232961469268696
  0.75036984238619997        29.097463733232988        1.1110655002084180
  0.85033783190232093        32.619856861645069       0.39017511309351471
  0.87868228287972461        17.194693596211149        1.5491005501758037
  0.76128745774857043        34.184268399603368       0.40224041266905841
  0.78112253579906532        34.536920957774527       0.20429038096725369
  0.89059577613998098        33.600628321489573       0.91442637452148934
  0.86006061731816064        30.936408420202845       0.27138556535417191
  0.72657286014094480        37.712582445070922       0.41711387367652014
   1.0509287874487157        16.526536440618479       0.53573171421828536
  0.88141245758183018        28.089810398915141       0.13414424635320851
  0.75036984238619997        39.024549969591902       0.29108073901974235
  0.79103123293692490        33.821786065086499       0.17873746813910127
  0.87868228287972461        28.646606390366831       0.16779291109612282
  0.82061309311364738        32.928897604790336       0.16432444616193229
  0.81790646616311757        29.915840859019642       0.31068821094285559
  0.91497957457897416        33.600628321489573        1.1570851273908087
  0.83738505653623774        42.464306003870341        1.4516183482475342
  0.86029626426966099        37.712582445070922        1.1225099222317851
   1.0509287874487157        16.526536440618479       0.53573171421828536
  0.83898297953090861        28.089810398915141       0.33403177009122281
   1.0961877438424392        39.024549969591902        3.6080088934813950
  0.79103123293692490        33.821786065086499       0.17873746813910127
  0.79807444216110579        33.368221520919256       0.15913118876777338
  0.77986214205460413        32.928897604790336       0.34759868215631851
   1.0358569733499983        34.636996927796233        2.4699551763621947
  0.75185454761608261        33.600628321489573       0.55923245239050490
  0.83520091677455333        30.936408420202845        8.4683304759440511E-002
  0.76813003470214969        37.712582445070922       0.27584965111970089
  0.96417246733367412        16.526536440618479       0.93011905081727797
  0.86897933596587351        27.983579450949502        9.4955528977438156E-002
  0.75036984238619997        39.024549969591902       0.29108073901974235
  0.81946596153131102        32.740885715723877       0.14082305479550611
  0.79807444216110579        34.670381151770002       0.18942646530024987
  0.86513606245531571        27.535246364919896       0.16511057343852953
  0.78112253579906532        32.194699534436353       0.41466389660071767
  0.84250664457213220        28.482956845778645       0.24882407002081755
  0.59475376072454078        30.936408420202845        2.6013598942714946
  0.76813003470214969        37.712582445070922       0.27584965111970089
  0.98055173576951826        22.093940479163638       0.36538046493654447
  0.86897933596587351        17.742912557765131        1.5504658639331710
  0.75036984238619997        38.974164322094978       0.28845652667085331
  0.81946596153131102        40.364617896134099        1.0245142435483745
  0.79807444216110579        33.368221520919256       0.15913118876777338
  0.83281390975877245        32.928897604790336       0.26270281330014850
  0.87660675527534315        34.636996927796233       0.90590666415759524
  0.84250664457213220        25.668894558364023       0.62702956620929751
  0.81059876204426107        30.936408420202845       0.26240253195209878
  0.83711995575213438        37.712582445070922       0.88856626631006586
  0.98055173576951826        22.093940479163638       0.36538046493654447
  0.88154604336551678        27.983579450949502       0.12610975547546352
  0.77272065768905807        35.717745125354227       0.20891024293458699
  0.89422428394874753        23.607515665239845       0.44170661657739491
  0.79807444216110579        33.368221520919256       0.15913118876777338
  0.82061309311364738        32.928897604790336       0.16432444616193229
  0.78112253579906532        34.636996927796233       0.19993822675136688
  0.84250664457213220        28.482956845778645       0.24882407002081755
  0.83520091677455333        20.037364703250375        1.5120394623318480
  0.78405647338191686        37.712582445070922       0.38253572781890527
  0.85672889972656618        22.093940479163638        1.0011840647741215
  0.86897933596587351        27.983579450949502        9.4955528977438156E-002
  0.78331898497766173        34.906702213242291       0.18425660837412861
  0.81307320684752482        33.351069248202734       0.15817033186280482
  0.78114190639982184        34.477315845693226       0.20706593482702382
  0.82061309311364738        34.206396253316512       0.30511617329854057
  0.78112253579906532        34.636996927796233       0.19993822675136688
  0.83907633238992640        29.176345456437197       0.19461979680167049
  0.83520091677455333        30.936408420202845        8.4683304759440511E-002
  0.76813003470214969        37.712582445070922       0.27584965111970089
  0.84988282304252816        32.918269880794504       0.42336919032894277
  0.92764760502005317        27.983579450949502       0.55156295523174081
  0.78331898497766173        33.325463124518301       0.27538333488712657
  0.81946596153131102        32.740885715723877       0.14082305479550611
  0.79807444216110579        26.294681819086033       0.98335701747429616
  0.79004698653847327        32.928897604790336       0.25091120075918927
  0.77679404793344276        34.933195744436858       0.21202235925293914
  0.86520377329428422        29.176345456437197       0.11030514019395621
  0.83520091677455333        30.936408420202845        8.4683304759440511E-002
  0.76813003470214969        37.712582445070922       0.27584965111970089
  0.98908542864797167        22.794230845262295       0.48504478267136669
  0.82662933840993758        27.983579450949502       0.47021393441958298
  0.78331898497766173        34.906702213242291       0.18425660837412861
  0.90849080362859846        24.608465631360119       0.21405331164805860
  0.84200527362053634        31.109778073783115       0.13011405096538770
  0.82061309311364738        32.928897604790336       0.16432444616193229
  0.75165676412134741        37.502444101463126       0.25769453988442798
  0.80154532316792837        29.176345456437197       0.56941472841515972
           0.84876244186418570        29.921388094701264        7.3841721384276110E-002
  0.76813003470214969        37.712582445070922       0.27584965111970089
  0.98055173576951826        24.675287137958396       0.62767741391593224
  0.86897933596587351        27.983579450949502        9.4955528977438156E-002
  0.81903777068068062        34.906702213242291       0.37341766839336082
  0.86683143181416955        28.182425816659517        8.9715414436366464E-002
  0.82896548000646886        31.109778073783115        9.5191919684292525E-002
  0.83145328408728925        32.928897604790336       0.25052549497581400
  0.87506131387703767        26.829206806643903       0.17311430420468871
  0.72290647999878610        29.176345456437197        1.3923709739341388
  0.91602743186036084        29.921388094701264       0.69048817771858406
  0.76813003470214969        35.337273178772371       0.24685457051751025
  0.85579735048645855        22.093940479163638        1.0099744912729707
   1.0224042823954040        27.983579450949502        1.4574449899494639
  0.78331898497766173        36.157615253929777       0.23263037447335888
  0.86683143181416955        21.073322219120563        1.0579856281813751
  0.82896548000646886        31.109778073783115        9.5191919684292525E-002
  0.82061309311364738        34.296527008261776       0.31568638344366662
  0.86862946321195245        27.936864365838108        9.9786433970120825E-002
  0.89989712955535173        26.218675857320395       0.13905709093178723
  0.93430746520409613        29.921388094701264       0.86962359046668702
  0.75041273832552335        37.420729716391492       0.26420177911714771
  0.98055173576951826        22.093940479163638       0.36538046493654447
  0.76234385372234792        34.360946611827508       0.37466410191218441
  0.85402652460475403        34.906702213242291       0.71388346447646400
  0.86683143181416955        24.174302574628904       0.60550347116106229
  0.82896548000646886        31.109778073783115        9.5191919684292525E-002
  0.90376394012970618        25.760830509453928       0.14944004158736346
  0.79130176405139752        34.366906388733000       0.16647060607068528
  0.76552337292311379        29.176345456437197       0.94215472113055354
  0.84876244186418570        23.659430002271165       0.84975291265528829
  0.76813003470214969        35.337273178772371       0.24685457051751025
  0.87208855668158181        30.194101161175553       0.29382569632730077
  0.86897933596587351        26.508510161671978       0.26338400409684964
