   6.9666008034898921        34.938766556086925       0.48411438137810647     
   9.5063790974075477        34.938766556086925       0.53528696456467817     
   4.4118403720107855        34.938766556086925       0.38064055158055843     
   5.1109728634439389        34.938766556086925       0.41811159008590038     
   7.8328196404322759        34.938766556086925       0.50501715750823784     
   4.5354729079227702        34.938766556086925       0.38800552774344360     
   8.0849543670186961        34.938766556086925       0.51032096627089796     
  0.78512875554419437        34.938766556086925       0.42019210242391125     
   9.0412876771910238        34.938766556086925       0.52792542830895473     
  0.52675319276849986        34.938766556086925       0.68018269104763307     
   10.000000000000000        34.938766556086925       0.54239578181987069     
   1.4888290986181216        34.938766556086925        4.7383399715553109E-002
   1.4733491760044570        34.938766556086925        5.2718518046600368E-002
   0.0000000000000000        34.938766556086925                            NaN
   7.8328196404322759        34.938766556086925       0.50501715750823784     
   4.5354729079227702        34.938766556086925       0.38800552774344360     
   8.0849543670186961        34.938766556086925       0.51032096627089796     
   1.3515934931104092        34.938766556086925        9.8202464481843402E-002
   9.0412876771910238        34.938766556086925       0.52792542830895473     
   1.0580109785388565        34.938766556086925       0.23688858066801594     
   6.9666008034898921        34.938766556086925       0.48411438137810647     
   7.5307959614764437        34.938766556086925       0.49823267983347275     
   0.0000000000000000        34.938766556086925                            NaN
   2.1633594129702414        34.938766556086925       0.13264932924569856     
   7.8328196404322759        34.938766556086925       0.50501715750823784     
   5.7188186673757126        34.938766556086925       0.44398119050034812     
   4.6787241139170446        34.938766556086925       0.39610991202401091     
   0.0000000000000000        34.938766556086925                            NaN
   7.3078672085552530        34.938766556086925       0.49289390561374957     
   0.0000000000000000        34.938766556086925                            NaN
   6.9666008034898921        34.938766556086925       0.48411438137810647     
   1.4888290986181216        34.938766556086925        4.7383399715553109E-002
   1.4733491760044570        34.938766556086925        5.2718518046600368E-002
   2.1633594129702414        34.938766556086925       0.13264932924569856     
   7.8328196404322759        34.938766556086925       0.50501715750823784     
   4.5354729079227702        34.938766556086925       0.38800552774344360     
   1.4119377321075093        34.938766556086925        7.4889120086659627E-002
   1.3515934931104092        34.938766556086925        9.8202464481843402E-002
   7.3078672085552530        34.938766556086925       0.49289390561374957     
   1.0580109785388565        34.938766556086925       0.23688858066801594     
   0.0000000000000000        34.938766556086925                            NaN
   1.4888290986181216        34.938766556086925        4.7383399715553109E-002
   1.4733491760044570        34.938766556086925        5.2718518046600368E-002
   0.0000000000000000        34.938766556086925                            NaN
   7.8328196404322759        34.938766556086925       0.50501715750823784     
   2.4051172246718484        34.938766556086925       0.17698692727576040     
   0.0000000000000000        34.938766556086925                            NaN
   1.3515934931104092        34.938766556086925        9.8202464481843402E-002
   0.0000000000000000        34.938766556086925                            NaN
   1.0580109785388565        34.938766556086925       0.23688858066801594     
   6.9666008034898921        34.938766556086925       0.48411438137810647     
   1.4888290986181216        34.938766556086925        4.7383399715553109E-002
   1.4733491760044570        34.938766556086925        5.2718518046600368E-002
   1.1923834019852639        34.938766556086925       0.16762499362885677     
   7.8328196404322759        34.938766556086925       0.50501715750823784     
   1.1261899940725675        34.938766556086925       0.20036640034399941     
   1.4119377321075093        34.938766556086925        7.4889120086659627E-002
   0.0000000000000000        34.938766556086925                            NaN
   8.6742582249976188        34.938766556086925       0.52159675985953868     
   1.0580109785388565        34.938766556086925       0.23688858066801594     
   6.9666008034898921        34.938766556086925       0.48411438137810647     
   1.4888290986181216        34.938766556086925        4.7383399715553109E-002
   0.0000000000000000        34.938766556086925                            NaN
   2.1633594129702414        34.938766556086925       0.13264932924569856     
   7.8328196404322759        34.938766556086925       0.50501715750823784     
   0.0000000000000000        34.938766556086925                            NaN
   5.8231832183718151        34.938766556086925       0.44793263175045434     
   1.5240228800594866        34.938766556086925        3.5680852850974547E-002
   2.6193384210548585        34.938766556086925       0.21075401041446068     
   1.0580109785388565        34.938766556086925       0.23688858066801594     
   8.0545861422311678        34.938766556086925       0.50969845748322018     
   0.0000000000000000        34.938766556086925                            NaN
   2.4699410268809352        34.938766556086925       0.18769862230096343     
   2.1633594129702414        34.938766556086925       0.13264932924569856     
   7.8328196404322759        34.938766556086925       0.50501715750823784     
   2.4051172246718484        34.938766556086925       0.17698692727576040     
  0.96831034270294958        34.938766556086925       0.28989995168837523     
   0.0000000000000000        34.938766556086925                            NaN
   1.2109617639293226        34.938766556086925       0.15887569332169452     
  0.97529104276579304        34.938766556086925       0.28555215264575312     
   4.4519719019873110        34.938766556086925       0.38307055877260926     
   1.4888290986181216        34.938766556086925        4.7383399715553109E-002
   1.4733491760044570        34.938766556086925        5.2718518046600368E-002
   1.9369868354024518        34.938766556086925        8.3619567456829483E-002
   7.8328196404322759        34.938766556086925       0.50501715750823784     
   2.4051172246718484        34.938766556086925       0.17698692727576040     
   1.4119377321075093        34.938766556086925        7.4889120086659627E-002
  0.81914740436959710        34.938766556086925       0.39335987402561956     
   1.5091508918925913        34.938766556086925        4.0548527481051207E-002
   0.0000000000000000        34.938766556086925                            NaN
  0.68195374355253602        34.938766556086925       0.51069790440238028     
   3.8878098533242547        34.938766556086925       0.34494338994550955     
   1.4559666784165999        34.938766556086925        5.8833843137162091E-002
   1.9369868354024518        34.938766556086925        8.3619567456829483E-002
   7.8328196404322759        34.938766556086925       0.50501715750823784     
   2.4051172246718484        34.938766556086925       0.17698692727576040     
  0.74638444402184745        34.938766556086925       0.45247507738829162     
   1.5240228800594866        34.938766556086925        3.5680852850974547E-002
   1.8606014706511158        34.938766556086925        6.5140437588966427E-002
   1.0580109785388565        34.938766556086925       0.23688858066801594     
   4.4519719019873110        34.938766556086925       0.38307055877260926     
   4.2184489782494152        34.938766556086925       0.36836598519859315     
   1.4733491760044570        34.938766556086925        5.2718518046600368E-002
   1.4351465395522398        34.938766556086925        6.6325989053387407E-002
   5.6168290693299090        34.938766556086925       0.43999210697115598     
   0.0000000000000000        34.938766556086925                            NaN
   1.8002304774169875        34.938766556086925        4.9814892446393630E-002
   6.5992153135108111        34.938766556086925       0.47373671855286575     
   1.5091508918925913        34.938766556086925        4.0548527481051207E-002
   1.0580109785388565        34.938766556086925       0.23688858066801594     
   4.4519719019873110        34.938766556086925       0.38307055877260926     
   5.1382900294800473        34.938766556086925       0.41939122582572480     
   1.2276930075966299        34.938766556086925       0.15115229547819933     
   1.4106615608443458        34.938766556086925        7.5366420957824282E-002
   4.6320982688968204        34.938766556086925       0.39352054100518419     
   2.4051172246718484        34.938766556086925       0.17698692727576040     
   2.0142077966471232        34.938766556086925       0.10126990796557632     
   1.5240228800594866        34.938766556086925        3.5680852850974547E-002
   2.2431983001789142        34.938766556086925       0.14811623462307061     
   3.5033359368839041        34.938766556086925       0.31298769022286066     
   3.2125044796714954        34.938766556086925       0.28455822424818766     
   1.4888290986181216        34.938766556086925        4.7383399715553109E-002
   2.2349933103130040        34.938766556086925       0.14656637099050498     
   1.4351465395522398        34.938766556086925        6.6325989053387407E-002
   4.6320982688968204        34.938766556086925       0.39352054100518419     
   2.4051172246718484        34.938766556086925       0.17698692727576040     
   1.8002304774169875        34.938766556086925        4.9814892446393630E-002
   1.5240228800594866        34.938766556086925        3.5680852850974547E-002
   1.5091508918925913        34.938766556086925        4.0548527481051207E-002
   2.8447482897458651        34.938766556086925       0.24177735746033932     
   2.4397221662660562        34.938766556086925       0.18276157542478921     
   4.3656883718845219        34.938766556086925       0.37779769237411948     
  0.72269875344036094        34.938766556086925       0.47318610943784623     
   0.0000000000000000        34.938766556086925                            NaN
   4.6320982688968204        34.938766556086925       0.39352054100518419     
   2.4051172246718484        34.938766556086925       0.17698692727576040     
   1.6335437730319182        34.938766556086925        1.0722023952550213E-002
   1.2749017770203939        34.938766556086925       0.13012317564664741     
   1.5091508918925913        34.938766556086925        4.0548527481051207E-002
   1.0580109785388565        34.938766556086925       0.23688858066801594     
   2.4397221662660562        34.938766556086925       0.18276157542478921     
   1.4888290986181216        34.938766556086925        4.7383399715553109E-002
   2.2774969998832595        34.938766556086925       0.15450037456881024     
   1.6576073083718157        34.938766556086925        1.3621093361440342E-002
   4.6320982688968204        34.938766556086925       0.39352054100518419     
   2.4051172246718484        34.938766556086925       0.17698692727576040     
   1.6335437730319182        34.938766556086925        1.0722023952550213E-002
   1.6081502455185908        34.938766556086925        1.2565332806712480E-002
  0.84082253225115544        34.938766556086925       0.37694970627903274     
   1.0580109785388565        34.938766556086925       0.23688858066801594     
   2.4397221662660562        34.938766556086925       0.18276157542478921     
   1.4888290986181216        34.938766556086925        4.7383399715553109E-002
   1.5177759009011709        34.938766556086925        3.7710638103852147E-002
   1.6089260234536813        34.938766556086925        1.2438305347218221E-002
   4.6320982688968204        34.938766556086925       0.39352054100518419     
   2.4051172246718484        34.938766556086925       0.17698692727576040     
   1.6335437730319182        34.938766556086925        1.0722023952550213E-002
   1.6081502455185908        34.938766556086925        1.2565332806712480E-002
   1.4281171371183432        34.938766556086925        6.8896106697893200E-002
   1.0580109785388565        34.938766556086925       0.23688858066801594     
   2.4397221662660562        34.938766556086925       0.18276157542478921     
   1.4888290986181216        34.938766556086925        4.7383399715553109E-002
   1.5177759009011709        34.938766556086925        3.7710638103852147E-002
   1.6089260234536813        34.938766556086925        1.2438305347218221E-002
   4.6320982688968204        34.938766556086925       0.39352054100518419     
   2.0360052409737066        34.938766556086925       0.10607197572196636     
  0.96890685878201821        34.938766556086925       0.28952686945093487     
   1.6081502455185908        34.938766556086925        1.2565332806712480E-002
   1.5091508918925913        34.938766556086925        4.0548527481051207E-002
   1.3473964255715276        34.938766556086925        9.9881441046617933E-002
   2.4397221662660562        34.938766556086925       0.18276157542478921     
   1.4888290986181216        34.938766556086925        4.7383399715553109E-002
   3.6604231806933845        34.938766556086925       0.32673717656998241     
   1.6089260234536813        34.938766556086925        1.2438305347218221E-002
   3.1370896595990341        34.938766556086925       0.27646783288162696     
   1.6779454762261681        34.938766556086925        1.8012547247211384E-002
   1.5340294681204567        34.938766556086925        3.2478441351127735E-002
   1.6081502455185908        34.938766556086925        1.2565332806712480E-002
   1.5091508918925913        34.938766556086925        4.0548527481051207E-002
   1.3473964255715276        34.938766556086925        9.9881441046617933E-002
   2.4397221662660562        34.938766556086925       0.18276157542478921     
   1.4888290986181216        34.938766556086925        4.7383399715553109E-002
   1.5177759009011709        34.938766556086925        3.7710638103852147E-002
   1.5924641351200339        34.938766556086925        1.5756597655356430E-002
   2.7636755148537566        34.938766556086925       0.23109521849184564     
   2.3305059828433010        34.938766556086925       0.16407614118112318     
  0.33809276607362748        34.938766556086925       0.97082866886756591     
   1.6081502455185908        34.938766556086925        1.2565332806712480E-002
   1.6228034637178221        34.938766556086925        1.0860100988336072E-002
   1.3473964255715276        34.938766556086925        9.9881441046617933E-002
   2.4397221662660562        34.938766556086925       0.18276157542478921     
   1.4888290986181216        34.938766556086925        4.7383399715553109E-002
   2.4408411545341377        34.938766556086925       0.18294612793698586     
   1.3549500315169001        34.938766556086925        9.6865206989987671E-002
   2.4346302613531705        34.938766556086925       0.18192007196407528     
   1.6779454762261681        34.938766556086925        1.8012547247211384E-002
  0.72084613212317061        34.938766556086925       0.47483892232871644     
   2.5230486154025464        34.938766556086925       0.19614529153358318     
   1.6476832247736544        34.938766556086925        1.1990594519890402E-002
   1.4683966207337562        34.938766556086925        5.4447688949678962E-002
   2.4397221662660562        34.938766556086925       0.18276157542478921     
   1.4888290986181216        34.938766556086925        4.7383399715553109E-002
   1.5152444698961289        34.938766556086925        3.8539408547302270E-002
   1.6089260234536813        34.938766556086925        1.2438305347218221E-002
   1.7030952289452679        34.938766556086925        2.4301542766237347E-002
   1.6779454762261681        34.938766556086925        1.8012547247211384E-002
   1.6376172969622267        34.938766556086925        1.0931501410492570E-002
   1.6081502455185908        34.938766556086925        1.2565332806712480E-002
   1.6309843395353136        34.938766556086925        1.0662745647425373E-002
   1.4683966207337562        34.938766556086925        5.4447688949678962E-002
   1.9698349405523436        34.938766556086925        9.1251535168999975E-002
   1.4888290986181216        34.938766556086925        4.7383399715553109E-002
   1.5177759009011709        34.938766556086925        3.7710638103852147E-002
   1.6215674069589454        34.938766556086925        1.0940519239725202E-002
   1.5671260788618682        34.938766556086925        2.2442047387730080E-002
   1.6779454762261681        34.938766556086925        1.8012547247211384E-002
   1.6340525250323741        34.938766556086925        1.0740564734482720E-002
   1.6081502455185908        34.938766556086925        1.2565332806712480E-002
   1.6309843395353136        34.938766556086925        1.0662745647425373E-002
   1.5862681855751974        34.938766556086925        1.7262414477771684E-002
   1.4172920794937367        34.938766556086925        7.2893866208681379E-002
   1.5123107984711399        34.938766556086925        3.9504218058622316E-002
   1.5689422105639221        34.938766556086925        2.1924531016039136E-002
   1.6215674069589454        34.938766556086925        1.0940519239725202E-002
   1.6022878097362336        34.938766556086925        1.3630740204328850E-002
   1.6779454762261681        34.938766556086925        1.8012547247211384E-002
   1.6335437730319182        34.938766556086925        1.0722023952550213E-002
   1.6252075558746577        34.938766556086925        1.0741129366362677E-002
   1.7089356091009742        34.938766556086925        2.5818805690102115E-002
   1.5862681855751974        34.938766556086925        1.7262414477771684E-002
   1.5534882964304275        34.938766556086925        2.6454736818242550E-002
   1.5123107984711399        34.938766556086925        3.9504218058622316E-002
   1.5856707882319232        34.938766556086925        1.7413015005710880E-002
   1.6215674069589454        34.938766556086925        1.0940519239725202E-002
   1.7848386199417658        34.938766556086925        4.5814217358946391E-002
   1.6779454762261681        34.938766556086925        1.8012547247211384E-002
   1.6335437730319182        34.938766556086925        1.0722023952550213E-002
   1.6252075558746577        34.938766556086925        1.0741129366362677E-002
   1.6405654323936918        34.938766556086925        1.1166618880731990E-002
   1.5862681855751974        34.938766556086925        1.7262414477771684E-002
   1.5949249434032087        34.938766556086925        1.5190530073363339E-002
   1.5123107984711399        34.938766556086925        3.9504218058622316E-002
   1.5797486443829760        34.938766556086925        1.8949994942528199E-002
   1.6215674069589454        34.938766556086925        1.0940519239725202E-002
   1.6022878097362336        34.938766556086925        1.3630740204328850E-002
   1.6779454762261681        34.938766556086925        1.8012547247211384E-002
   1.6335437730319182        34.938766556086925        1.0722023952550213E-002
   1.7180521989510789        34.938766556086925        2.8207564024606554E-002
   1.6309843395353136        34.938766556086925        1.0662745647425373E-002
   1.5700577615922628        34.938766556086925        2.1608919197476078E-002
   1.5949249434032087        34.938766556086925        1.5190530073363339E-002
   1.6277527949643289        34.938766556086925        1.0670210038964040E-002
   1.5856707882319232        34.938766556086925        1.7413015005710880E-002
   1.6215674069589454        34.938766556086925        1.0940519239725202E-002
   1.6022878097362336        34.938766556086925        1.3630740204328850E-002
   1.6779454762261681        34.938766556086925        1.8012547247211384E-002
   1.6335437730319182        34.938766556086925        1.0722023952550213E-002
   1.6042826091997340        34.938766556086925        1.3248486598287238E-002
   1.6309843395353136        34.938766556086925        1.0662745647425373E-002
   1.5862681855751974        34.938766556086925        1.7262414477771684E-002
   1.6447847741382746        34.938766556086925        1.1614462436178051E-002
   1.6277527949643289        34.938766556086925        1.0670210038964040E-002
   1.5604975831955936        34.938766556086925        2.4366475445140680E-002
   1.6215674069589454        34.938766556086925        1.0940519239725202E-002
   1.6022878097362336        34.938766556086925        1.3630740204328850E-002
   1.6779454762261681        34.938766556086925        1.8012547247211384E-002
   1.6335437730319182        34.938766556086925        1.0722023952550213E-002
   1.6252075558746577        34.938766556086925        1.0741129366362677E-002
   1.6309843395353136        34.938766556086925        1.0662745647425373E-002
   1.5862681855751974        34.938766556086925        1.7262414477771684E-002
   1.6718190957417205        34.938766556086925        1.6589874447580855E-002
   1.6620164809266591        34.938766556086925        1.4479043769579225E-002
   1.5778014921441987        34.938766556086925        1.9471162301462820E-002
   1.6602242994886365        34.938766556086925        1.4122173504536279E-002
   1.5831255188510620        34.938766556086925        1.8064154546752368E-002
   1.6779454762261681        34.938766556086925        1.8012547247211384E-002
   1.6373129924734797        34.938766556086925        1.0911121772927116E-002
   1.6252075558746577        34.938766556086925        1.0741129366362677E-002
   1.6464080173134830        34.938766556086925        1.1818690533906349E-002
   1.5746286379166021        34.938766556086925        2.0335174272417569E-002
   1.6197516853630474        34.938766556086925        1.1081730284359317E-002
   1.6277527949643289        34.938766556086925        1.0670210038964040E-002
   1.6287377053607104        34.938766556086925        1.0658136367395229E-002
   1.6215674069589454        34.938766556086925        1.0940519239725202E-002
   1.6022878097362336        34.938766556086925        1.3630740204328850E-002
   1.6426421928137400        34.938766556086925        1.1371446102106027E-002
   1.6335437730319182        34.938766556086925        1.0722023952550213E-002
   1.6164954083059611        34.938766556086925        1.1401043480718142E-002
   1.6309843395353136        34.938766556086925        1.0662745647425373E-002
   1.5862681855751974        34.938766556086925        1.7262414477771684E-002
   1.6287029525059669        34.938766556086925        1.0658416060650917E-002
   1.6151204129977217        34.938766556086925        1.1560125374204177E-002
   1.6279497770436051        34.938766556086925        1.0667107457375556E-002
   1.6324830782664723        34.938766556086925        1.0690537658421602E-002
   1.5842535972843299        34.938766556086925        1.7773714823645436E-002
   1.6426421928137400        34.938766556086925        1.1371446102106027E-002
   1.6335437730319182        34.938766556086925        1.0722023952550213E-002
   1.6252075558746577        34.938766556086925        1.0741129366362677E-002
   1.6309843395353136        34.938766556086925        1.0662745647425373E-002
   1.5921366731153617        34.938766556086925        1.5833399876858372E-002
   1.6305596297129772        34.938766556086925        1.0658455398323574E-002
   1.6277527949643289        34.938766556086925        1.0670210038964040E-002
   1.6287099030769157        34.938766556086925        1.0658359265637152E-002
   1.6040762166955931        34.938766556086925        1.3287141005184992E-002
   1.6555942672605612        34.938766556086925        1.3253510636420100E-002
   1.6366810942074435        34.938766556086925        1.0871195385974870E-002
   1.5969010811383664        34.938766556086925        1.4751036206497410E-002
   1.6252075558746577        34.938766556086925        1.0741129366362677E-002
   1.6309843395353136        34.938766556086925        1.0662745647425373E-002
   1.6372945578107725        34.938766556086925        1.0909911119253253E-002
   1.6287029525059669        34.938766556086925        1.0658416060650917E-002
   1.6277527949643289        34.938766556086925        1.0670210038964040E-002
   1.6287377053607104        34.938766556086925        1.0658136367395229E-002
   1.6294609355523566        34.938766556086925        1.0654745999582329E-002
   1.6152740390770060        34.938766556086925        1.1541664122167472E-002
   1.6366810942074435        34.938766556086925        1.0871195385974870E-002
   1.6252517708244509        34.938766556086925        1.0739411120429743E-002
   1.6252075558746577        34.938766556086925        1.0741129366362677E-002
   1.6309843395353136        34.938766556086925        1.0662745647425373E-002
   1.6331414490877720        34.938766556086925        1.0708936315600067E-002
   1.6306547010028039        34.938766556086925        1.0659277689041171E-002
   1.6277527949643289        34.938766556086925        1.0670210038964040E-002
   1.6283064813735855        34.938766556086925        1.0662364374778074E-002
   1.6294609355523566        34.938766556086925        1.0654745999582329E-002
   1.6195311712235758        34.938766556086925        1.1100714086804297E-002
   1.6418789404946632        34.938766556086925        1.1292547531088402E-002
   1.6255692441277345        34.938766556086925        1.0727576073863612E-002
   1.6197270792617946        34.938766556086925        1.1083829019578486E-002
   1.6309843395353136        34.938766556086925        1.0662745647425373E-002
   1.6466854622110338        34.938766556086925        1.1855252424031579E-002
   1.6287029525059669        34.938766556086925        1.0658416060650917E-002
   1.6277527949643289        34.938766556086925        1.0670210038964040E-002
   1.6287377053607104        34.938766556086925        1.0658136367395229E-002
   1.6294609355523566        34.938766556086925        1.0654745999582329E-002
   1.6195311712235758        34.938766556086925        1.1100714086804297E-002
   1.6366810942074435        34.938766556086925        1.0871195385974870E-002
   1.6294679688639848        34.938766556086925        1.0654735776816075E-002
   1.6252075558746577        34.938766556086925        1.0741129366362677E-002
   1.6370609339136273        34.938766556086925        1.0894806809116536E-002
   1.6371432046557151        34.938766556086925        1.0900075349650909E-002
   1.6287029525059669        34.938766556086925        1.0658416060650917E-002
   1.6277527949643289        34.938766556086925        1.0670210038964040E-002
   1.6379330294646781        34.938766556086925        1.0953431264577788E-002
   1.6294609355523566        34.938766556086925        1.0654745999582329E-002
   1.6163528959958822        34.938766556086925        1.1416881900199079E-002
   1.6383432910833671        34.938766556086925        1.0983112031027626E-002
   1.6300465530173018        34.938766556086925        1.0655394888843020E-002
   1.6252075558746577        34.938766556086925        1.0741129366362677E-002
   1.6309843395353136        34.938766556086925        1.0662745647425373E-002
   1.6264811823484793        34.938766556086925        1.0698502434424911E-002
   1.6362344969802856        34.938766556086925        1.0844943519006391E-002
   1.6292367369126195        34.938766556086925        1.0655301261011363E-002
   1.6273116360776514        34.938766556086925        1.0678405359686937E-002
   1.6294609355523566        34.938766556086925        1.0654745999582329E-002
   1.6266188506616346        34.938766556086925        1.0694749645417457E-002
   1.6366810942074435        34.938766556086925        1.0871195385974870E-002
   1.6249105651262810        34.938766556086925        1.0753113898493446E-002
   1.6252075558746577        34.938766556086925        1.0741129366362677E-002
   1.6273893550482246        34.938766556086925        1.0676836547514933E-002
   1.6335595593670251        34.938766556086925        1.0722565898143055E-002
   1.6380180306347243        34.938766556086925        1.0959471093384727E-002
   1.6264816014284560        34.938766556086925        1.0698490756044333E-002
   1.6270426538049536        34.938766556086925        1.0684247349322098E-002
   1.6294609355523566        34.938766556086925        1.0654745999582329E-002
   1.6249218276967512        34.938766556086925        1.0752645349696220E-002
   1.6366810942074435        34.938766556086925        1.0871195385974870E-002
   1.6271943009514072        34.938766556086925        1.0680875067625708E-002
   1.6252075558746577        34.938766556086925        1.0741129366362677E-002
   1.6301300669829599        34.938766556086925        1.0655734626011710E-002
   1.6264811823484793        34.938766556086925        1.0698502434424911E-002
   1.6255626387431179        34.938766556086925        1.0727813331447523E-002
   1.6234913334028633        34.938766556086925        1.0820968767738057E-002
   1.6287377053607104        34.938766556086925        1.0658136367395229E-002
   1.6294895011967860        34.938766556086925        1.0654707203664671E-002
   1.6266188506616346        34.938766556086925        1.0694749645417457E-002
   1.6416743444111024        34.938766556086925        1.1272105387438933E-002
   1.6304868700430422        34.938766556086925        1.0657879959128246E-002
   1.6252075558746577        34.938766556086925        1.0741129366362677E-002
   1.6328671792058751        34.938766556086925        1.0700815192774020E-002
   1.6264811823484793        34.938766556086925        1.0698502434424911E-002
   1.6344451283040262        34.938766556086925        1.0756384212161537E-002
   1.6271185568387201        34.938766556086925        1.0682534066277600E-002
   1.6309943236872595        34.938766556086925        1.0662865610844471E-002
   1.6323136207856281        34.938766556086925        1.0686411009797368E-002
   1.6291632961392319        34.938766556086925        1.0655579996534794E-002
   1.6366810942074435        34.938766556086925        1.0871195385974870E-002
   1.6294679688639848        34.938766556086925        1.0654735776816075E-002
   1.6252075558746577        34.938766556086925        1.0741129366362677E-002
   1.6301300669829599        34.938766556086925        1.0655734626011710E-002
   1.6290001516012087        34.938766556086925        1.0656370170614125E-002
   1.6287029525059669        34.938766556086925        1.0658416060650917E-002
   1.6292367369126195        34.938766556086925        1.0655301261011363E-002
   1.6291751590831929        34.938766556086925        1.0655531726281253E-002
   1.6242486794171993        34.938766556086925        1.0782587753180960E-002
   1.6258243875260348        34.938766556086925        1.0718705113317902E-002
   1.6347430376826886        34.938766556086925        1.0769261965182138E-002
   1.6354879268065714        34.938766556086925        1.0804737297584698E-002
   1.6263621659336684        34.938766556086925        1.0701881466946436E-002
   1.6295606925814567        34.938766556086925        1.0654642015779182E-002
   1.6290001516012087        34.938766556086925        1.0656370170614125E-002
   1.6287029525059669        34.938766556086925        1.0658416060650917E-002
   1.6294992511763962        34.938766556086925        1.0654695616587313E-002
   1.6295000870524439        34.938766556086925        1.0654694662183235E-002
   1.6313782267471304        34.938766556086925        1.0668143329672579E-002
   1.6266943257124296        34.938766556086925        1.0692763192002290E-002
   1.6347430376826886        34.938766556086925        1.0769261965182138E-002
   1.6294679688639848        34.938766556086925        1.0654735776816075E-002
   1.6273290874136326        34.938766556086925        1.0678048418287338E-002
   1.6295606925814567        34.938766556086925        1.0654642015779182E-002
   1.6290001516012087        34.938766556086925        1.0656370170614125E-002
   1.6297340950797683        34.938766556086925        1.0654671018073245E-002
   1.6343858819112140        34.938766556086925        1.0753912912957891E-002
   1.6295000870524439        34.938766556086925        1.0654694662183235E-002
   1.6296018753128421        34.938766556086925        1.0654624815937826E-002
   1.6291632961392319        34.938766556086925        1.0655579996534794E-002
   1.6347430376826886        34.938766556086925        1.0769261965182138E-002
   1.6294679688639848        34.938766556086925        1.0654735776816075E-002
   1.6273290874136326        34.938766556086925        1.0678048418287338E-002
   1.6291692129049948        34.938766556086925        1.0655555765168150E-002
   1.6294237569728514        34.938766556086925        1.0654807264078163E-002
   1.6297340950797683        34.938766556086925        1.0654671018073245E-002
   1.6295630388708473        34.938766556086925        1.0654640629248114E-002
   1.6298564503345945        34.938766556086925        1.0654851616383946E-002
   1.6296018753128421        34.938766556086925        1.0654624815937826E-002
   1.6294714451916348        34.938766556086925        1.0654730885862858E-002
   1.6347430376826886        34.938766556086925        1.0769261965182138E-002
   1.6294679688639848        34.938766556086925        1.0654735776816075E-002
   1.6264514040769593        34.938766556086925        1.0699336111924397E-002
   1.6295606925814567        34.938766556086925        1.0654642015779182E-002
   1.6294237569728514        34.938766556086925        1.0654807264078163E-002
   1.6297340950797683        34.938766556086925        1.0654671018073245E-002
   1.6276401550679302        34.938766556086925        1.0672138730362055E-002
   1.6253086681157958        34.938766556086925        1.0737225152452727E-002
   1.6294975312158761        34.938766556086925        1.0654697599470821E-002
   1.6294714451916348        34.938766556086925        1.0654730885862858E-002
   1.6387384628561017        34.938766556086925        1.1012956869422368E-002
   1.6295047847965753        34.938766556086925        1.0654689414560121E-002
   1.6273290874136326        34.938766556086925        1.0678048418287338E-002
   1.6295606925814567        34.938766556086925        1.0654642015779182E-002
   1.6294773888180385        34.938766556086925        1.0654722771548953E-002
   1.6297340950797683        34.938766556086925        1.0654671018073245E-002
   1.6295685639768567        34.938766556086925        1.0654637557761632E-002
   1.6296030799452772        34.938766556086925        1.0654624537083506E-002
   1.6296018753128421        34.938766556086925        1.0654624815937826E-002
   1.6313041652195317        34.938766556086925        1.0667024353889658E-002
   1.6311606460063566        34.938766556086925        1.0664993101676453E-002
   1.6294346671040325        34.938766556086925        1.0654788001228672E-002
   1.6273290874136326        34.938766556086925        1.0678048418287338E-002
   1.6296079509494632        34.938766556086925        1.0654623541889731E-002
   1.6296711269776871        34.938766556086925        1.0654629712458551E-002
   1.6265641842747955        34.938766556086925        1.0696219794858665E-002
   1.6294968999210873        34.938766556086925        1.0654698333890803E-002
   1.6295062061960683        34.938766556086925        1.0654687865183083E-002
   1.6295248659712369        34.938766556086925        1.0654669237169548E-002
   1.6309093953088745        34.938766556086925        1.0661873145193838E-002
   1.6298713847982966        34.938766556086925        1.0654882719147321E-002
   1.6295047847965753        34.938766556086925        1.0654689414560121E-002
   1.6293796446846518        34.938766556086925        1.0654895844599428E-002
   1.6296079509494632        34.938766556086925        1.0654623541889731E-002
   1.6296463215270980        34.938766556086925        1.0654623046649559E-002
   1.6297329870347521        34.938766556086925        1.0654669988503004E-002
   1.6296633725172054        34.938766556086925        1.0654627058765484E-002
   1.6296030799452772        34.938766556086925        1.0654624537083506E-002
   1.6296018753128421        34.938766556086925        1.0654624815937826E-002
   1.6297400887719493        34.938766556086925        1.0654676774247945E-002
   1.6296949039980300        34.938766556086925        1.0654641167260153E-002
   1.6296320766584191        34.938766556086925        1.0654621709212907E-002
   1.6293796446846518        34.938766556086925        1.0654895844599428E-002
   1.6295152729808877        34.938766556086925        1.0654678403865300E-002
   1.6296463215270980        34.938766556086925        1.0654623046649559E-002
   1.6297329870347521        34.938766556086925        1.0654669988503004E-002
   1.6299056033108852        34.938766556086925        1.0654961423382941E-002
   1.6296030799452772        34.938766556086925        1.0654624537083506E-002
   1.6296018753128421        34.938766556086925        1.0654624815937826E-002
   1.6297400887719493        34.938766556086925        1.0654676774247945E-002
   1.6296949039980300        34.938766556086925        1.0654641167260153E-002
   1.6296627731205269        34.938766556086925        1.0654626876293016E-002
   1.6293796446846518        34.938766556086925        1.0654895844599428E-002
   1.6295904166840822        34.938766556086925        1.0654628107712664E-002
   1.6296456772769448        34.938766556086925        1.0654622947082212E-002
   1.6297329870347521        34.938766556086925        1.0654669988503004E-002
   1.6297026424126815        34.938766556086925        1.0654645974645622E-002
   1.6296624621610714        34.938766556086925        1.0654626782366360E-002
   1.6296018753128421        34.938766556086925        1.0654624815937826E-002
   1.6297400887719493        34.938766556086925        1.0654676774247945E-002
   1.6297030183505752        34.938766556086925        1.0654646221671515E-002
   1.6299204319282572        34.938766556086925        1.0654998791892375E-002
   1.6293796446846518        34.938766556086925        1.0654895844599428E-002
   1.6293337506895116        34.938766556086925        1.0655006354658041E-002
   1.6296456772769448        34.938766556086925        1.0654622947082212E-002
   1.6298554173277506        34.938766556086925        1.0654849537977256E-002
   1.6297160530351271        34.938766556086925        1.0654655561264737E-002
   1.6293667785905972        34.938766556086925        1.0654924943342067E-002
   1.6296486232698546        34.938766556086925        1.0654623431557351E-002
   1.6297311007886284        34.938766556086925        1.0654668261229802E-002
   1.6296643369746755        34.938766556086925        1.0654627360010096E-002
   1.6296320766584191        34.938766556086925        1.0654621709212907E-002
   1.6293796446846518        34.938766556086925        1.0654895844599428E-002
   1.6296703828281927        34.938766556086925        1.0654629434611410E-002
   1.6296438980713179        34.938766556086925        1.0654622692289010E-002
   1.6297329870347521        34.938766556086925        1.0654669988503004E-002
   1.6296633725172054        34.938766556086925        1.0654627058765484E-002
   1.6296030799452772        34.938766556086925        1.0654624537083506E-002
   1.6293515771835287        34.938766556086925        1.0654961213310016E-002
   1.6297311007886284        34.938766556086925        1.0654668261229802E-002
   1.6296643369746755        34.938766556086925        1.0654627360010096E-002
   1.6295838426008766        34.938766556086925        1.0654630470590284E-002
   1.6296204163185171        34.938766556086925        1.0654621951718365E-002
   1.6296079509494632        34.938766556086925        1.0654623541889731E-002
   1.6296438980713179        34.938766556086925        1.0654622692289010E-002
   1.6297329870347521        34.938766556086925        1.0654669988503004E-002
   1.6296633725172054        34.938766556086925        1.0654627058765484E-002
   1.6296030799452772        34.938766556086925        1.0654624537083506E-002
   1.6296229087447593        34.938766556086925        1.0654621798699655E-002
   1.6295640453179945        34.938766556086925        1.0654640049625229E-002
   1.6296643369746755        34.938766556086925        1.0654627360010096E-002
   1.6296320766584191        34.938766556086925        1.0654621709212907E-002
   1.6296204163185171        34.938766556086925        1.0654621951718365E-002
   1.6296177858688381        34.938766556086925        1.0654622172611804E-002
   1.6295422267107913        34.938766556086925        1.0654654627062072E-002
   1.6296812071548079        34.938766556086925        1.0654633957590138E-002
   1.6297062055949083        34.938766556086925        1.0654648366696750E-002
   1.6296030799452772        34.938766556086925        1.0654624537083506E-002
   1.6296229087447593        34.938766556086925        1.0654621798699655E-002
   1.6295640453179945        34.938766556086925        1.0654640049625229E-002
   1.6296643369746755        34.938766556086925        1.0654627360010096E-002
   1.6296152851971724        34.938766556086925        1.0654622439488802E-002
   1.6296433183998036        34.938766556086925        1.0654622615286236E-002
   1.6296177858688381        34.938766556086925        1.0654622172611804E-002
   1.6296438980713179        34.938766556086925        1.0654622692289010E-002
   1.6297105371000509        34.938766556086925        1.0654651425374353E-002
   1.6296304409385804        34.938766556086925        1.0654621670650611E-002
   1.6296593339120551        34.938766556086925        1.0654625838354323E-002
   1.6296229087447593        34.938766556086925        1.0654621798699655E-002
   1.6295603747071252        34.938766556086925        1.0654642207095884E-002
   1.6296048333189608        34.938766556086925        1.0654624154997223E-002
   1.6296320766584191        34.938766556086925        1.0654621709212907E-002
   1.6296391706182158        34.938766556086925        1.0654622150764030E-002
   1.6296177858688381        34.938766556086925        1.0654622172611804E-002
   1.6296486777770045        34.938766556086925        1.0654623441106502E-002
   1.6296812071548079        34.938766556086925        1.0654633957590138E-002
   1.6296304409385804        34.938766556086925        1.0654621670650611E-002
   1.6296030799452772        34.938766556086925        1.0654624537083506E-002
   1.6296237908966611        34.938766556086925        1.0654621757721590E-002
   1.6295282987531419        34.938766556086925        1.0654666136831177E-002
   1.6296304743720456        34.938766556086925        1.0654621671190802E-002
   1.6296821891039304        34.938766556086925        1.0654634419159476E-002
   1.6296204163185171        34.938766556086925        1.0654621951718365E-002
   1.6296177858688381        34.938766556086925        1.0654622172611804E-002
   1.6296438980713179        34.938766556086925        1.0654622692289010E-002
   1.6296812071548079        34.938766556086925        1.0654633957590138E-002
   1.6296304409385804        34.938766556086925        1.0654621670650611E-002
   1.6296030799452772        34.938766556086925        1.0654624537083506E-002
   1.6296370141764116        34.938766556086925        1.0654621969594616E-002
   1.6295640453179945        34.938766556086925        1.0654640049625229E-002
   1.6296443238882634        34.938766556086925        1.0654622750972667E-002
   1.6296257718177483        34.938766556086925        1.0654621690708825E-002
   1.6296204163185171        34.938766556086925        1.0654621951718365E-002
   1.6296177858688381        34.938766556086925        1.0654622172611804E-002
   1.6295721338676128        34.938766556086925        1.0654635716602929E-002
   1.6296812071548079        34.938766556086925        1.0654633957590138E-002
   1.6296929427062050        34.938766556086925        1.0654640032983958E-002
   1.6296030799452772        34.938766556086925        1.0654624537083506E-002
   1.6295864787031717        34.938766556086925        1.0654629457006431E-002
   1.6296106342185299        34.938766556086925        1.0654623083476811E-002
   1.6296341811109445        34.938766556086925        1.0654621793745107E-002
   1.6296257718177483        34.938766556086925        1.0654621690708825E-002
   1.6296204163185171        34.938766556086925        1.0654621951718365E-002
   1.6296473808156136        34.938766556086925        1.0654623217783370E-002
   1.6296243569881179        34.938766556086925        1.0654621734871757E-002
   1.6296812071548079        34.938766556086925        1.0654633957590138E-002
   1.6296267056419147        34.938766556086925        1.0654621671190611E-002
   1.6296030799452772        34.938766556086925        1.0654624537083506E-002
   1.6296237908966611        34.938766556086925        1.0654621757721590E-002
   1.6296737588225729        34.938766556086925        1.0654630733937378E-002
   1.6296304743720456        34.938766556086925        1.0654621671190802E-002
   1.6296257718177483        34.938766556086925        1.0654621690708825E-002
   1.6296204163185171        34.938766556086925        1.0654621951718365E-002
   1.6296001295849880        34.938766556086925        1.0654625242233307E-002
   1.6296243569881179        34.938766556086925        1.0654621734871757E-002
   1.6296557019033024        34.938766556086925        1.0654624957744758E-002
   1.6296304409385804        34.938766556086925        1.0654621670650611E-002
   1.6296078189494909        34.938766556086925        1.0654623566082084E-002
   1.6296207683740591        34.938766556086925        1.0654621926729196E-002
   1.6296106342185299        34.938766556086925        1.0654623083476811E-002
   1.6296304743720456        34.938766556086925        1.0654621671190802E-002
   1.6296257718177483        34.938766556086925        1.0654621690708825E-002
   1.6295779702677531        34.938766556086925        1.0654632950124475E-002
   1.6296036184668337        34.938766556086925        1.0654624416861437E-002
   1.6296234070866371        34.938766556086925        1.0654621774656432E-002
   1.6296515848811652        34.938766556086925        1.0654623995421636E-002
   1.6296304409385804        34.938766556086925        1.0654621670650611E-002
   1.6296445497843437        34.938766556086925        1.0654622782497517E-002
   1.6296237908966611        34.938766556086925        1.0654621757721590E-002
   1.6296106342185299        34.938766556086925        1.0654623083476811E-002
   1.6296304743720456        34.938766556086925        1.0654621671190802E-002
   1.6296257718177483        34.938766556086925        1.0654621690708825E-002
   1.6296378737493986        34.938766556086925        1.0654622036613931E-002
   1.6296222394915172        34.938766556086925        1.0654621834348803E-002
   1.6296272228828406        34.938766556086925        1.0654621664023584E-002
   1.6296307730669648        34.938766556086925        1.0654621676499897E-002
   1.6296304409385804        34.938766556086925        1.0654621670650611E-002
   1.6296443795673279        34.938766556086925        1.0654622758421021E-002
   1.6296255006890781        34.938766556086925        1.0654621697770296E-002
   1.6296106342185299        34.938766556086925        1.0654623083476811E-002
   1.6296028218492349        34.938766556086925        1.0654624595961027E-002
   1.6296257718177483        34.938766556086925        1.0654621690708825E-002
   1.6296188053543705        34.938766556086925        1.0654622079690295E-002
   1.6296242777005854        34.938766556086925        1.0654621737929779E-002
   1.6296206617251900        34.938766556086925        1.0654621934064839E-002
   1.6296307730669648        34.938766556086925        1.0654621676499897E-002
   1.6296304409385804        34.938766556086925        1.0654621670650611E-002
   1.6296227720746845        34.938766556086925        1.0654621805622854E-002
   1.6296255006890781        34.938766556086925        1.0654621697770296E-002
   1.6296277252381217        34.938766556086925        1.0654621659064036E-002
   1.6296304743720456        34.938766556086925        1.0654621671190802E-002
   1.6296257718177483        34.938766556086925        1.0654621690708825E-002
   1.6296204163185171        34.938766556086925        1.0654621951718365E-002
   1.6296242777005854        34.938766556086925        1.0654621737929779E-002
   1.6296272228828406        34.938766556086925        1.0654621664023584E-002
   1.6296307730669648        34.938766556086925        1.0654621676499897E-002
   1.6296351210467714        34.938766556086925        1.0654621844169069E-002
   1.6296227720746845        34.938766556086925        1.0654621805622854E-002
   1.6296180810085772        34.938766556086925        1.0654622144767910E-002
   1.6296277252381217        34.938766556086925        1.0654621659064036E-002
   1.6296294608530291        34.938766556086925        1.0654621659052897E-002
   1.6296257718177483        34.938766556086925        1.0654621690708825E-002
   1.6296249138553283        34.938766556086925        1.0654621715548485E-002
   1.6296242777005854        34.938766556086925        1.0654621737929779E-002
   1.6296277663046790        34.938766556086925        1.0654621658582926E-002
   1.6296312101101720        34.938766556086925        1.0654621685970759E-002
   1.6296304409385804        34.938766556086925        1.0654621670650611E-002
   1.6296227720746845        34.938766556086925        1.0654621805622854E-002
   1.6296255006890781        34.938766556086925        1.0654621697770296E-002
   1.6296277252381217        34.938766556086925        1.0654621659064036E-002
   1.6296294608530291        34.938766556086925        1.0654621659052897E-002
   1.6296257718177483        34.938766556086925        1.0654621690708825E-002
   1.6296311094224589        34.938766556086925        1.0654621683574110E-002
   1.6296242777005854        34.938766556086925        1.0654621737929779E-002
   1.6296277663046790        34.938766556086925        1.0654621658582926E-002
   1.6296307730669648        34.938766556086925        1.0654621676499897E-002
   1.6296304409385804        34.938766556086925        1.0654621670650611E-002
   1.6296227720746845        34.938766556086925        1.0654621805622854E-002
   1.6296255006890781        34.938766556086925        1.0654621697770296E-002
   1.6296213488746381        34.938766556086925        1.0654621887869961E-002
   1.6296287184752913        34.938766556086925        1.0654621655829633E-002
   1.6296257718177483        34.938766556086925        1.0654621690708825E-002
   1.6296311094224589        34.938766556086925        1.0654621683574110E-002
   1.6296235950280209        34.938766556086925        1.0654621766245320E-002
   1.6296277334514331        34.938766556086925        1.0654621658949977E-002
   1.6296292910377550        34.938766556086925        1.0654621657729750E-002
   1.6296304409385804        34.938766556086925        1.0654621670650611E-002
   1.6296201474892682        34.938766556086925        1.0654621971316097E-002
   1.6296255006890781        34.938766556086925        1.0654621697770296E-002
   1.6296295068974496        34.938766556086925        1.0654621659226975E-002
   1.6296300964459227        34.938766556086925        1.0654621665711550E-002
   1.6296274785476192        34.938766556086925        1.0654621661004449E-002
   1.6296245016143540        34.938766556086925        1.0654621729918563E-002
   1.6296242777005854        34.938766556086925        1.0654621737929779E-002
   1.6296277663046790        34.938766556086925        1.0654621658582926E-002
   1.6296292910377550        34.938766556086925        1.0654621657729750E-002
   1.6296304409385804        34.938766556086925        1.0654621670650611E-002
   1.6296268130254843        34.938766556086925        1.0654621669509881E-002
   1.6296255006890781        34.938766556086925        1.0654621697770296E-002
   1.6296277252381217        34.938766556086925        1.0654621659064036E-002
   1.6296287184752913        34.938766556086925        1.0654621655829633E-002
   1.6296290069967132        34.938766556086925        1.0654621656216251E-002
   1.6296371841078579        34.938766556086925        1.0654621982231051E-002
   1.6296242777005854        34.938766556086925        1.0654621737929779E-002
   1.6296277663046790        34.938766556086925        1.0654621658582926E-002
   1.6296300933237675        34.938766556086925        1.0654621665613546E-002
   1.6296324427776334        34.938766556086925        1.0654621721300014E-002
   1.6296268130254843        34.938766556086925        1.0654621669509881E-002
   1.6296255006890781        34.938766556086925        1.0654621697770296E-002
   1.6296241031000924        34.938766556086925        1.0654621744761937E-002
   1.6296279887051814        34.938766556086925        1.0654621657184362E-002
   1.6296274564107076        34.938766556086925        1.0654621661219344E-002
   1.6296311094224589        34.938766556086925        1.0654621683574110E-002
   1.6296249588199021        34.938766556086925        1.0654621714048041E-002
   1.6296335480969668        34.938766556086925        1.0654621764166488E-002
   1.6296324642345763        34.938766556086925        1.0654621721665560E-002
   1.6296304409385804        34.938766556086925        1.0654621670650611E-002
   1.6296261669763730        34.938766556086925        1.0654621681542121E-002
   1.6296241788707946        34.938766556086925        1.0654621741982093E-002
   1.6296289776572186        34.938766556086925        1.0654621656211069E-002
   1.6296297110289186        34.938766556086925        1.0654621660974315E-002
   1.6296267014433590        34.938766556086925        1.0654621671367659E-002
   1.6296311094224589        34.938766556086925        1.0654621683574110E-002
   1.6296249588199021        34.938766556086925        1.0654621714048041E-002
   1.6296277663046790        34.938766556086925        1.0654621658582926E-002
   1.6296268388801005        34.938766556086925        1.0654621669304747E-002
   1.6296304409385804        34.938766556086925        1.0654621670650611E-002
   1.6296286315841486        34.938766556086925        1.0654621655595714E-002
   1.6296255006890781        34.938766556086925        1.0654621697770296E-002
   1.6296289776572186        34.938766556086925        1.0654621656211069E-002
   1.6296276686061664        34.938766556086925        1.0654621659374792E-002
   1.6296289425318555        34.938766556086925        1.0654621656106226E-002
   1.6296311094224589        34.938766556086925        1.0654621683574110E-002
   1.6296296478713490        34.938766556086925        1.0654621660597819E-002
   1.6296266809162099        34.938766556086925        1.0654621671869877E-002
   1.6296275762594790        34.938766556086925        1.0654621660072902E-002
   1.6296271005502023        34.938766556086925        1.0654621665683553E-002
   1.6296286315841486        34.938766556086925        1.0654621655595714E-002
   1.6296255006890781        34.938766556086925        1.0654621697770296E-002
   1.6296277979709954        34.938766556086925        1.0654621658419607E-002
   1.6296303867664998        34.938766556086925        1.0654621669809591E-002
   1.6296294708681964        34.938766556086925        1.0654621659081938E-002
   1.6296295263931659        34.938766556086925        1.0654621659591317E-002
   1.6296328372366264        34.938766556086925        1.0654621735142556E-002
   1.6296278515196461        34.938766556086925        1.0654621658053009E-002
   1.6296291424513816        34.938766556086925        1.0654621656872759E-002
   1.6296305972822449        34.938766556086925        1.0654621673407428E-002
   1.6296283808797194        34.938766556086925        1.0654621655716550E-002
   1.6296255006890781        34.938766556086925        1.0654621697770296E-002
   1.6296280532885208        34.938766556086925        1.0654621656848896E-002
   1.6296267854557953        34.938766556086925        1.0654621670094153E-002
   1.6296290339793871        34.938766556086925        1.0654621656473484E-002
   1.6296276928984474        34.938766556086925        1.0654621659281641E-002
   1.6296294745104809        34.938766556086925        1.0654621658950475E-002
   1.6296278515196461        34.938766556086925        1.0654621658053009E-002
   1.6296289284148535        34.938766556086925        1.0654621656106486E-002
   1.6296264486427572        34.938766556086925        1.0654621676179001E-002
   1.6296292556357506        34.938766556086925        1.0654621657282535E-002
   1.6296282662539567        34.938766556086925        1.0654621656073775E-002
   1.6296289776572186        34.938766556086925        1.0654621656211069E-002
   1.6296304240151194        34.938766556086925        1.0654621670295203E-002
   1.6296289425318555        34.938766556086925        1.0654621656106226E-002
   1.6296276928984474        34.938766556086925        1.0654621659281641E-002
   1.6296294745104809        34.938766556086925        1.0654621658950475E-002
   1.6296278515196461        34.938766556086925        1.0654621658053009E-002
   1.6296283668461082        34.938766556086925        1.0654621655742704E-002
   1.6296271005502023        34.938766556086925        1.0654621665683553E-002
   1.6296286315841486        34.938766556086925        1.0654621655595714E-002
   1.6296282662539567        34.938766556086925        1.0654621656073775E-002
   1.6296288585060610        34.938766556086925        1.0654621655993126E-002
   1.6296287184752913        34.938766556086925        1.0654621655829633E-002
   1.6296289425318555        34.938766556086925        1.0654621656106226E-002
   1.6296279960377555        34.938766556086925        1.0654621657132372E-002
   1.6296294745104809        34.938766556086925        1.0654621658950475E-002
   1.6296278515196461        34.938766556086925        1.0654621658053009E-002
   1.6296283668461082        34.938766556086925        1.0654621655742704E-002
   1.6296276014490607        34.938766556086925        1.0654621659832782E-002
   1.6296289633715972        34.938766556086925        1.0654621656227164E-002
   1.6296282662539567        34.938766556086925        1.0654621656073775E-002
   1.6296291694561149        34.938766556086925        1.0654621656889518E-002
   1.6296279868511350        34.938766556086925        1.0654621657109443E-002
   1.6296280439746891        34.938766556086925        1.0654621656909882E-002
   1.6296291049971248        34.938766556086925        1.0654621656788640E-002
   1.6296289992840025        34.938766556086925        1.0654621656393359E-002
   1.6296302649463317        34.938766556086925        1.0654621667905061E-002
   1.6296291541967811        34.938766556086925        1.0654621656978546E-002
   1.6296280996098176        34.938766556086925        1.0654621656434930E-002
   1.6296289633715972        34.938766556086925        1.0654621656227164E-002
   1.6296282662539567        34.938766556086925        1.0654621656073775E-002
   1.6296283465094796        34.938766556086925        1.0654621656065956E-002
   1.6296287184752913        34.938766556086925        1.0654621655829633E-002
   1.6296285245625644        34.938766556086925        1.0654621655526724E-002
   1.6296291049971248        34.938766556086925        1.0654621656788640E-002
   1.6296289992840025        34.938766556086925        1.0654621656393359E-002
   1.6296270761011491        34.938766556086925        1.0654621665846459E-002
   1.6296283668461082        34.938766556086925        1.0654621655742704E-002
   1.6296280996098176        34.938766556086925        1.0654621656434930E-002
   1.6296286315841486        34.938766556086925        1.0654621655595714E-002
   1.6296293642387498        34.938766556086925        1.0654621658272903E-002
   1.6296288585060610        34.938766556086925        1.0654621655993126E-002
   1.6296287184752913        34.938766556086925        1.0654621655829633E-002
   1.6296285245625644        34.938766556086925        1.0654621655526724E-002
   1.6296291049971248        34.938766556086925        1.0654621656788640E-002
   1.6296289992840025        34.938766556086925        1.0654621656393359E-002
   1.6296278515196461        34.938766556086925        1.0654621658053009E-002
   1.6296286271086724        34.938766556086925        1.0654621655609762E-002
   1.6296280996098176        34.938766556086925        1.0654621656434930E-002
   1.6296288396014917        34.938766556086925        1.0654621655838503E-002
   1.6296282662539567        34.938766556086925        1.0654621656073775E-002
   1.6296288585060610        34.938766556086925        1.0654621655993126E-002
   1.6296287184752913        34.938766556086925        1.0654621655829633E-002
   1.6296285245625644        34.938766556086925        1.0654621655526724E-002
   1.6296284826704643        34.938766556086925        1.0654621655708537E-002
   1.6296289992840025        34.938766556086925        1.0654621656393359E-002
   1.6296278515196461        34.938766556086925        1.0654621658053009E-002
   1.6296283261433513        34.938766556086925        1.0654621655875867E-002
   1.6296280996098176        34.938766556086925        1.0654621656434930E-002
   1.6296286315841486        34.938766556086925        1.0654621655595714E-002
   1.6296287984583331        34.938766556086925        1.0654621655698060E-002
   1.6296287225961410        34.938766556086925        1.0654621655799206E-002
   1.6296287184752913        34.938766556086925        1.0654621655829633E-002
   1.6296285245625644        34.938766556086925        1.0654621655526724E-002
   1.6296280882685459        34.938766556086925        1.0654621656899649E-002
   1.6296289992840025        34.938766556086925        1.0654621656393359E-002
   1.6296281457745236        34.938766556086925        1.0654621656511978E-002
   1.6296286271086724        34.938766556086925        1.0654621655609762E-002
   1.6296280632214708        34.938766556086925        1.0654621656825736E-002
   1.6296286315841486        34.938766556086925        1.0654621655595714E-002
   1.6296284906005265        34.938766556086925        1.0654621655684267E-002
   1.6296290619809046        34.938766556086925        1.0654621656570936E-002
   1.6296287184752913        34.938766556086925        1.0654621655829633E-002
   1.6296289096298833        34.938766556086925        1.0654621656113970E-002
   1.6296284826704643        34.938766556086925        1.0654621655708537E-002
   1.6296282335812775        34.938766556086925        1.0654621656257123E-002
   1.6296283441568209        34.938766556086925        1.0654621655935878E-002
   1.6296286271086724        34.938766556086925        1.0654621655609762E-002
   1.6296286990427353        34.938766556086925        1.0654621655628266E-002
   1.6296286315841486        34.938766556086925        1.0654621655595714E-002
   1.6296284906005265        34.938766556086925        1.0654621655684267E-002
   1.6296281369947292        34.938766556086925        1.0654621656487676E-002
   1.6296288680929889        34.938766556086925        1.0654621656024765E-002
   1.6296288273140205        34.938766556086925        1.0654621655727618E-002
   1.6296284826704643        34.938766556086925        1.0654621655708537E-002
   1.6296282928466781        34.938766556086925        1.0654621656037732E-002
   1.6296283441568209        34.938766556086925        1.0654621655935878E-002
   1.6296286271086724        34.938766556086925        1.0654621655609762E-002
   1.6296288478978389        34.938766556086925        1.0654621655729260E-002
   1.6296286315841486        34.938766556086925        1.0654621655595714E-002
   1.6296284906005265        34.938766556086925        1.0654621655684267E-002
   1.6296287225961410        34.938766556086925        1.0654621655799206E-002
   1.6296287184752913        34.938766556086925        1.0654621655829633E-002
   1.6296285245625644        34.938766556086925        1.0654621655526724E-002
   1.6296284826704643        34.938766556086925        1.0654621655708537E-002
   1.6296282928466781        34.938766556086925        1.0654621656037732E-002
   1.6296283441568209        34.938766556086925        1.0654621655935878E-002
   1.6296283250184409        34.938766556086925        1.0654621656073841E-002
   1.6296290383581309        34.938766556086925        1.0654621656627575E-002
   1.6296286315841486        34.938766556086925        1.0654621655595714E-002
   1.6296284906005265        34.938766556086925        1.0654621655684267E-002
   1.6296287225961410        34.938766556086925        1.0654621655799206E-002
   1.6296286863220657        34.938766556086925        1.0654621655425991E-002
   1.6296285245625644        34.938766556086925        1.0654621655526724E-002
   1.6296284826704643        34.938766556086925        1.0654621655708537E-002
   1.6296284096127367        34.938766556086925        1.0654621655493513E-002
   1.6296283441568209        34.938766556086925        1.0654621655935878E-002
   1.6296286271086724        34.938766556086925        1.0654621655609762E-002
   1.6296286990427353        34.938766556086925        1.0654621655628266E-002
   1.6296285355529689        34.938766556086925        1.0654621655416250E-002
   1.6296284560413625        34.938766556086925        1.0654621655660288E-002
   1.6296287225961410        34.938766556086925        1.0654621655799206E-002
   1.6296286287748154        34.938766556086925        1.0654621655471075E-002
   1.6296285245625644        34.938766556086925        1.0654621655526724E-002
   1.6296284826704643        34.938766556086925        1.0654621655708537E-002
   1.6296284096127367        34.938766556086925        1.0654621655493513E-002
   1.6296287724615777        34.938766556086925        1.0654621655755706E-002
   1.6296286271086724        34.938766556086925        1.0654621655609762E-002
   1.6296286990427353        34.938766556086925        1.0654621655628266E-002
   1.6296285355529689        34.938766556086925        1.0654621655416250E-002
   1.6296284560413625        34.938766556086925        1.0654621655660288E-002
   1.6296285610193619        34.938766556086925        1.0654621655582739E-002
   1.6296286863220657        34.938766556086925        1.0654621655425991E-002
   1.6296283806844645        34.938766556086925        1.0654621655707179E-002
   1.6296284826704643        34.938766556086925        1.0654621655708537E-002
   1.6296284096127367        34.938766556086925        1.0654621655493513E-002
   1.6296287724615777        34.938766556086925        1.0654621655755706E-002
   1.6296286306526189        34.938766556086925        1.0654621655523647E-002
   1.6296285165729636        34.938766556086925        1.0654621655652095E-002
   1.6296285355529689        34.938766556086925        1.0654621655416250E-002
   1.6296283948010029        34.938766556086925        1.0654621655449000E-002
   1.6296285610193619        34.938766556086925        1.0654621655582739E-002
   1.6296284466453395        34.938766556086925        1.0654621655498917E-002
   1.6296287182094691        34.938766556086925        1.0654621655701331E-002
   1.6296284826704643        34.938766556086925        1.0654621655708537E-002
   1.6296284096127367        34.938766556086925        1.0654621655493513E-002
   1.6296287724615777        34.938766556086925        1.0654621655755706E-002
   1.6296286306526189        34.938766556086925        1.0654621655523647E-002
   1.6296287334926451        34.938766556086925        1.0654621655868265E-002
   1.6296285355529689        34.938766556086925        1.0654621655416250E-002
   1.6296283745685971        34.938766556086925        1.0654621655759287E-002
   1.6296286692237416        34.938766556086925        1.0654621655581363E-002
   1.6296286863220657        34.938766556086925        1.0654621655425991E-002
   1.6296283281410286        34.938766556086925        1.0654621655668281E-002
   1.6296284826704643        34.938766556086925        1.0654621655708537E-002
   1.6296281879650119        34.938766556086925        1.0654621656123965E-002
   1.6296287724615777        34.938766556086925        1.0654621655755706E-002
   1.6296286306526189        34.938766556086925        1.0654621655523647E-002
   1.6296286564558859        34.938766556086925        1.0654621655554631E-002
   1.6296287550911599        34.938766556086925        1.0654621655596413E-002
   1.6296285627403149        34.938766556086925        1.0654621655617041E-002
   1.6296286916125333        34.938766556086925        1.0654621655478645E-002
   1.6296282638567570        34.938766556086925        1.0654621656083213E-002
   1.6296284639027909        34.938766556086925        1.0654621655841513E-002
   1.6296284826704643        34.938766556086925        1.0654621655708537E-002
   1.6296284043014178        34.938766556086925        1.0654621655763188E-002
   1.6296286336644594        34.938766556086925        1.0654621655710024E-002
   1.6296286306526189        34.938766556086925        1.0654621655523647E-002
   1.6296286564558859        34.938766556086925        1.0654621655554631E-002
   1.6296285537861102        34.938766556086925        1.0654621655679538E-002
   1.6296283948010029        34.938766556086925        1.0654621655449000E-002
   1.6296286916125333        34.938766556086925        1.0654621655478645E-002
   1.6296287222502448        34.938766556086925        1.0654621655812451E-002
   1.6296285245625644        34.938766556086925        1.0654621655526724E-002
   1.6296284826704643        34.938766556086925        1.0654621655708537E-002
   1.6296284096127367        34.938766556086925        1.0654621655493513E-002
   1.6296286336644594        34.938766556086925        1.0654621655710024E-002
   1.6296285818876994        34.938766556086925        1.0654621655726105E-002
   1.6296286564558859        34.938766556086925        1.0654621655554631E-002
   1.6296284570637765        34.938766556086925        1.0654621655679892E-002
   1.6296283948010029        34.938766556086925        1.0654621655449000E-002
   1.6296286916125333        34.938766556086925        1.0654621655478645E-002
   1.6296286023076925        34.938766556086925        1.0654621655544932E-002
   1.6296285245625644        34.938766556086925        1.0654621655526724E-002
   1.6296284826704643        34.938766556086925        1.0654621655708537E-002
   1.6296284096127367        34.938766556086925        1.0654621655493513E-002
   1.6296286336644594        34.938766556086925        1.0654621655710024E-002
   1.6296286306526189        34.938766556086925        1.0654621655523647E-002
   1.6296285234767733        34.938766556086925        1.0654621655559981E-002
   1.6296282981037447        34.938766556086925        1.0654621655920279E-002
   1.6296285964333810        34.938766556086925        1.0654621655743886E-002
   1.6296286916125333        34.938766556086925        1.0654621655478645E-002
   1.6296288067159492        34.938766556086925        1.0654621655702377E-002
   1.6296285245625644        34.938766556086925        1.0654621655526724E-002
   1.6296284826704643        34.938766556086925        1.0654621655708537E-002
   1.6296284221253758        34.938766556086925        1.0654621655717320E-002
   1.6296288218569792        34.938766556086925        1.0654621655889875E-002
   1.6296284200482727        34.938766556086925        1.0654621655866512E-002
   1.6296285085535196        34.938766556086925        1.0654621655623144E-002
   1.6296287242342617        34.938766556086925        1.0654621655691593E-002
   1.6296283948010029        34.938766556086925        1.0654621655449000E-002
   1.6296286918532954        34.938766556086925        1.0654621655736685E-002
   1.6296284014023747        34.938766556086925        1.0654621655760360E-002
   1.6296285245625644        34.938766556086925        1.0654621655526724E-002
   1.6296285514918116        34.938766556086925        1.0654621655668516E-002
   1.6296285782739595        34.938766556086925        1.0654621655672537E-002
   1.6296286336644594        34.938766556086925        1.0654621655710024E-002
   1.6296286306526189        34.938766556086925        1.0654621655523647E-002
   1.6296284129562775        34.938766556086925        1.0654621655722925E-002
   1.6296286195242284        34.938766556086925        1.0654621655588054E-002
   1.6296284699255872        34.938766556086925        1.0654621655580952E-002
   1.6296284985641045        34.938766556086925        1.0654621655627453E-002
   1.6296286863220657        34.938766556086925        1.0654621655425991E-002
   1.6296285311558427        34.938766556086925        1.0654621655440094E-002
   1.6296285514918116        34.938766556086925        1.0654621655668516E-002
   1.6296282243385709        34.938766556086925        1.0654621656269880E-002
   1.6296286336644594        34.938766556086925        1.0654621655710024E-002
   1.6296286703437421        34.938766556086925        1.0654621655515050E-002
   1.6296285104084522        34.938766556086925        1.0654621655473529E-002
   1.6296287448768754        34.938766556086925        1.0654621655826306E-002
   1.6296283268713276        34.938766556086925        1.0654621655940990E-002
   1.6296286916125333        34.938766556086925        1.0654621655478645E-002
   1.6296286863220657        34.938766556086925        1.0654621655425991E-002
   1.6296287097816564        34.938766556086925        1.0654621655399389E-002
   1.6296285514918116        34.938766556086925        1.0654621655668516E-002
   1.6296285893582767        34.938766556086925        1.0654621655431155E-002
   1.6296285116307481        34.938766556086925        1.0654621655685799E-002
   1.6296286703437421        34.938766556086925        1.0654621655515050E-002
   1.6296285104084522        34.938766556086925        1.0654621655473529E-002
   1.6296285355529689        34.938766556086925        1.0654621655416250E-002
   1.6296285766923204        34.938766556086925        1.0654621655502882E-002
   1.6296286916125333        34.938766556086925        1.0654621655478645E-002
   1.6296286908855167        34.938766556086925        1.0654621655501484E-002
   1.6296287097816564        34.938766556086925        1.0654621655399389E-002
   1.6296285514918116        34.938766556086925        1.0654621655668516E-002
   1.6296287304186821        34.938766556086925        1.0654621655790243E-002
   1.6296285116307481        34.938766556086925        1.0654621655685799E-002
   1.6296286481077604        34.938766556086925        1.0654621655645539E-002
   1.6296285104084522        34.938766556086925        1.0654621655473529E-002
   1.6296286255615120        34.938766556086925        1.0654621655728620E-002
   1.6296284988435397        34.938766556086925        1.0654621655463067E-002
   1.6296285567570659        34.938766556086925        1.0654621655627342E-002
   1.6296289258625771        34.938766556086925        1.0654621655984766E-002
   1.6296287097816564        34.938766556086925        1.0654621655399389E-002
   1.6296286086950047        34.938766556086925        1.0654621655643423E-002
   1.6296286388340910        34.938766556086925        1.0654621655437443E-002
   1.6296286929916426        34.938766556086925        1.0654621655331419E-002
   1.6296289082327713        34.938766556086925        1.0654621655944373E-002
   1.6296285104084522        34.938766556086925        1.0654621655473529E-002
   1.6296286466612320        34.938766556086925        1.0654621655524612E-002
   1.6296283948010029        34.938766556086925        1.0654621655449000E-002
   1.6296287064323369        34.938766556086925        1.0654621655671241E-002
   1.6296286675823615        34.938766556086925        1.0654621655485426E-002
   1.6296287097816564        34.938766556086925        1.0654621655399389E-002
   1.6296286303174659        34.938766556086925        1.0654621655618042E-002
   1.6296285893582767        34.938766556086925        1.0654621655431155E-002
   1.6296286929916426        34.938766556086925        1.0654621655331419E-002
   1.6296286703437421        34.938766556086925        1.0654621655515050E-002
   1.6296285994508803        34.938766556086925        1.0654621655679883E-002
   1.6296285355529689        34.938766556086925        1.0654621655416250E-002
   1.6296283948010029        34.938766556086925        1.0654621655449000E-002
   1.6296286916125333        34.938766556086925        1.0654621655478645E-002
   1.6296288126920431        34.938766556086925        1.0654621655854428E-002
   1.6296287097816564        34.938766556086925        1.0654621655399389E-002
   1.6296288717044041        34.938766556086925        1.0654621655895683E-002
   1.6296284752541106        34.938766556086925        1.0654621655648401E-002
   1.6296286929916426        34.938766556086925        1.0654621655331419E-002
   1.6296285507677091        34.938766556086925        1.0654621655450709E-002
   1.6296285104084522        34.938766556086925        1.0654621655473529E-002
   1.6296285355529689        34.938766556086925        1.0654621655416250E-002
   1.6296287435849837        34.938766556086925        1.0654621655679703E-002
   1.6296286916125333        34.938766556086925        1.0654621655478645E-002
   1.6296285003744229        34.938766556086925        1.0654621655573940E-002
   1.6296286605306833        34.938766556086925        1.0654621655587952E-002
   1.6296286086824092        34.938766556086925        1.0654621655607113E-002
   1.6296285893582767        34.938766556086925        1.0654621655431155E-002
   1.6296286742239701        34.938766556086925        1.0654621655687729E-002
   1.6296285507677091        34.938766556086925        1.0654621655450709E-002
   1.6296285104084522        34.938766556086925        1.0654621655473529E-002
   1.6296286897250609        34.938766556086925        1.0654621655549089E-002
   1.6296287288117048        34.938766556086925        1.0654621655610562E-002
   1.6296288639504937        34.938766556086925        1.0654621655783496E-002
   1.6296286863220657        34.938766556086925        1.0654621655425991E-002
   1.6296287097816564        34.938766556086925        1.0654621655399389E-002
   1.6296286086824092        34.938766556086925        1.0654621655607113E-002
   1.6296286001964566        34.938766556086925        1.0654621655379413E-002
   1.6296288178392941        34.938766556086925        1.0654621655618418E-002
   1.6296286063273795        34.938766556086925        1.0654621655450587E-002
   1.6296287474671687        34.938766556086925        1.0654621655709354E-002
   1.6296285355529689        34.938766556086925        1.0654621655416250E-002
   1.6296283948010029        34.938766556086925        1.0654621655449000E-002
   1.6296286916125333        34.938766556086925        1.0654621655478645E-002
   1.6296287212666747        34.938766556086925        1.0654621655668842E-002
   1.6296288424753538        34.938766556086925        1.0654621655710685E-002
   1.6296286086824092        34.938766556086925        1.0654621655607113E-002
   1.6296286001964566        34.938766556086925        1.0654621655379413E-002
   1.6296286929916426        34.938766556086925        1.0654621655331419E-002
   1.6296286929916426        0.0000000000000000        1.0654621655331419E-002
