   2.6380653293035836        23.355278217399206       0.19800620077864498     
   4.1153298952026240        63.186990029482089       0.40231150866374227     
   1.1930698300376608        66.174278770849611        7.2111826629983389E-002
   2.5889171197005161        61.663429010769377       0.25954141525955710     
   2.5673640088276861        32.533601236994002       0.20262295145562254     
   1.7798454385055718        13.612204625237304        2.7620767877992586E-002
   2.1453575559294684        16.548182397565949        9.9967014685416938E-002
   3.9712455378891103        41.463964531560606       0.36412256157066708     
   3.4143459889768741        62.070573923741549       0.34966331781953836     
  0.81111525322080658        18.442328131208708       0.45581595688389287     
   3.1843433349602321        22.386052634783002       0.26746611541529042     
   4.1153298952026240        70.000000000000000       0.41079567356983182     
   1.1930698300376608        70.000000000000000        6.1975020721888797E-002
   2.5889171197005161        61.663429010769377       0.25954141525955710     
   2.5673640088276861        33.882877411662072       0.20504190460598085     
   3.0182181476055221        38.134915659227772       0.27234463173731621     
   2.1453575559294684        10.000000000000000        9.2262331791295477E-002
   4.0175940517355135        41.463964531560606       0.36741345354103139     
   2.5760817374698113        62.070573923741549       0.25851769200529362     
   1.7016983289985714        10.000000000000000        4.1417077820290672E-002
   2.6380653293035836        23.355278217399206       0.19800620077864498     
   2.2004476559785382        63.186990029482089       0.20207538551602261     
   1.6928637243229248        70.000000000000000       0.10844607477121382     
   2.5889171197005161        61.663429010769377       0.25954141525955710     
   4.1053439887832646        32.533601236994002       0.36203654243384148     
   1.7970879272038358        13.612204625237304        2.8198698607036360E-002
   2.1453575559294684        10.250191355306818        9.2499566750215631E-002
   3.9712455378891103        41.463964531560606       0.36412256157066708     
  0.64557044495877625        10.000000000000000       0.63761336310845862     
   1.1326396639412533        10.000000000000000       0.26477637167449963     
   2.0730723951254504        23.355278217399206        9.5345796323821369E-002
   2.2004476559785382        70.000000000000000       0.21559977387769103     
   2.1552080118003549        49.535676964809312       0.16545825098847838     
   1.6809597056647152        30.842343236259442        1.6855033901259284E-002
   2.5673640088276861        32.533601236994002       0.20262295145562254     
   1.7798454385055718        10.000000000000000        3.0584720461317466E-002
   2.0976225205067478        10.000000000000000        8.2306253788562725E-002
   4.8484698209541515        59.219276843782509       0.43715742656311596     
   2.5760817374698113        70.000000000000000       0.27265108835867130     
   1.7016983289985714        10.000000000000000        4.1417077820290672E-002
   1.7149932556238738        26.109014120492411        1.9394763830804469E-002
   2.2004476559785382        61.635503703337612       0.19894089277710714     
   1.3262433613799129        70.000000000000000        1.6102436163635412E-002
   1.6809597056647152        14.357055722514687        3.8600552261521551E-002
   2.5673640088276861        23.916129014819695       0.18798385310660534     
   1.7798454385055718        51.582292311748184        8.7110993696359940E-002
   2.0976225205067478        10.000000000000000        8.2306253788562725E-002
   1.8293141944885851        41.463964531560606        7.5731753276352801E-002
   2.5760817374698113        38.531776404007246       0.21484710273239255     
   1.7016983289985714        10.000000000000000        4.1417077820290672E-002
   1.7372120038653138        26.109014120492411        2.2734470472571683E-002
   1.1391427339416293        26.664122424782413       0.21648983322933166     
