   2.1549890025253440        61.072132468308070        2.5578798080100423E-002
   4.6340275366111747        16.364154562761982        3.6450843124786379E-002
   3.6390750796213971        58.845126380002270        4.6513621018306812E-002
   1.2618369698846039        50.427915672518722        1.9411238272488664E-002
   3.6752039452647391        63.891217229329335        4.8531644903101794E-002
   1.7733563030294142        15.995179893699323        2.9603622337674721E-002
   4.7635679912125388        36.584857249614913        4.6921136624629475E-002
   2.4477156816642349        43.791843569243774        2.2038112469201669E-002
   1.2573281518606183        45.127900206254679        2.5449062889557193E-002
  0.40959338496358633        46.348892881560253       0.17664218421565242     
   2.1549890025253440        70.000000000000000        3.0104618114847458E-002
   4.6340275366111747        16.364154562761982        3.6450843124786379E-002
   3.6390750796213971        33.496687187826964        3.5260449552652097E-002
   1.8013244727924604        50.427915672518722        8.2066472839123945E-003
   3.6752039452647391        49.178704217322540        4.3153905753922896E-002
   1.7733563030294142        15.995179893699323        2.9603622337674721E-002
   4.7635679912125388        36.392174369798852        4.6842681291777759E-002
   2.4477156816642349        57.413259267103435        2.9977514739896256E-002
   3.1892738219650258        57.370345208571393        4.1271333587174490E-002
   0.0000000000000000        55.292857905773445                            NaN
   4.1144032587880002        61.072132468308070        5.1050982421827491E-002
   4.1114050756954033        49.149737537406452        4.7006672669993421E-002
  0.57491581760513677        61.726840063793837        9.3537709552561743E-002
  0.84901444894956712        51.496760982127448        5.8565587526599815E-002
   3.2371779381760017        49.178704217322540        3.8281310269224697E-002
   1.7733563030294142        51.779882344784177        8.1799810591062366E-003
   4.7635679912125388        36.392174369798852        4.6842681291777759E-002
   2.4477156816642349        41.582214578417840        2.0572882027694119E-002
   1.2573281518606183        45.127900206254679        2.5449062889557193E-002
   0.0000000000000000        46.348892881560253                            NaN
  0.96173924548020362        51.605622493006798        4.4513281193453373E-002
   4.6340275366111747        53.130284965044041        5.2001307207326423E-002
   3.6390750796213971        50.401630515673062        4.3300452811507718E-002
   4.0683407543655248        23.135633064838032        3.4397116039302469E-002
   4.4806039458916471        49.178704217322540        4.9722404205382098E-002
   1.7733563030294142        54.043731413394006        9.8290932489555876E-003
   4.7635679912125388        36.392174369798852        4.6842681291777759E-002
   2.4477156816642349        41.995227643582581        2.0850616939123566E-002
   2.0895940857597917        45.127900206254679        1.3760119627379098E-002
   0.0000000000000000        46.348892881560253                            NaN
   2.1549890025253440        61.072132468308070        2.5578798080100423E-002
   4.6340275366111747        16.364154562761982        3.6450843124786379E-002
   3.6390750796213971        30.196802909202688        3.3420067283982960E-002
   1.8013244727924604        70.000000000000000        2.0849158948645190E-002
   4.3562161723122692        35.215914562462466        4.3251614585208015E-002
   2.4049261082388278        57.857074055907937        2.9358390285356868E-002
   4.7635679912125388        36.392174369798852        4.6842681291777759E-002
   4.3111799770892896        21.173450441040913        3.5848656004879569E-002
   2.0895940857597917        59.135513854722696        2.2861926480057668E-002
  0.40959338496358633        40.658207379590415       0.19033948438527715     
   2.7160363553023354        65.432195987345736        3.8284554984998068E-002
   4.9013619730066438        16.364154562761982        3.8759324171600926E-002
