   8.1602879850935715        25.638452463983867       0.51031500356732351
   9.1962903692947862        25.638452463983867       0.52961303522832437
  0.86789757018091773        25.638452463983867       0.38738899068558402
   7.7864171063626628        25.638452463983867       0.50218593039402781
  0.65632958198300062        25.638452463983867       0.57028696329712680
   1.1796284316914918        25.638452463983867       0.19903583542246725
   3.4658725740254259        25.638452463983867       0.30082451712974811
   6.1667925612934793        25.638452463983867       0.45665948320967537
   7.9300781089453078        25.638452463983867       0.50539343360110356
  0.44342369922674152        25.638452463983867       0.83414275545260996
   8.1602879850935715        25.638452463983867       0.51031500356732351
   9.1962903692947862        25.638452463983867       0.52961303522832437
   3.2463099522745540        25.638452463983867       0.27862897846526941
   9.1761749533725752        25.638452463983867       0.52927710195240152
  0.65632958198300062        25.638452463983867       0.57028696329712680
   1.1796284316914918        25.638452463983867       0.19903583542246725
   2.2090060241782883        25.638452463983867       0.12762373112572786
   6.1667925612934793        25.638452463983867       0.45665948320967537
   7.9300781089453078        25.638452463983867       0.50539343360110356
  0.44342369922674152        25.638452463983867       0.83414275545260996
   3.4326985348321020        25.638452463983867       0.29762455249836073
   9.1962903692947862        25.638452463983867       0.52961303522832437
   7.8426864446245377        25.638452463983867       0.50345518880685813
   7.7864171063626628        25.638452463983867       0.50218593039402781
   0.0000000000000000        25.638452463983867                            NaN
   0.0000000000000000        25.638452463983867                            NaN
   8.3824974528717533        25.638452463983867       0.51482739844296566
  0.76284450447189256        25.638452463983867       0.47084383907127186
   0.0000000000000000        25.638452463983867                            NaN
  0.44342369922674152        25.638452463983867       0.83414275545260996
  0.22053289915632757        25.638452463983867        1.2804095556659572
   4.1676680849221439        25.638452463983867       0.35816311920617944
   8.2519220029402298        25.638452463983867       0.51220312676564816
   7.7864171063626628        25.638452463983867       0.50218593039402781
  0.30341171027984992        25.638452463983867        1.0838596711250605
   0.0000000000000000        25.638452463983867                            NaN
   0.0000000000000000        25.638452463983867                            NaN
   2.7028804283951549        25.638452463983867       0.21115239574369798
   7.9300781089453078        25.638452463983867       0.50539343360110356
   3.0500666715024010        25.638452463983867       0.25655396498485966
   3.4326985348321020        25.638452463983867       0.29762455249836073
   2.0367243536639217        25.638452463983867        9.1463703825885700E-002
   1.2086720465364464        25.638452463983867       0.18486651857384065
   7.7864171063626628        25.638452463983867       0.50218593039402781
   0.0000000000000000        25.638452463983867                            NaN
   1.7616686746549706        25.638452463983867        2.7045359399355588E-002
   2.2090060241782883        25.638452463983867       0.12762373112572786
   1.8949153872553992        25.638452463983867        5.8552646752912225E-002
   7.9300781089453078        25.638452463983867       0.50539343360110356
   1.0150645647742038        25.638452463983867       0.28919920717254460
   3.4326985348321020        25.638452463983867       0.29762455249836073
   6.2503715616288407        25.638452463983867       0.45953249113557343
   2.1502370814414595        25.638452463983867       0.11575933836870649
   7.7864171063626628        25.638452463983867       0.50218593039402781
  0.65632958198300062        25.638452463983867       0.57028696329712680
   1.7616686746549706        25.638452463983867        2.7045359399355588E-002
   0.0000000000000000        25.638452463983867                            NaN
   1.8949153872553992        25.638452463983867        5.8552646752912225E-002
   5.9600075829892774        25.638452463983867       0.44923858156375296
   0.0000000000000000        25.638452463983867                            NaN
  0.35902608410604731        25.638452463983867       0.97465506758429654
   2.0367243536639217        25.638452463983867        9.1463703825885700E-002
   2.4951320044660430        25.638452463983867       0.17918895183721292
   1.0882599290819346        25.638452463983867       0.24687592972509123
  0.65632958198300062        25.638452463983867       0.57028696329712680
   1.6482215015281525        25.638452463983867        2.2722966204715627E-002
   2.2090060241782883        25.638452463983867       0.12762373112572786
  0.42950834036291141        25.638452463983867       0.85553668465133559
   1.2357594635596203        25.638452463983867       0.17206779645113374
   2.9110776377952958        25.638452463983867       0.23944315968591326
   3.4326985348321020        25.638452463983867       0.29762455249836073
  0.75086325480502358        25.638452463983867       0.48121526099868761
   2.5564198282746897        25.638452463983867       0.18904832734602983
   1.0882599290819346        25.638452463983867       0.24687592972509123
   2.5474169378003606        25.638452463983867       0.18762363614697011
   1.6482215015281525        25.638452463983867        2.2722966204715627E-002
   2.2090060241782883        25.638452463983867       0.12762373112572786
   1.1709642236610849        25.638452463983867       0.20335532929981817
   1.2357594635596203        25.638452463983867       0.17206779645113374
   2.9110776377952958        25.638452463983867       0.23944315968591326
   2.9331484592812154        25.638452463983867       0.24224916386713785
   2.0367243536639217        25.638452463983867        9.1463703825885700E-002
   1.4868180691589061        25.638452463983867        7.0220552754694743E-002
   1.3991227768729999        25.638452463983867       0.10256753856213817
   2.6560729167820956        25.638452463983867       0.20430090657365441
   1.6482215015281525        25.638452463983867        2.2722966204715627E-002
   3.2626570747517878        25.638452463983867       0.28036761598706361
   1.8949153872553992        25.638452463983867        5.8552646752912225E-002
  0.56059657802886764        25.638452463983867       0.67609579917371121
   4.4126399983823532        25.638452463983867       0.37442499411731689
   2.9331484592812154        25.638452463983867       0.24224916386713785
   2.0367243536639217        25.638452463983867        9.1463703825885700E-002
   1.1785098298003311        25.638452463983867       0.19959107874481971
  0.26356425180896914        25.638452463983867        1.1725092112954243
   2.5474169378003606        25.638452463983867       0.18762363614697011
   1.1208967625715294        25.638452463983867       0.22919023793468973
   2.7104219163050187        25.638452463983867       0.21223843053954047
   1.8949153872553992        25.638452463983867        5.8552646752912225E-002
   1.2357594635596203        25.638452463983867       0.17206779645113374
   2.9110776377952958        25.638452463983867       0.23944315968591326
   2.9331484592812154        25.638452463983867       0.24224916386713785
   2.0367243536639217        25.638452463983867        9.1463703825885700E-002
   2.9492399671784542        25.638452463983867       0.24427323659945346
  0.94689538817895702        25.638452463983867       0.33230261046519111
   2.1776120618425883        25.638452463983867       0.12134471307546660
   1.8475004812522746        25.638452463983867        4.7074167612208027E-002
   2.2090060241782883        25.638452463983867       0.12762373112572786
   1.8949153872553992        25.638452463983867        5.8552646752912225E-002
   1.2357594635596203        25.638452463983867       0.17206779645113374
   1.1067341214504571        25.638452463983867       0.23677991507222912
   2.9331484592812154        25.638452463983867       0.24224916386713785
   2.0367243536639217        25.638452463983867        9.1463703825885700E-002
   2.0983376045460589        25.638452463983867       0.10488117608231105
   1.8454607073255078        25.638452463983867        4.6579253553901918E-002
   1.6484678208944306        25.638452463983867        2.2676990576925994E-002
   1.2082964739241400        25.638452463983867       0.18504675700709397
   2.9789275684480230        25.638452463983867       0.24796027074353169
   1.8949153872553992        25.638452463983867        5.8552646752912225E-002
   1.2357594635596203        25.638452463983867       0.17206779645113374
   1.3282268227148071        25.638452463983867       0.13119071465194962
   2.9331484592812154        25.638452463983867       0.24224916386713785
   1.4926956256866151        25.638452463983867        6.8174871713662530E-002
   1.1581123495137806        25.638452463983867       0.20984305653929958
   1.8454607073255078        25.638452463983867        4.6579253553901918E-002
   1.6484678208944306        25.638452463983867        2.2676990576925994E-002
   1.6482215015281525        25.638452463983867        2.2722966204715627E-002
   1.1523918062214900        25.638452463983867       0.21276222678015527
   1.8949153872553992        25.638452463983867        5.8552646752912225E-002
   1.2357594635596203        25.638452463983867       0.17206779645113374
   1.2788875185694548        25.638452463983867       0.15247835800236412
   2.9331484592812154        25.638452463983867       0.24224916386713785
   1.4926956256866151        25.638452463983867        6.8174871713662530E-002
  0.67849586482581459        25.638452463983867       0.54816560407475912
   2.1052427036905899        25.638452463983867       0.10635063166002463
   1.6484678208944306        25.638452463983867        2.2676990576925994E-002
   1.6482215015281525        25.638452463983867        2.2722966204715627E-002
   2.2586752867080739        25.638452463983867       0.13728981763241446
   1.8949153872553992        25.638452463983867        5.8552646752912225E-002
   1.8656506992330861        25.638452463983867        5.1478647718690505E-002
   1.3282268227148071        25.638452463983867       0.13119071465194962
   2.9331484592812154        25.638452463983867       0.24224916386713785
   1.4926956256866151        25.638452463983867        6.8174871713662530E-002
   1.9320429406999216        25.638452463983867        6.7419119979085756E-002
   1.9038093587744009        25.638452463983867        6.0689631582397416E-002
   1.6484678208944306        25.638452463983867        2.2676990576925994E-002
   1.9702385422475512        25.638452463983867        7.6368217820304937E-002
   1.4040503935741688        25.638452463983867       0.10066091961327703
   1.8949153872553992        25.638452463983867        5.8552646752912225E-002
  0.62501232169314735        25.638452463983867       0.60297622095203562
   1.3282268227148071        25.638452463983867       0.13119071465194962
   2.9331484592812154        25.638452463983867       0.24224916386713785
   1.4926956256866151        25.638452463983867        6.8174871713662530E-002
   1.9320429406999216        25.638452463983867        6.7419119979085756E-002
   1.8454607073255078        25.638452463983867        4.6579253553901918E-002
   1.6484678208944306        25.638452463983867        2.2676990576925994E-002
   1.6482215015281525        25.638452463983867        2.2722966204715627E-002
   1.4040503935741688        25.638452463983867       0.10066091961327703
   1.5153094558249065        25.638452463983867        6.0456993223762967E-002
   1.8626357604542205        25.638452463983867        5.0747340266935934E-002
   1.3282268227148071        25.638452463983867       0.13119071465194962
   2.9630218406657773        25.638452463983867       0.24599242274949951
   1.9387457457344759        25.638452463983867        6.9003159780314530E-002
  0.65003136453113464        25.638452463983867       0.57672268368574531
   1.8454607073255078        25.638452463983867        4.6579253553901918E-002
   1.3266920116394032        25.638452463983867       0.13183555651183640
   1.6482215015281525        25.638452463983867        2.2722966204715627E-002
   1.4040503935741688        25.638452463983867       0.10066091961327703
   1.6860806328211795        25.638452463983867        1.8290698424537698E-002
   1.8626357604542205        25.638452463983867        5.0747340266935934E-002
   1.3282268227148071        25.638452463983867       0.13119071465194962
   2.9331484592812154        25.638452463983867       0.24224916386713785
   1.8095937174873236        25.638452463983867        3.7933706462027483E-002
   1.9320429406999216        25.638452463983867        6.7419119979085756E-002
   1.8454607073255078        25.638452463983867        4.6579253553901918E-002
   2.0389940284826871        25.638452463983867        9.1967770970278251E-002
   1.6482215015281525        25.638452463983867        2.2722966204715627E-002
   2.1119967441215302        25.638452463983867       0.10778132099295319
   1.6860806328211795        25.638452463983867        1.8290698424537698E-002
   1.8626357604542205        25.638452463983867        5.0747340266935934E-002
  0.88315205273833786        25.638452463983867       0.37628251124245748
   2.9331484592812154        25.638452463983867       0.24224916386713785
  0.76831401960707235        25.638452463983867       0.46617181659110041
   2.7440116218749857        25.638452463983867       0.21701696326091111
   1.8454607073255078        25.638452463983867        4.6579253553901918E-002
   1.6484678208944306        25.638452463983867        2.2676990576925994E-002
   2.0891206854654842        25.638452463983867       0.10290904948308140
   1.4040503935741688        25.638452463983867       0.10066091961327703
   1.3329523818201083        25.638452463983867       0.12921214818303667
   1.9580669746060826        25.638452463983867        7.3537302755418477E-002
   1.2275654195462691        25.638452463983867       0.17589811826515750
   2.4289317153063306        25.638452463983867       0.16810050311191788
   1.8095937174873236        25.638452463983867        3.7933706462027483E-002
   1.9320429406999216        25.638452463983867        6.7419119979085756E-002
   1.7343297378087807        25.638452463983867        2.1899224995136825E-002
   1.6484678208944306        25.638452463983867        2.2676990576925994E-002
  0.39072904322986091        25.638452463983867       0.91870604474173700
   1.4040503935741688        25.638452463983867       0.10066091961327703
   1.6557933277867578        25.638452463983867        2.1394605367800891E-002
   1.8626357604542205        25.638452463983867        5.0747340266935934E-002
   1.3282268227148071        25.638452463983867       0.13119071465194962
   2.4289317153063306        25.638452463983867       0.16810050311191788
   1.3714646413449674        25.638452463983867       0.11346686203293964
   1.9320429406999216        25.638452463983867        6.7419119979085756E-002
   1.9032622987560703        25.638452463983867        6.0558402240352568E-002
   1.6484678208944306        25.638452463983867        2.2676990576925994E-002
   1.2170275353811348        25.638452463983867       0.18087655763327293
   1.4040503935741688        25.638452463983867       0.10066091961327703
   1.6860806328211795        25.638452463983867        1.8290698424537698E-002
   1.6920828769145553        25.638452463983867        1.8179005089565832E-002
   1.3282268227148071        25.638452463983867       0.13119071465194962
   2.4289317153063306        25.638452463983867       0.16810050311191788
   1.7524646676975697        25.638452463983867        2.5173933650480405E-002
   1.9320429406999216        25.638452463983867        6.7419119979085756E-002
   2.5354223840867434        25.638452463983867       0.18571304380755371
   1.8260600478463609        25.638452463983867        4.1883332234226488E-002
   1.6482215015281525        25.638452463983867        2.2722966204715627E-002
   1.5321134117125828        25.638452463983867        5.4887786766308511E-002
   1.6860806328211795        25.638452463983867        1.8290698424537698E-002
   2.0169652089897343        25.638452463983867        8.7043774269970661E-002
  0.99478052591399480        25.638452463983867       0.30163097431663222
   2.2846681688145023        25.638452463983867       0.14222110904542307
   1.7524646676975697        25.638452463983867        2.5173933650480405E-002
   1.7318164960121853        25.638452463983867        2.1502042912859707E-002
   1.1335141008239284        25.638452463983867       0.22253555749207721
   1.6484678208944306        25.638452463983867        2.2676990576925994E-002
   1.6482215015281525        25.638452463983867        2.2722966204715627E-002
   1.5321134117125828        25.638452463983867        5.4887786766308511E-002
   1.6860806328211795        25.638452463983867        1.8290698424537698E-002
   1.6571908320984554        25.638452463983867        2.1169778791946155E-002
   1.3282268227148071        25.638452463983867       0.13119071465194962
   2.4935408812926743        25.638452463983867       0.17892788821894207
   1.7814404512918496        25.638452463983867        3.1368247570477924E-002
   1.7318164960121853        25.638452463983867        2.1502042912859707E-002
   1.7343297378087807        25.638452463983867        2.1899224995136825E-002
   1.6484678208944306        25.638452463983867        2.2676990576925994E-002
   1.6565257868015204        25.638452463983867        2.1275935184773668E-002
   1.6115664941364813        25.638452463983867        3.1110716144765422E-002
   1.6860806328211795        25.638452463983867        1.8290698424537698E-002
   1.0900390712330195        25.638452463983867       0.24589381930286644
   1.3282268227148071        25.638452463983867       0.13119071465194962
   2.2846681688145023        25.638452463983867       0.14222110904542307
   1.7524646676975697        25.638452463983867        2.5173933650480405E-002
   1.7318164960121853        25.638452463983867        2.1502042912859707E-002
   1.7343297378087807        25.638452463983867        2.1899224995136825E-002
   1.6484678208944306        25.638452463983867        2.2676990576925994E-002
   1.6565257868015204        25.638452463983867        2.1275935184773668E-002
   1.6115664941364813        25.638452463983867        3.1110716144765422E-002
   1.6806147205148205        25.638452463983867        1.8546848571128968E-002
   1.2498015386727017        25.638452463983867       0.16558546906099345
   1.3282268227148071        25.638452463983867       0.13119071465194962
   2.2846681688145023        25.638452463983867       0.14222110904542307
   1.7760561679680147        25.638452463983867        3.0158924074046623E-002
   1.7318164960121853        25.638452463983867        2.1502042912859707E-002
   2.1349070226696765        25.638452463983867       0.11258588143810061
   1.6484678208944306        25.638452463983867        2.2676990576925994E-002
   1.6565257868015204        25.638452463983867        2.1275935184773668E-002
   1.9177201017452290        25.638452463983867        6.4016292870494595E-002
   1.4057227091779285        25.638452463983867       0.10001626616757124
   1.7157267537302825        25.638452463983867        1.9404750770837875E-002
   1.3282268227148071        25.638452463983867       0.13119071465194962
   2.2846681688145023        25.638452463983867       0.14222110904542307
   1.7524646676975697        25.638452463983867        2.5173933650480405E-002
   1.9698379836793465        25.638452463983867        7.6275375252508340E-002
   1.6667036175555878        25.638452463983867        1.9828703507400031E-002
   1.6704248163921869        25.638452463983867        1.9401766404568744E-002
   1.6565257868015204        25.638452463983867        2.1275935184773668E-002
   1.6115664941364813        25.638452463983867        3.1110716144765422E-002
   1.6860806328211795        25.638452463983867        1.8290698424537698E-002
   2.1709529057092136        25.638452463983867       0.11999556734308220
   1.5010748881463007        25.638452463983867        6.5286415524202571E-002
   2.2986958070163941        25.638452463983867       0.14484701462807209
   2.1925104388644656        25.638452463983867       0.12434115012054288
   1.7318164960121853        25.638452463983867        2.1502042912859707E-002
   1.6667036175555878        25.638452463983867        1.9828703507400031E-002
   1.6704248163921869        25.638452463983867        1.9401766404568744E-002
   1.6565257868015204        25.638452463983867        2.1275935184773668E-002
   1.5990459093496467        25.638452463983867        3.4483375119463894E-002
   1.6860806328211795        25.638452463983867        1.8290698424537698E-002
   1.7157267537302825        25.638452463983867        1.9404750770837875E-002
   1.5010748881463007        25.638452463983867        6.5286415524202571E-002
   2.3414489252981796        25.638452463983867       0.15270089115812893
   1.7603185114611801        25.638452463983867        2.6764027107768668E-002
   1.7318164960121853        25.638452463983867        2.1502042912859707E-002
   1.6667036175555878        25.638452463983867        1.9828703507400031E-002
   1.6704248163921869        25.638452463983867        1.9401766404568744E-002
   1.6249087342136164        25.638452463983867        2.7756755973576581E-002
   1.6115664941364813        25.638452463983867        3.1110716144765422E-002
   1.6860806328211795        25.638452463983867        1.8290698424537698E-002
   1.7441731796798332        25.638452463983867        2.3597237009661678E-002
   1.5010748881463007        25.638452463983867        6.5286415524202571E-002
   2.2846681688145023        25.638452463983867       0.14222110904542307
   1.7524646676975697        25.638452463983867        2.5173933650480405E-002
   1.7829724213878764        25.638452463983867        3.1715844161006139E-002
   1.6667036175555878        25.638452463983867        1.9828703507400031E-002
   1.8242948263056675        25.638452463983867        4.1457778985924065E-002
   1.5698786968265084        25.638452463983867        4.2966469281325796E-002
   1.5795531881362619        25.638452463983867        4.0069937608771262E-002
   1.1838614950754784        25.638452463983867       0.19694113566563470
   2.1343642151564088        25.638452463983867       0.11247290895876762
   1.5625455186874937        25.638452463983867        4.5208999906687031E-002
   2.2846681688145023        25.638452463983867       0.14222110904542307
   1.7524646676975697        25.638452463983867        2.5173933650480405E-002
   1.6800622439098718        25.638452463983867        1.8580804584835620E-002
   1.6667036175555878        25.638452463983867        1.9828703507400031E-002
   1.5750613967811882        25.638452463983867        4.1405585888946050E-002
   1.6565257868015204        25.638452463983867        2.1275935184773668E-002
   1.6115664941364813        25.638452463983867        3.1110716144765422E-002
   1.1939999334473685        25.638452463983867       0.19196551164896408
   1.6920828769145553        25.638452463983867        1.8179005089565832E-002
   1.5649007900041167        25.638452463983867        4.4484558083982259E-002
   2.2846681688145023        25.638452463983867       0.14222110904542307
   1.7990603027311785        25.638452463983867        3.5440461646258407E-002
   1.6800622439098718        25.638452463983867        1.8580804584835620E-002
   1.6294941394310618        25.638452463983867        2.6673354195079154E-002
   1.5822459110455935        25.638452463983867        3.9277275573851897E-002
   1.7335956024538863        25.638452463983867        2.1781531558533827E-002
   1.2362397319080811        25.638452463983867       0.17184439106850841
   1.6860806328211795        25.638452463983867        1.8290698424537698E-002
   1.6449962191099909        25.638452463983867        2.3340882619074795E-002
   2.1470824654720877        25.638452463983867       0.11510900034431493
   2.2846681688145023        25.638452463983867       0.14222110904542307
   1.7524646676975697        25.638452463983867        2.5173933650480405E-002
   1.6287509876831929        25.638452463983867        2.6846246577678701E-002
   1.2447326661352804        25.638452463983867       0.16791364706854744
   2.1650553731135207        25.638452463983867       0.11879562566394529
   1.6565257868015204        25.638452463983867        2.1275935184773668E-002
   1.6677059372904606        25.638452463983867        1.9707996984911325E-002
   1.6860806328211795        25.638452463983867        1.8290698424537698E-002
   1.6920828769145553        25.638452463983867        1.8179005089565832E-002
   1.4917735734074105        25.638452463983867        6.8494731761739897E-002
   2.2846681688145023        25.638452463983867       0.14222110904542307
   1.7524646676975697        25.638452463983867        2.5173933650480405E-002
   1.6800622439098718        25.638452463983867        1.8580804584835620E-002
   1.6667036175555878        25.638452463983867        1.9828703507400031E-002
   1.6724670589218655        25.638452463983867        1.9192676760805778E-002
   1.6645472976376430        25.638452463983867        2.0102234786169855E-002
   1.6653266736164938        25.638452463983867        2.0001214712737810E-002
   1.7910573699167083        25.638452463983867        3.3572359743811162E-002
   1.2006881949767030        25.638452463983867       0.18871467263700220
   1.5802569417572663        25.638452463983867        3.9862178686409649E-002
   2.2846681688145023        25.638452463983867       0.14222110904542307
   1.7524646676975697        25.638452463983867        2.5173933650480405E-002
   1.6881890366977887        25.638452463983867        1.8231119395309341E-002
   1.6667036175555878        25.638452463983867        1.9828703507400031E-002
   1.7091709313383052        25.638452463983867        1.8816002172660135E-002
   1.1975166577785821        25.638452463983867       0.19025309919263525
   1.7656787128102458        25.638452463983867        2.7893036696652412E-002
   1.6437350298754017        25.638452463983867        2.3590290434833221E-002
   1.6920828769145553        25.638452463983867        1.8179005089565832E-002
   2.1749774071608075        25.638452463983867       0.12081166052249104
   2.1373441642725099        25.638452463983867       0.11309260062315532
   1.7902664724246797        25.638452463983867        3.3389256991758494E-002
   1.7075395045496737        25.638452463983867        1.8697234046655523E-002
   1.6667036175555878        25.638452463983867        1.9828703507400031E-002
   1.7091709313383052        25.638452463983867        1.8816002172660135E-002
   1.1746610623376181        25.638452463983867       0.20150699321768867
   1.6032447929277174        25.638452463983867        3.3331070904683707E-002
   1.6860806328211795        25.638452463983867        1.8290698424537698E-002
   1.6920828769145553        25.638452463983867        1.8179005089565832E-002
   1.5802569417572663        25.638452463983867        3.9862178686409649E-002
   2.1373441642725099        25.638452463983867       0.11309260062315532
   1.7524646676975697        25.638452463983867        2.5173933650480405E-002
   1.6881890366977887        25.638452463983867        1.8231119395309341E-002
   1.6667036175555878        25.638452463983867        1.9828703507400031E-002
   1.7091709313383052        25.638452463983867        1.8816002172660135E-002
   1.6645472976376430        25.638452463983867        2.0102234786169855E-002
   1.6677059372904606        25.638452463983867        1.9707996984911325E-002
   1.6860806328211795        25.638452463983867        1.8290698424537698E-002
   1.6920828769145553        25.638452463983867        1.8179005089565832E-002
   1.5802569417572663        25.638452463983867        3.9862178686409649E-002
   2.0443333130378454        25.638452463983867        9.3150600967993394E-002
   1.7524646676975697        25.638452463983867        2.5173933650480405E-002
   1.6190284759779145        25.638452463983867        2.9200474397717193E-002
   1.6387369675818451        25.638452463983867        2.4618955588140968E-002
   1.7413650384968928        25.638452463983867        2.3091602806274401E-002
   1.5998610130967175        25.638452463983867        3.4258116356259243E-002
   1.7413145445541167        25.638452463983867        2.3082656064041741E-002
   1.6860806328211795        25.638452463983867        1.8290698424537698E-002
   1.6920828769145553        25.638452463983867        1.8179005089565832E-002
   1.5802569417572663        25.638452463983867        3.9862178686409649E-002
   2.0443333130378454        25.638452463983867        9.3150600967993394E-002
   1.4089379422328290        25.638452463983867        9.8780262663615406E-002
   2.0631210288891677        25.638452463983867        9.7279669701628976E-002
   1.5528635856267030        25.638452463983867        4.8226362333403987E-002
   1.7091709313383052        25.638452463983867        1.8816002172660135E-002
   1.7244801555204923        25.638452463983867        2.0442685549018645E-002
   1.6677059372904606        25.638452463983867        1.9707996984911325E-002
   1.6860806328211795        25.638452463983867        1.8290698424537698E-002
   1.6920828769145553        25.638452463983867        1.8179005089565832E-002
   1.6661786385870732        25.638452463983867        1.9893569700918521E-002
   2.0443333130378454        25.638452463983867        9.3150600967993394E-002
   1.4166806229653488        25.638452463983867        9.5822272843388845E-002
   1.9732697502562127        25.638452463983867        7.7070082827712258E-002
   1.6667036175555878        25.638452463983867        1.9828703507400031E-002
   1.6608012533865930        25.638452463983867        2.0620751990902301E-002
   1.7221384733109224        25.638452463983867        2.0139161996430260E-002
   1.6677059372904606        25.638452463983867        1.9707996984911325E-002
   1.6886103100464054        25.638452463983867        1.8221853817713542E-002
   1.6920828769145553        25.638452463983867        1.8179005089565832E-002
   1.7411088852094994        25.638452463983867        2.3046271595325428E-002
   2.0377772795827949        25.638452463983867        9.1697639426281938E-002
   1.7631254660293509        25.638452463983867        2.7351270774170690E-002
   1.9732154637858446        25.638452463983867        7.7057524459242147E-002
   1.6667036175555878        25.638452463983867        1.9828703507400031E-002
   1.6381759589673812        25.638452463983867        2.4738243689665988E-002
   1.6645472976376430        25.638452463983867        2.0102234786169855E-002
   1.6677059372904606        25.638452463983867        1.9707996984911325E-002
   1.7236448521778625        25.638452463983867        2.0332370231197456E-002
   1.6920828769145553        25.638452463983867        1.8179005089565832E-002
   1.6661786385870732        25.638452463983867        1.9893569700918521E-002
   1.8552382767093454        25.638452463983867        4.8952162651125460E-002
   2.0076564745933947        25.638452463983867        8.4941884675823268E-002
   1.6881890366977887        25.638452463983867        1.8231119395309341E-002
   1.6842998089041685        25.638452463983867        1.8358113789480320E-002
   1.7165194468776548        25.638452463983867        1.9487442484763581E-002
   1.6645472976376430        25.638452463983867        2.0102234786169855E-002
   1.6358983615833802        25.638452463983867        2.5230034667628246E-002
   1.3936815655735384        25.638452463983867       0.10468520579912825
   1.6728324669875454        25.638452463983867        1.9157202634789889E-002
   1.6661786385870732        25.638452463983867        1.9893569700918521E-002
   1.8985425237564415        25.638452463983867        5.9425030180542293E-002
   1.6763342318688823        25.638452463983867        1.8847785467732411E-002
   1.6881890366977887        25.638452463983867        1.8231119395309341E-002
   1.6842998089041685        25.638452463983867        1.8358113789480320E-002
   1.6946174213232430        25.638452463983867        1.8185401211325291E-002
   1.7005933860896247        25.638452463983867        1.8324557028603170E-002
   1.6677059372904606        25.638452463983867        1.9707996984911325E-002
   1.6886103100464054        25.638452463983867        1.8221853817713542E-002
   1.7403883095409669        25.638452463983867        2.2919487717466932E-002
   1.6661786385870732        25.638452463983867        1.9893569700918521E-002
   1.8552382767093454        25.638452463983867        4.8952162651125460E-002
   1.6763342318688823        25.638452463983867        1.8847785467732411E-002
   1.6876248838255046        25.638452463983867        1.8244905217733767E-002
   1.7026638045064271        25.638452463983867        1.8412510574297651E-002
   1.5594376584905205        25.638452463983867        4.6170778668099918E-002
   1.7011921114597126        25.638452463983867        1.8347926925653603E-002
   1.6677059372904606        25.638452463983867        1.9707996984911325E-002
   1.6886103100464054        25.638452463983867        1.8221853817713542E-002
   1.6693318507256194        25.638452463983867        1.9521097933892336E-002
   1.6661786385870732        25.638452463983867        1.9893569700918521E-002
   1.7844904431398048        25.638452463983867        3.2061681413876962E-002
   1.6763342318688823        25.638452463983867        1.8847785467732411E-002
   1.6830767508546987        25.638452463983867        1.8413429368856336E-002
   1.7000937650323689        25.638452463983867        1.8306351417301133E-002
   1.6946174213232430        25.638452463983867        1.8185401211325291E-002
   1.8215550156706977        25.638452463983867        4.0798122227667773E-002
   1.6803758949252661        25.638452463983867        1.8561347480620764E-002
   1.6886103100464054        25.638452463983867        1.8221853817713542E-002
   1.6920828769145553        25.638452463983867        1.8179005089565832E-002
   1.6661786385870732        25.638452463983867        1.9893569700918521E-002
   1.7844904431398048        25.638452463983867        3.2061681413876962E-002
   1.6840330072861684        25.638452463983867        1.8369556243186699E-002
   1.6806704047118137        25.638452463983867        1.8543507274834690E-002
   1.6761385897038141        25.638452463983867        1.8863593655120268E-002
   1.6946174213232430        25.638452463983867        1.8185401211325291E-002
   1.7005933860896247        25.638452463983867        1.8324557028603170E-002
   1.6803758949252661        25.638452463983867        1.8561347480620764E-002
   1.6886103100464054        25.638452463983867        1.8221853817713542E-002
   1.6858323634965371        25.638452463983867        1.8299160011248154E-002
   1.6661786385870732        25.638452463983867        1.9893569700918521E-002
   1.7844904431398048        25.638452463983867        3.2061681413876962E-002
   1.6752183475523861        25.638452463983867        1.8940319135706950E-002
   1.6881890366977887        25.638452463983867        1.8231119395309341E-002
   1.7088494840476907        25.638452463983867        1.8791694430240230E-002
   1.6946174213232430        25.638452463983867        1.8185401211325291E-002
   1.7005933860896247        25.638452463983867        1.8324557028603170E-002
   1.6803758949252661        25.638452463983867        1.8561347480620764E-002
   1.6886103100464054        25.638452463983867        1.8221853817713542E-002
   1.6741375397470895        25.638452463983867        1.9035379883669851E-002
   1.6657365814252532        25.638452463983867        1.9949058043824113E-002
   1.6979762609871263        25.638452463983867        1.8242397280682440E-002
   1.6840330072861684        25.638452463983867        1.8369556243186699E-002
   1.6881890366977887        25.638452463983867        1.8231119395309341E-002
   1.7000937650323689        25.638452463983867        1.8306351417301133E-002
   1.7041207001067085        25.638452463983867        1.8486325244651176E-002
   1.7617646683027597        25.638452463983867        2.7065442721147095E-002
   1.6803758949252661        25.638452463983867        1.8561347480620764E-002
   1.6886103100464054        25.638452463983867        1.8221853817713542E-002
   1.6916831800687506        25.638452463983867        1.8180893014825908E-002
   1.6818328977267434        25.638452463983867        1.8477166120783282E-002
   1.6979762609871263        25.638452463983867        1.8242397280682440E-002
   1.6840330072861684        25.638452463983867        1.8369556243186699E-002
   1.6881890366977887        25.638452463983867        1.8231119395309341E-002
   1.6895344656037212        25.638452463983867        1.8204610659924039E-002
   1.6946174213232430        25.638452463983867        1.8185401211325291E-002
   1.7005933860896247        25.638452463983867        1.8324557028603170E-002
   1.6767492054156385        25.638452463983867        1.8814841690086157E-002
   1.6886103100464054        25.638452463983867        1.8221853817713542E-002
   1.7023104957917550        25.638452463983867        1.8396085282368978E-002
   1.6818328977267434        25.638452463983867        1.8477166120783282E-002
   1.6979762609871263        25.638452463983867        1.8242397280682440E-002
   1.7015955766538764        25.638452463983867        1.8364625923915589E-002
   1.6794951259310458        25.638452463983867        1.8617179235121392E-002
   1.6852593510421154        25.638452463983867        1.8319849824091759E-002
   1.6946174213232430        25.638452463983867        1.8185401211325291E-002
   1.7005933860896247        25.638452463983867        1.8324557028603170E-002
   1.6867964780518763        25.638452463983867        1.8268004582519919E-002
   1.6886103100464054        25.638452463983867        1.8221853817713542E-002
   1.6920828769145553        25.638452463983867        1.8179005089565832E-002
   1.6818328977267434        25.638452463983867        1.8477166120783282E-002
   1.6979762609871263        25.638452463983867        1.8242397280682440E-002
   1.7104730421495258        25.638452463983867        1.8918951603542036E-002
   1.6881890366977887        25.638452463983867        1.8231119395309341E-002
   1.6807805760548065        25.638452463983867        1.8536940782208099E-002
   1.6946174213232430        25.638452463983867        1.8185401211325291E-002
   1.7005933860896247        25.638452463983867        1.8324557028603170E-002
   1.6867964780518763        25.638452463983867        1.8268004582519919E-002
   1.6886103100464054        25.638452463983867        1.8221853817713542E-002
   1.6869401692141919        25.638452463983867        1.8263754521272726E-002
   1.6846244791016014        25.638452463983867        1.8344660504344634E-002
   1.7025146839732903        25.638452463983867        1.8405507345354302E-002
   1.6830591640085257        25.638452463983867        1.8414278111137165E-002
   1.7033636238755832        25.638452463983867        1.8446749863870675E-002
   1.6895344656037212        25.638452463983867        1.8204610659924039E-002
   1.6946174213232430        25.638452463983867        1.8185401211325291E-002
   1.7005933860896247        25.638452463983867        1.8324557028603170E-002
   1.6867964780518763        25.638452463983867        1.8268004582519919E-002
   1.6886103100464054        25.638452463983867        1.8221853817713542E-002
   1.6900552413876051        25.638452463983867        1.8196760227830955E-002
   1.6862322735154169        25.638452463983867        1.8285679824847502E-002
   1.6979762609871263        25.638452463983867        1.8242397280682440E-002
   1.7015955766538764        25.638452463983867        1.8364625923915589E-002
   1.6881890366977887        25.638452463983867        1.8231119395309341E-002
   1.6841531925358391        25.638452463983867        1.8364358559422568E-002
   1.6865997139754227        25.638452463983867        1.8273990124723045E-002
   1.7005933860896247        25.638452463983867        1.8324557028603170E-002
   1.6867964780518763        25.638452463983867        1.8268004582519919E-002
   1.6886103100464054        25.638452463983867        1.8221853817713542E-002
   1.6928222013604080        25.638452463983867        1.8177595951307080E-002
   1.6862322735154169        25.638452463983867        1.8285679824847502E-002
   1.6979762609871263        25.638452463983867        1.8242397280682440E-002
   1.6848514574711366        25.638452463983867        1.8335562563866894E-002
   1.6940546451531691        25.638452463983867        1.8181246408826335E-002
   1.7040806266646171        25.638452463983867        1.8484164781737103E-002
   1.6946174213232430        25.638452463983867        1.8185401211325291E-002
   1.7005933860896247        25.638452463983867        1.8324557028603170E-002
   1.6916696902874306        25.638452463983867        1.8180970543345047E-002
   1.6886103100464054        25.638452463983867        1.8221853817713542E-002
   1.6928222013604080        25.638452463983867        1.8177595951307080E-002
   1.7006767077522553        25.638452463983867        1.8327708056466271E-002
   1.6979762609871263        25.638452463983867        1.8242397280682440E-002
   1.6848514574711366        25.638452463983867        1.8335562563866894E-002
   1.6940546451531691        25.638452463983867        1.8181246408826335E-002
   1.6972018524997545        25.638452463983867        1.8224390302046305E-002
   1.6946174213232430        25.638452463983867        1.8185401211325291E-002
   1.7005933860896247        25.638452463983867        1.8324557028603170E-002
   1.6931106133777176        25.638452463983867        1.8177778661247909E-002
   1.6886103100464054        25.638452463983867        1.8221853817713542E-002
   1.6928222013604080        25.638452463983867        1.8177595951307080E-002
   1.6862322735154169        25.638452463983867        1.8285679824847502E-002
   1.6922707209945156        25.638452463983867        1.8178390913992617E-002
   1.6848514574711366        25.638452463983867        1.8335562563866894E-002
   1.6940546451531691        25.638452463983867        1.8181246408826335E-002
   1.6895344656037212        25.638452463983867        1.8204610659924039E-002
   1.6880602589574336        25.638452463983867        1.8234127383950686E-002
   1.6991078262614498        25.638452463983867        1.8273904628046150E-002
   1.6931106133777176        25.638452463983867        1.8177778661247909E-002
   1.6987969786099542        25.638452463983867        1.8264637079539150E-002
   1.6980941436364008        25.638452463983867        1.8245392343545271E-002
   1.6913351884735037        25.638452463983867        1.8183180968377382E-002
   1.7000879292797417        25.638452463983867        1.8306145757685702E-002
   1.6916535245469475        25.638452463983867        1.8181064638106745E-002
   1.6940546451531691        25.638452463983867        1.8181246408826335E-002
   1.6895344656037212        25.638452463983867        1.8204610659924039E-002
   1.6946174213232430        25.638452463983867        1.8185401211325291E-002
   1.6931864306114701        25.638452463983867        1.8177894875643287E-002
   1.6931106133777176        25.638452463983867        1.8177778661247909E-002
   1.6880163640507748        25.638452463983867        1.8235171388683632E-002
   1.6928222013604080        25.638452463983867        1.8177595951307080E-002
   1.6937665760502021        25.638452463983867        1.8179722615563786E-002
   1.6922707209945156        25.638452463983867        1.8178390913992617E-002
   1.6919032673815269        25.638452463983867        1.8179755631296021E-002
   1.6939324437535912        25.638452463983867        1.8180550117588720E-002
   1.6931495108427193        25.638452463983867        1.8177834708062755E-002
   1.6946174213232430        25.638452463983867        1.8185401211325291E-002
   1.6931864306114701        25.638452463983867        1.8177894875643287E-002
   1.6941457999725671        25.638452463983867        1.8181813671329556E-002
   1.6886103100464054        25.638452463983867        1.8221853817713542E-002
   1.6928222013604080        25.638452463983867        1.8177595951307080E-002
   1.6890743494400298        25.638452463983867        1.8212666126437838E-002
   1.6922707209945156        25.638452463983867        1.8178390913992617E-002
   1.6919032673815269        25.638452463983867        1.8179755631296021E-002
   1.6932924670278371        25.638452463983867        1.8178104967678362E-002
   1.6931495108427193        25.638452463983867        1.8177834708062755E-002
   1.6914193932318136        25.638452463983867        1.8182572329557087E-002
   1.6909007469486852        25.638452463983867        1.8186879539608802E-002
   1.6931106133777176        25.638452463983867        1.8177778661247909E-002
   1.6912621356816322        25.638452463983867        1.8183737449544244E-002
   1.6928222013604080        25.638452463983867        1.8177595951307080E-002
   1.6937665760502021        25.638452463983867        1.8179722615563786E-002
   1.6935106202417523        25.638452463983867        1.8178711639307916E-002
   1.6928941189349631        25.638452463983867        1.8177603081326293E-002
   1.6923661963563674        25.638452463983867        1.8178145654443298E-002
   1.6936552724019034        25.638452463983867        1.8179243331980684E-002
   1.6914193932318136        25.638452463983867        1.8182572329557087E-002
   1.6943420067020740        25.638452463983867        1.8183173394260038E-002
   1.6927194841712567        25.638452463983867        1.8177630105021738E-002
   1.6912621356816322        25.638452463983867        1.8183737449544244E-002
   1.6928222013604080        25.638452463983867        1.8177595951307080E-002
   1.6915137092757131        25.638452463983867        1.8181932304418988E-002
   1.6921740801447953        25.638452463983867        1.8178685088917311E-002
   1.6928941189349631        25.638452463983867        1.8177603081326293E-002
   1.6932924670278371        25.638452463983867        1.8178104967678362E-002
   1.6945955060890603        25.638452463983867        1.8185210257097947E-002
   1.6913197245354097        25.638452463983867        1.8183296575775630E-002
   1.6931864306114701        25.638452463983867        1.8177894875643287E-002
   1.6927194841712567        25.638452463983867        1.8177630105021738E-002
   1.6918005769131648        25.638452463983867        1.8180256508063566E-002
   1.6928222013604080        25.638452463983867        1.8177595951307080E-002
   1.6942632557206700        25.638452463983867        1.8182604912847924E-002
   1.6929176842276266        25.638452463983867        1.8177610953120676E-002
   1.6928861033511184        25.638452463983867        1.8177600963889453E-002
   1.6922295233546667        25.638452463983867        1.8178510629221007E-002
   1.6924849556812949        25.638452463983867        1.8177903477710998E-002
   1.6936503214580643        25.638452463983867        1.8179223433363090E-002
   1.6945690494546095        25.638452463983867        1.8184982932866321E-002
   1.6915933368710092        25.638452463983867        1.8181426271704403E-002
   1.6918005769131648        25.638452463983867        1.8180256508063566E-002
   1.6929619091713730        25.638452463983867        1.8177633130629523E-002
   1.6929820921679297        25.638452463983867        1.8177646462051250E-002
   1.6929176842276266        25.638452463983867        1.8177610953120676E-002
   1.6930698931574195        25.638452463983867        1.8177727926666276E-002
   1.6932924670278371        25.638452463983867        1.8178104967678362E-002
   1.6940688124894228        25.638452463983867        1.8181331934495292E-002
   1.6934044591576749        25.638452463983867        1.8178387090613816E-002
   1.6931864306114701        25.638452463983867        1.8177894875643287E-002
   1.6927194841712567        25.638452463983867        1.8177630105021738E-002
   1.6918005769131648        25.638452463983867        1.8180256508063566E-002
   1.6926587306055756        25.638452463983867        1.8177674815295333E-002
   1.6925789166400527        25.638452463983867        1.8177761297786855E-002
   1.6929176842276266        25.638452463983867        1.8177610953120676E-002
   1.6926722888214600        25.638452463983867        1.8177663241340108E-002
   1.6932924670278371        25.638452463983867        1.8178104967678362E-002
   1.6924893581586329        25.638452463983867        1.8177895838432510E-002
   1.6933706235622719        25.638452463983867        1.8178295350425644E-002
   1.6931864306114701        25.638452463983867        1.8177894875643287E-002
   1.6936001026320231        25.638452463983867        1.8179028365728142E-002
   1.6918005769131648        25.638452463983867        1.8180256508063566E-002
   1.6928222013604080        25.638452463983867        1.8177595951307080E-002
   1.6930689904968701        25.638452463983867        1.8177726959546569E-002
   1.6927307440678658        25.638452463983867        1.8177623809586766E-002
   1.6924012242358704        25.638452463983867        1.8178066952454643E-002
   1.6932924670278371        25.638452463983867        1.8178104967678362E-002
   1.6931495108427193        25.638452463983867        1.8177834708062755E-002
   1.6933706235622719        25.638452463983867        1.8178295350425644E-002
   1.6931864306114701        25.638452463983867        1.8177894875643287E-002
   1.6916533862557128        25.638452463983867        1.8181065448648042E-002
   1.6918005769131648        25.638452463983867        1.8180256508063566E-002
   1.6927969366592015        25.638452463983867        1.8177599533866187E-002
   1.6931776513653805        25.638452463983867        1.8177879973397287E-002
   1.6936526777865277        25.638452463983867        1.8179232888861214E-002
   1.6927684947632786        25.638452463983867        1.8177607274599977E-002
   1.6932924670278371        25.638452463983867        1.8178104967678362E-002
   1.6931495108427193        25.638452463983867        1.8177834708062755E-002
   1.6932602364282412        25.638452463983867        1.8178035258240511E-002
   1.6931864306114701        25.638452463983867        1.8177894875643287E-002
   1.6927194841712567        25.638452463983867        1.8177630105021738E-002
   1.6927576009912211        25.638452463983867        1.8177611323352175E-002
   1.6925739014724821        25.638452463983867        1.8177767787757430E-002
   1.6932178238335991        25.638452463983867        1.8177951275854660E-002
   1.6927872573066831        25.638452463983867        1.8177601676271086E-002
   1.6929477670525519        25.638452463983867        1.8177624988240083E-002
   1.6932924670278371        25.638452463983867        1.8178104967678362E-002
   1.6928500363674361        25.638452463983867        1.8177595655089380E-002
   1.6931214955767184        25.638452463983867        1.8177793588776470E-002
   1.6931263052895860        25.638452463983867        1.8177800372742432E-002
   1.6927194841712567        25.638452463983867        1.8177630105021738E-002
   1.6927576009912211        25.638452463983867        1.8177611323352175E-002
   1.6929502679495323        25.638452463983867        1.8177626356439179E-002
   1.6923918407436871        25.638452463983867        1.8178087440638618E-002
   1.6925522545998175        25.638452463983867        1.8177797226460738E-002
   1.6928861033511184        25.638452463983867        1.8177600963889453E-002
   1.6934699945410212        25.638452463983867        1.8178580899406847E-002
   1.6928500363674361        25.638452463983867        1.8177595655089380E-002
   1.6931684397825200        25.638452463983867        1.8177864746063276E-002
   1.6931263052895860        25.638452463983867        1.8177800372742432E-002
   1.6927194841712567        25.638452463983867        1.8177630105021738E-002
   1.6927576009912211        25.638452463983867        1.8177611323352175E-002
   1.6928222013604080        25.638452463983867        1.8177595951307080E-002
   1.6929820921679297        25.638452463983867        1.8177646462051250E-002
   1.6928489609859978        25.638452463983867        1.8177595595453785E-002
   1.6928861033511184        25.638452463983867        1.8177600963889453E-002
   1.6932028608944838        25.638452463983867        1.8177923787397427E-002
   1.6930296293088030        25.638452463983867        1.8177685872507624E-002
   1.6931214955767184        25.638452463983867        1.8177793588776470E-002
   1.6931263052895860        25.638452463983867        1.8177800372742432E-002
   1.6927194841712567        25.638452463983867        1.8177630105021738E-002
   1.6928461592109898        25.638452463983867        1.8177595467027203E-002
   1.6929764635273099        25.638452463983867        1.8177642541667465E-002
   1.6927432713102999        25.638452463983867        1.8177617541922975E-002
   1.6928445933863241        25.638452463983867        1.8177595412030883E-002
   1.6928861033511184        25.638452463983867        1.8177600963889453E-002
   1.6930631066280462        25.638452463983867        1.8177720278056843E-002
   1.6924615832445038        25.638452463983867        1.8177945641096083E-002
   1.6931214955767184        25.638452463983867        1.8177793588776470E-002
   1.6928114182543732        25.638452463983867        1.8177597094592376E-002
   1.6927575511462158        25.638452463983867        1.8177611343318419E-002
   1.6932138308783369        25.638452463983867        1.8177943832255145E-002
   1.6930549012386578        25.638452463983867        1.8177711333094430E-002
   1.6931113663841719        25.638452463983867        1.8177779675284403E-002
   1.6928445933863241        25.638452463983867        1.8177595412030883E-002
   1.6930751451875645        25.638452463983867        1.8177734065760461E-002
   1.6930631066280462        25.638452463983867        1.8177720278056843E-002
   1.6928649437291221        25.638452463983867        1.8177597070231845E-002
   1.6929134569814241        25.638452463983867        1.8177609339453886E-002
   1.6927776284137535        25.638452463983867        1.8177604332183496E-002
   1.6927575511462158        25.638452463983867        1.8177611343318419E-002
   1.6928563578834677        25.638452463983867        1.8177596121024719E-002
   1.6928222013604080        25.638452463983867        1.8177595951307080E-002
   1.6927432713102999        25.638452463983867        1.8177617541922975E-002
   1.6929807419232235        25.638452463983867        1.8177645570975027E-002
   1.6928610925710494        25.638452463983867        1.8177596599519400E-002
   1.6930631066280462        25.638452463983867        1.8177720278056843E-002
   1.6930396453054706        25.638452463983867        1.8177695586109432E-002
   1.6928626192132266        25.638452463983867        1.8177596777440446E-002
   1.6928581987201130        25.638452463983867        1.8177596293948082E-002
   1.6927575511462158        25.638452463983867        1.8177611343318419E-002
   1.6928461592109898        25.638452463983867        1.8177595467027203E-002
   1.6928222013604080        25.638452463983867        1.8177595951307080E-002
   1.6925999120379225        25.638452463983867        1.8177735478389183E-002
   1.6928445933863241        25.638452463983867        1.8177595412030883E-002
   1.6928610925710494        25.638452463983867        1.8177596599519400E-002
   1.6928864641612258        25.638452463983867        1.8177601114340761E-002
   1.6930165699765378        25.638452463983867        1.8177673951740803E-002
   1.6928626192132266        25.638452463983867        1.8177596777440446E-002
   1.6928581987201130        25.638452463983867        1.8177596293948082E-002
   1.6927575511462158        25.638452463983867        1.8177611343318419E-002
   1.6928461592109898        25.638452463983867        1.8177595467027203E-002
   1.6928515379949642        25.638452463983867        1.8177595747866745E-002
   1.6928450890937925        25.638452463983867        1.8177595427851773E-002
   1.6928313940385438        25.638452463983867        1.8177595430034964E-002
   1.6928610925710494        25.638452463983867        1.8177596599519400E-002
   1.6928478951819383        25.638452463983867        1.8177595542166549E-002
   1.6928500363674361        25.638452463983867        1.8177595655089380E-002
   1.6927698304286320        25.638452463983867        1.8177606818688911E-002
   1.6928581987201130        25.638452463983867        1.8177596293948082E-002
   1.6927575511462158        25.638452463983867        1.8177611343318419E-002
   1.6928461592109898        25.638452463983867        1.8177595467027203E-002
   1.6928515379949642        25.638452463983867        1.8177595747866745E-002
   1.6928450890937925        25.638452463983867        1.8177595427851773E-002
   1.6928369497254558        25.638452463983867        1.8177595317817739E-002
   1.6928494025042224        25.638452463983867        1.8177595619224454E-002
   1.6928478951819383        25.638452463983867        1.8177595542166549E-002
   1.6928500363674361        25.638452463983867        1.8177595655089380E-002
   1.6928626192132266        25.638452463983867        1.8177596777440446E-002
   1.6928581987201130        25.638452463983867        1.8177596293948082E-002
   1.6927569154205611        25.638452463983867        1.8177611597768813E-002
   1.6928461592109898        25.638452463983867        1.8177595467027203E-002
   1.6928515379949642        25.638452463983867        1.8177595747866745E-002
   1.6928450890937925        25.638452463983867        1.8177595427851773E-002
   1.6928469119484690        25.638452463983867        1.8177595497539979E-002
   1.6929320306733651        25.638452463983867        1.8177617089174813E-002
   1.6928478951819383        25.638452463983867        1.8177595542166549E-002
   1.6928500363674361        25.638452463983867        1.8177595655089380E-002
   1.6928509227820245        25.638452463983867        1.8177595708561461E-002
   1.6928581987201130        25.638452463983867        1.8177596293948082E-002
   1.6927575511462158        25.638452463983867        1.8177611343318419E-002
   1.6928461592109898        25.638452463983867        1.8177595467027203E-002
   1.6928416242905919        25.638452463983867        1.8177595340772366E-002
   1.6928450890937925        25.638452463983867        1.8177595427851773E-002
   1.6928369497254558        25.638452463983867        1.8177595317817739E-002
   1.6928492716930668        25.638452463983867        1.8177595612047709E-002
   1.6929153462082229        25.638452463983867        1.8177610049802301E-002
   1.6928414379107477        25.638452463983867        1.8177595338010243E-002
   1.6928509227820245        25.638452463983867        1.8177595708561461E-002
   1.6928581987201130        25.638452463983867        1.8177596293948082E-002
   1.6927575511462158        25.638452463983867        1.8177611343318419E-002
   1.6928393725818784        25.638452463983867        1.8177595316262143E-002
   1.6928402652060059        25.638452463983867        1.8177595323037209E-002
   1.6928502365682918        25.638452463983867        1.8177595666839831E-002
   1.6929093326819833        25.638452463983867        1.8177607849651282E-002
   1.6928492716930668        25.638452463983867        1.8177595612047709E-002
   1.6928385185112131        25.638452463983867        1.8177595313488348E-002
   1.6927589144131385        25.638452463983867        1.8177610803975383E-002
   1.6928285290691658        25.638452463983867        1.8177595547676853E-002
   1.6928461855278270        25.638452463983867        1.8177595468009150E-002
   1.6928520608356188        25.638452463983867        1.8177595782821934E-002
   1.6928393725818784        25.638452463983867        1.8177595316262143E-002
   1.6928402652060059        25.638452463983867        1.8177595323037209E-002
   1.6928327202691631        25.638452463983867        1.8177595389542736E-002
   1.6928390637809707        25.638452463983867        1.8177595314699594E-002
   1.6928492716930668        25.638452463983867        1.8177595612047709E-002
   1.6928385185112131        25.638452463983867        1.8177595313488348E-002
   1.6928299817482304        25.638452463983867        1.8177595482959084E-002
   1.6928285290691658        25.638452463983867        1.8177595547676853E-002
   1.6928436395289530        25.638452463983867        1.8177595384552558E-002
   1.6928520608356188        25.638452463983867        1.8177595782821934E-002
   1.6928393725818784        25.638452463983867        1.8177595316262143E-002
   1.6928446306108371        25.638452463983867        1.8177595413067037E-002
   1.6928327202691631        25.638452463983867        1.8177595389542736E-002
   1.6928458518742242        25.638452463983867        1.8177595455174406E-002
   1.6928492716930668        25.638452463983867        1.8177595612047709E-002
   1.6928471933213833        25.638452463983867        1.8177595509833257E-002
   1.6928307769878872        25.638452463983867        1.8177595452012148E-002
   1.6928285290691658        25.638452463983867        1.8177595547676853E-002
   1.6928327481655361        25.638452463983867        1.8177595388766978E-002
   1.6928520608356188        25.638452463983867        1.8177595782821934E-002
   1.6928393725818784        25.638452463983867        1.8177595316262143E-002
   1.6928348322823168        25.638452463983867        1.8177595342317800E-002
   1.6928326498211868        25.638452463983867        1.8177595391397933E-002
   1.6928326525565580        25.638452463983867        1.8177595391274684E-002
   1.6928492716930668        25.638452463983867        1.8177595612047709E-002
   1.6928351049535535        25.638452463983867        1.8177595337831028E-002
   1.6928384345509506        25.638452463983867        1.8177595313479032E-002
   1.6928231792595720        25.638452463983867        1.8177595875771443E-002
   1.6928436395289530        25.638452463983867        1.8177595384552558E-002
   1.6928520608356188        25.638452463983867        1.8177595782821934E-002
   1.6928393725818784        25.638452463983867        1.8177595316262143E-002
   1.6928347284768106        25.638452463983867        1.8177595344094331E-002
   1.6928327202691631        25.638452463983867        1.8177595389542736E-002
   1.6928390637809707        25.638452463983867        1.8177595314699594E-002
   1.6928496292327080        25.638452463983867        1.8177595631917735E-002
   1.6928385185112131        25.638452463983867        1.8177595313488348E-002
   1.6928384345509506        25.638452463983867        1.8177595313479032E-002
   1.6928285290691658        25.638452463983867        1.8177595547676853E-002
   1.6928436395289530        25.638452463983867        1.8177595384552558E-002
   1.6928365281494857        25.638452463983867        1.8177595320689702E-002
   1.6928393725818784        25.638452463983867        1.8177595316262143E-002
   1.6928392964339309        25.638452463983867        1.8177595315720423E-002
   1.6928450251449221        25.638452463983867        1.8177595425985019E-002
   1.6928508471499950        25.638452463983867        1.8177595703715979E-002
   1.6928394473151454        25.638452463983867        1.8177595316669404E-002
   1.6928385185112131        25.638452463983867        1.8177595313488348E-002
   1.6928304429973127        25.638452463983867        1.8177595464476792E-002
   1.6928285290691658        25.638452463983867        1.8177595547676853E-002
   1.6928436395289530        25.638452463983867        1.8177595384552558E-002
   1.6928288496701651        25.638452463983867        1.8177595532343181E-002
   1.6928332287982935        25.638452463983867        1.8177595376282454E-002
   1.6928392964339309        25.638452463983867        1.8177595315720423E-002
   1.6928434702888846        25.638452463983867        1.8177595379840296E-002
   1.6928378885669442        25.638452463983867        1.8177595313494485E-002
   1.6928423160934976        25.638452463983867        1.8177595353478262E-002
   1.6928385185112131        25.638452463983867        1.8177595313488348E-002
   1.6928384345509506        25.638452463983867        1.8177595313479032E-002
   1.6928359667483563        25.638452463983867        1.8177595326234357E-002
   1.6928436395289530        25.638452463983867        1.8177595384552558E-002
   1.6928294047594903        25.638452463983867        1.8177595507305966E-002
   1.6928393822344829        25.638452463983867        1.8177595316321845E-002
   1.6928392964339309        25.638452463983867        1.8177595315720423E-002
   1.6928361940612107        25.638452463983867        1.8177595323926314E-002
   1.6928343295574673        25.638452463983867        1.8177595351740919E-002
   1.6928394473151454        25.638452463983867        1.8177595316669404E-002
   1.6928409177069210        25.638452463983867        1.8177595330622111E-002
   1.6928358917344164        25.638452463983867        1.8177595327062659E-002
   1.6928411222480468        25.638452463983867        1.8177595333165639E-002
   1.6928365382837456        25.638452463983867        1.8177595320734555E-002
   1.6928388427786869        25.638452463983867        1.8177595314106849E-002
   1.6928393725818784        25.638452463983867        1.8177595316262143E-002
   1.6928392964339309        25.638452463983867        1.8177595315720423E-002
   1.6928368086971817        25.638452463983867        1.8177595318436046E-002
   1.6928378654397085        25.638452463983867        1.8177595313629877E-002
   1.6928394473151454        25.638452463983867        1.8177595316669404E-002
   1.6928400205196799        25.638452463983867        1.8177595320512867E-002
   1.6928384345509506        25.638452463983867        1.8177595313479032E-002
   1.6928371508348052        25.638452463983867        1.8177595316226570E-002
   1.6928365382837456        25.638452463983867        1.8177595320734555E-002
   1.6928365633004705        25.638452463983867        1.8177595320228647E-002
   1.6928393725818784        25.638452463983867        1.8177595316262143E-002
   1.6928392964339309        25.638452463983867        1.8177595315720423E-002
   1.6928368086971817        25.638452463983867        1.8177595318436046E-002
   1.6928394448135522        25.638452463983867        1.8177595316899126E-002
   1.6928394473151454        25.638452463983867        1.8177595316669404E-002
   1.6928385185112131        25.638452463983867        1.8177595313488348E-002
   1.6928377450445664        25.638452463983867        1.8177595314123510E-002
   1.6928371508348052        25.638452463983867        1.8177595316226570E-002
   1.6928398101742865        25.638452463983867        1.8177595319222885E-002
   1.6928393098976622        25.638452463983867        1.8177595315665814E-002
   1.6928371112945768        25.638452463983867        1.8177595316289197E-002
   1.6928392964339309        25.638452463983867        1.8177595315720423E-002
   1.6928397512198186        25.638452463983867        1.8177595318553254E-002
   1.6928378885669442        25.638452463983867        1.8177595313494485E-002
   1.6928394473151454        25.638452463983867        1.8177595316669404E-002
   1.6928385185112131        25.638452463983867        1.8177595313488348E-002
   1.6928384345509506        25.638452463983867        1.8177595313479032E-002
   1.6928386898331020        25.638452463983867        1.8177595313734290E-002
   1.6928372103828777        25.638452463983867        1.8177595315810740E-002
   1.6928388427786869        25.638452463983867        1.8177595314106849E-002
   1.6928389386505254        25.638452463983867        1.8177595314248510E-002
   1.6928381892923074        25.638452463983867        1.8177595313267354E-002
   1.6928368086971817        25.638452463983867        1.8177595318436046E-002
   1.6928396576900600        25.638452463983867        1.8177595318116548E-002
   1.6928387489602104        25.638452463983867        1.8177595313658739E-002
   1.6928385185112131        25.638452463983867        1.8177595313488348E-002
   1.6928384345509506        25.638452463983867        1.8177595313479032E-002
   1.6928386898331020        25.638452463983867        1.8177595313734290E-002
   1.6928372103828777        25.638452463983867        1.8177595315810740E-002
   1.6928384648388237        25.638452463983867        1.8177595313293170E-002
   1.6928389386505254        25.638452463983867        1.8177595314248510E-002
   1.6928381892923074        25.638452463983867        1.8177595313267354E-002
   1.6928368086971817        25.638452463983867        1.8177595318436046E-002
   1.6928378885669442        25.638452463983867        1.8177595313494485E-002
   1.6928380394735312        25.638452463983867        1.8177595313338721E-002
   1.6928384118397595        25.638452463983867        1.8177595313224413E-002
   1.6928384345509506        25.638452463983867        1.8177595313479032E-002
   1.6928386898331020        25.638452463983867        1.8177595313734290E-002
   1.6928376924415580        25.638452463983867        1.8177595313985405E-002
   1.6928379326881857        25.638452463983867        1.8177595313540053E-002
   1.6928399707955910        25.638452463983867        1.8177595320148648E-002
   1.6928385106408643        25.638452463983867        1.8177595313422116E-002
   1.6928368086971817        25.638452463983867        1.8177595318436046E-002
   1.6928378885669442        25.638452463983867        1.8177595313494485E-002
   1.6928380394735312        25.638452463983867        1.8177595313338721E-002
   1.6928384118397595        25.638452463983867        1.8177595313224413E-002
   1.6928379913276284        25.638452463983867        1.8177595313297018E-002
   1.6928390643155635        25.638452463983867        1.8177595314746491E-002
   1.6928389816624088        25.638452463983867        1.8177595314592336E-002
   1.6928385709254510        25.638452463983867        1.8177595313518400E-002
   1.6928395380385652        25.638452463983867        1.8177595317286514E-002
   1.6928381892923074        25.638452463983867        1.8177595313267354E-002
   1.6928368086971817        25.638452463983867        1.8177595318436046E-002
   1.6928378885669442        25.638452463983867        1.8177595313494485E-002
   1.6928380394735312        25.638452463983867        1.8177595313338721E-002
   1.6928384118397595        25.638452463983867        1.8177595313224413E-002
   1.6928391231881834        25.638452463983867        1.8177595315019106E-002
   1.6928375280651349        25.638452463983867        1.8177595314448510E-002
   1.6928376924415580        25.638452463983867        1.8177595313985405E-002
   1.6928384648388237        25.638452463983867        1.8177595313293170E-002
   1.6928393608069638        25.638452463983867        1.8177595316021190E-002
   1.6928385702160291        25.638452463983867        1.8177595313349275E-002
   1.6928368086971817        25.638452463983867        1.8177595318436046E-002
   1.6928374782464752        25.638452463983867        1.8177595314976116E-002
   1.6928380394735312        25.638452463983867        1.8177595313338721E-002
   1.6928378123531851        25.638452463983867        1.8177595313787393E-002
   1.6928384897015247        25.638452463983867        1.8177595313244019E-002
   1.6928389512419366        25.638452463983867        1.8177595314288388E-002
   1.6928388811990933        25.638452463983867        1.8177595314029026E-002
   1.6928377428043067        25.638452463983867        1.8177595313829110E-002
   1.6928389386505254        25.638452463983867        1.8177595314248510E-002
   1.6928378338241270        25.638452463983867        1.8177595313582734E-002
   1.6928376000146736        25.638452463983867        1.8177595314064914E-002
   1.6928388019055887        25.638452463983867        1.8177595314044479E-002
   1.6928380394735312        25.638452463983867        1.8177595313338721E-002
   1.6928385898777212        25.638452463983867        1.8177595313332670E-002
   1.6928384897015247        25.638452463983867        1.8177595313244019E-002
   1.6928386898331020        25.638452463983867        1.8177595313734290E-002
   1.6928383118228554        25.638452463983867        1.8177595313452803E-002
   1.6928379166443710        25.638452463983867        1.8177595313599471E-002
   1.6928389386505254        25.638452463983867        1.8177595314248510E-002
   1.6928385373170673        25.638452463983867        1.8177595313486419E-002
   1.6928376000146736        25.638452463983867        1.8177595314064914E-002
   1.6928378885669442        25.638452463983867        1.8177595313494485E-002
   1.6928387301221137        25.638452463983867        1.8177595313864790E-002
   1.6928384118397595        25.638452463983867        1.8177595313224413E-002
   1.6928386448986448        25.638452463983867        1.8177595313647651E-002
   1.6928381946444122        25.638452463983867        1.8177595313210962E-002
   1.6928385461968531        25.638452463983867        1.8177595313234849E-002
   1.6928386149817205        25.638452463983867        1.8177595313453639E-002
   1.6928389386505254        25.638452463983867        1.8177595314248510E-002
   1.6928381892923074        25.638452463983867        1.8177595313267354E-002
   1.6928376000146736        25.638452463983867        1.8177595314064914E-002
   1.6928378885669442        25.638452463983867        1.8177595313494485E-002
   1.6928380394735312        25.638452463983867        1.8177595313338721E-002
   1.6928384118397595        25.638452463983867        1.8177595313224413E-002
   1.6928388150644313        25.638452463983867        1.8177595313893426E-002
   1.6928381946444122        25.638452463983867        1.8177595313210962E-002
   1.6928385461968531        25.638452463983867        1.8177595313234849E-002
   1.6928380427220469        25.638452463983867        1.8177595313408762E-002
   1.6928389386505254        25.638452463983867        1.8177595314248510E-002
   1.6928381892923074        25.638452463983867        1.8177595313267354E-002
   1.6928376000146736        25.638452463983867        1.8177595314064914E-002
   1.6928378885669442        25.638452463983867        1.8177595313494485E-002
   1.6928380394735312        25.638452463983867        1.8177595313338721E-002
   1.6928389843776219        25.638452463983867        1.8177595314554755E-002
   1.6928387568016388        25.638452463983867        1.8177595313680701E-002
   1.6928381946444122        25.638452463983867        1.8177595313210962E-002
   1.6928381493256015        25.638452463983867        1.8177595313240653E-002
   1.6928382162034732        25.638452463983867        1.8177595313292487E-002
   1.6928389386505254        25.638452463983867        1.8177595314248510E-002
   1.6928381247644424        25.638452463983867        1.8177595313160908E-002
   1.6928376000146736        25.638452463983867        1.8177595314064914E-002
   1.6928378885669442        25.638452463983867        1.8177595313494485E-002
   1.6928380394735312        25.638452463983867        1.8177595313338721E-002
   1.6928384118397595        25.638452463983867        1.8177595313224413E-002
   1.6928384897015247        25.638452463983867        1.8177595313244019E-002
   1.6928378541445972        25.638452463983867        1.8177595313920207E-002
   1.6928385461968531        25.638452463983867        1.8177595313234849E-002
   1.6928379497056376        25.638452463983867        1.8177595313318057E-002
   1.6928389386505254        25.638452463983867        1.8177595314248510E-002
   1.6928381699607051        25.638452463983867        1.8177595313281544E-002
   1.6928376000146736        25.638452463983867        1.8177595314064914E-002
   1.6928383800886215        25.638452463983867        1.8177595313367635E-002
   1.6928380394735312        25.638452463983867        1.8177595313338721E-002
   1.6928377774159553        25.638452463983867        1.8177595313667985E-002
   1.6928383891205685        25.638452463983867        1.8177595313209418E-002
   1.6928381946444122        25.638452463983867        1.8177595313210962E-002
   1.6928385461968531        25.638452463983867        1.8177595313234849E-002
   1.6928382162034732        25.638452463983867        1.8177595313292487E-002
   1.6928389386505254        25.638452463983867        1.8177595314248510E-002
   1.6928377731973563        25.638452463983867        1.8177595313832628E-002
   1.6928376000146736        25.638452463983867        1.8177595314064914E-002
   1.6928383800886215        25.638452463983867        1.8177595313367635E-002
   1.6928380394735312        25.638452463983867        1.8177595313338721E-002
   1.6928383679870149        25.638452463983867        1.8177595313251724E-002
   1.6928383891205685        25.638452463983867        1.8177595313209418E-002
   1.6928385470526086        25.638452463983867        1.8177595313451325E-002
   1.6928379470247474        25.638452463983867        1.8177595313515628E-002
   1.6928383583756994        25.638452463983867        1.8177595313146219E-002
   1.6928389386505254        25.638452463983867        1.8177595314248510E-002
   1.6928376779149192        25.638452463983867        1.8177595314133099E-002
   1.6928390686945229        25.638452463983867        1.8177595314738868E-002
   1.6928383926903512        25.638452463983867        1.8177595313222838E-002
   1.6928380394735312        25.638452463983867        1.8177595313338721E-002
   1.6928377506378747        25.638452463983867        1.8177595314017778E-002
   1.6928385133533874        25.638452463983867        1.8177595313331695E-002
   1.6928381946444122        25.638452463983867        1.8177595313210962E-002
                          1.6928385461968531        25.638452463983867        1.8177595313234849E-002
   1.6928383583756994        25.638452463983867        1.8177595313146219E-002
   1.6928385387180700        25.638452463983867        1.8177595313552172E-002
   1.6928385132162467        25.638452463983867        1.8177595313548234E-002
   1.6928376000146736        25.638452463983867        1.8177595314064914E-002
