   8.0082055296032575        5.7545696594937805        48.470339774529208     
   1.5165424728923071        22.033776679687499        7.2801222951101190     
   1.7866636277123416        38.930710397573989        22.250874269304685     
   6.1324048459050005        36.378432684445350        67.040833239379864     
   7.0731417512219075        30.863950173985582        69.693290465379135     
   5.3204808644266617        48.937286485535083        69.787570751696776     
   4.3315021122346034        12.804075189482989        28.844781446398539     
   9.1214752161314223       0.64451935862292475        50.399181072928471     
   8.7759401598375977        3.7615942893646337        51.194970679164093     
   2.9592818131989151        33.546536130273985        33.860778121141543     
   3.6826518016776317        0.0000000000000000                            NaN
   1.5165424728923071        0.0000000000000000                            NaN
   1.7866636277123416        9.1883052144929778        2.7638549700285839     
   7.7738506723100667        41.479532723279064        84.731513508727971     
   7.0731417512219075        18.934646606664835        57.614058132715634     
   5.3204808644266617        39.127698745721418        62.201335215923272     
   0.0000000000000000        12.804075189482989                            NaN
   6.5331005216305638        39.056265053448229        72.699407899252762     
   8.7759401598375977        3.7615942893646337        51.194970679164093     
   3.2087583169025420        24.342338242956941        29.327160173333127     
   1.2622906999216352        19.608916437972887        2.0371911362805188     
   5.6165099491261250        0.0000000000000000                            NaN
   1.7866636277123416        11.035154465108532        2.7209808374229945     
   6.1324048459050005        36.378432684445350        67.040833239379864     
   7.0731417512219075        2.3047228720345387        37.513761526676085     
  0.47298993128664724        0.0000000000000000                            NaN
   4.3315021122346034        7.1188872369056089        22.242494794805769     
   9.1214752161314223        32.832652174381622        86.652935685869082     
   8.7759401598375977        3.7615942893646337        51.194970679164093     
   3.2087583169025420        0.0000000000000000                            NaN
   1.2622906999216352        38.567171545440104        13.649445489330688     
   2.2938204408252618        22.033776679687499        17.229362386326894     
   0.0000000000000000        17.322901794921869                            NaN
   1.9699669030189053        36.378432684445350        23.317257140133776     
   7.0731417512219075        0.0000000000000000                            NaN
   5.3204808644266617        41.911547698728455        64.424520479330582     
   4.3315021122346034        0.0000000000000000                            NaN
   9.1214752161314223        0.0000000000000000                            NaN
   8.1489216182628681        13.427182380899126        59.030376216795958     
   7.7509868106148865        24.342338242956941        68.351816117329037     
   0.0000000000000000        19.608916437972887                            NaN
   1.5165424728923071        22.033776679687499        7.2801222951101190     
   1.7866636277123416        11.035154465108532        2.7209808374229945     
   1.9699669030189053        42.352008092289260        26.987875871599737     
   10.000000000000000        0.0000000000000000                            NaN
   5.3204808644266617        39.127698745721418        62.201335215923272     
   4.3315021122346034        0.0000000000000000                            NaN
   10.000000000000000        13.615872404119372        71.564063832944498     
   8.7759401598375977        6.5636288571313379        54.738198897215590     
   2.7286969142175006        24.342338242956941        24.115862845473298     
   1.2622906999216352        19.608916437972887        2.0371911362805188     
  0.53933315337979260        22.033776679687499        9.3455777888500098     
   1.7866636277123416        11.035154465108532        2.7209808374229945     
   0.0000000000000000        36.378432684445350                            NaN
   7.0731417512219075        2.3047228720345387        37.513761526676085     
   4.7926047720912264        0.0000000000000000                            NaN
   4.3315021122346034        7.1188872369056089        22.242494794805769     
   9.1214752161314223        1.5380957876854424        51.048391711265204     
   1.8058840151321136        3.7615942893646337        8.0283313435625008     
   2.0053166959913917        33.595497743125101        22.002130800337952     
   1.2622906999216352        7.6770048837473741        8.9215827991028007     
   1.5165424728923071        32.138570921824552        14.036065339697734     
   1.7866636277123416        30.652843044538720        17.028079849431375     
   1.2185980602510122        36.378432684445350        11.687597148455161     
   7.0731417512219075        3.0593360543657067        38.419704443882267     
   5.3204808644266617        39.127698745721418        62.201335215923272     
   0.0000000000000000        21.017313945971708                            NaN
   9.1214752161314223       0.64451935862292475        50.399181072928471     
   1.8058840151321136        5.6695015054582987        5.6374057559248589     
   2.0053166959913917        33.595497743125101        22.002130800337952     
   1.2622906999216352        16.475902655410550        1.4027357571421686     
   1.5165424728923071        22.033776679687499        7.2801222951101190     
   1.7866636277123416        11.035154465108532        2.7209808374229945     
   5.4661634793881158        36.378432684445350        61.252014211155966     
   7.0731417512219075        19.694838193735812        58.438697711666777     
   5.3204808644266617        0.0000000000000000                            NaN
   2.5894429398888463        14.542992426469956        13.985334267742493     
   9.1214752161314223        28.713022468874293        82.551059776447033     
   1.1824738255485228        14.499938062831163        3.6137504382344519     
   2.0053166959913917        33.595497743125101        22.002130800337952     
   1.2622906999216352        16.475902655410550        1.4027357571421686     
   7.8121300493223131        0.0000000000000000                            NaN
   1.7866636277123416        11.035154465108532        2.7209808374229945     
   1.2185980602510122        36.378432684445350        11.687597148455161     
   7.0731417512219075       0.98741359663601047        36.166680606652932     
   8.2044938198230728        39.127698745721418        85.927937512547146     
   0.0000000000000000        24.536698297683408                            NaN
   9.1214752161314223       0.64451935862292475        50.399181072928471     
   1.1824738255485228        0.0000000000000000                            NaN
   0.0000000000000000        44.461854282469069                            NaN
   1.6533100784009029        16.475902655410550        4.9297740451685597     
   1.5165424728923071        22.033776679687499        7.2801222951101190     
   1.7866636277123416        11.035154465108532        2.7209808374229945     
   1.2185980602510122        36.378432684445350        11.687597148455161     
   7.0731417512219075       0.98741359663601047        36.166680606652932     
   5.3204808644266617        39.127698745721418        62.201335215923272     
   2.5894429398888463        14.542992426469956        13.985334267742493     
   9.1214752161314223       0.64451935862292475        50.399181072928471     
   1.1824738255485228        14.499938062831163        3.6137504382344519     
   6.6888723997059660        5.2808565450337532        38.441197071429123     
   1.2622906999216352        5.6658830824544282        11.202338452617596     
   1.5165424728923071        22.033776679687499        7.2801222951101190     
   0.0000000000000000        0.0000000000000000                            NaN
   1.2185980602510122        4.3317159852251681        13.381851843019982     
   4.0665126651018291       0.98741359663601047        12.871983325624335     
   1.4034620757186731        39.127698745721418        16.355364477985578     
   1.4719494468837848        34.473586145355839        14.771093646677894     
   1.2296379691402257        27.537263875472945        6.6728932606088032     
   1.1824738255485228        14.499938062831163        3.6137504382344519     
   2.0053166959913917        33.595497743125101        22.002130800337952     
   1.2622906999216352        24.514095350188569        5.2525975251164922     
   1.0426994418018363        21.095810747042425       0.89343826364361956     
   1.3957124276856692        34.384796713070088        13.505735221457053     
   1.2185980602510122        36.378432684445350        11.687597148455161     
  0.51351725045416075       0.98741359663601047        27.319592749835603     
   1.4034620757186731        18.941566687682428        3.5049271988148414     
  0.68476099029915816        18.626741475156834        8.4325083262691525     
   1.2296379691402257        19.714285073186304        1.6727409043212147     
   1.1824738255485228        5.9688509533782117        11.794554212998040     
   1.7728007048374030        33.595497743125101        18.747699375056172     
   1.2622906999216352        24.620929219953158        5.3225405204495395     
   1.0426994418018363        21.095810747042425       0.89343826364361956     
   1.7866636277123416        11.245303410770426        2.8005379546105513     
   1.2185980602510122        34.938078890296268        10.882204768566954     
   0.0000000000000000       0.98741359663601047                            NaN
   1.1450476033769423        24.881437812462678        3.6389342161488281     
  0.68476099029915816        6.2902488191230450        18.146568934591524     
   1.2296379691402257        3.3455674920235126        14.590616609144188     
   1.1824738255485228        21.886943307835914        2.3217202960552092     
   1.7728007048374030        37.536005219970846        21.202690514423491     
  0.60027490233852454        16.475902655410550        11.432698500433546     
  0.58067567410385457        22.816481802839451        8.0139651877253222     
   1.0457180989450785        22.282873896868608       0.68062652443550109     
   1.6475054798275364        13.805483562421738        2.9415494602461245     
   4.0665126651018291       0.98741359663601047        12.871983325624335     
   1.4034620757186731        18.941566687682428        3.5049271988148414     
   0.0000000000000000        18.626741475156834                            NaN
   1.2296379691402257        19.714285073186304        1.6727409043212147     
   1.1824738255485228        21.886943307835914        2.3217202960552092     
   3.3899211562757290        33.595497743125101        38.706735011679669     
   1.2622906999216352        16.475902655410550        1.4027357571421686     
   1.0426994418018363        0.0000000000000000                            NaN
   1.2213911054409177        22.282873896868608        3.1611219696535380     
   1.6475054798275364        13.805483562421738        2.9415494602461245     
   3.4007936366966360       0.98741359663601047        8.0385091345518553     
   1.6266310419111871        18.941566687682428        6.4813034109608791     
  0.71321556306200917        18.626741475156834        7.9035890322703830     
  0.62095314975550475        19.714285073186304        8.9868032129342410     
   1.1824738255485228        21.886943307835914        2.3217202960552092     
   1.7728007048374030        33.595497743125101        18.747699375056172     
   1.2622906999216352        24.004034692324417        4.9175156314487971     
   1.0426994418018363        15.381095788107881        4.8312691274422734     
   1.0457180989450785        39.002497665828528        9.9506319248134556     
   1.6475054798275364        0.0000000000000000                            NaN
   2.3203397213217323        28.145927434385918        22.272462619417226     
   1.4034620757186731        18.941566687682428        3.5049271988148414     
  0.71321556306200917        18.883251196731198        7.7377344536457606     
  0.82716996056652792        24.011174332872059        2.4522350448837780     
   1.1824738255485228        20.413852548357067        1.4491791417019064     
   1.5767313820581113        28.418993235250557        12.545231042988954     
   1.2622906999216352        15.866997799756307        1.7164137902945253     
   1.0426994418018363        27.165433720404849        3.3350709176340994     
   1.0457180989450785        10.592066158605553        8.8085086839925602     
   1.8048487936424853        13.805483562421738        4.6481425414414543     
   3.4007936366966360       0.98741359663601047        8.0385091345518553     
   1.6181239534426286        18.941566687682428        6.3698871352936663     
  0.67029709034540164        21.058245599117786        7.1988134310736216     
   1.1290084600248749        23.378251522722522        2.4374395505258777     
   0.0000000000000000        33.178367129424551                            NaN
   1.5767313820581113        12.875365004545532        2.0135048934325916     
   1.2622906999216352        16.475902655410550        1.4027357571421686     
   1.0426994418018363        21.095810747042425       0.89343826364361956     
   1.1575376059424276        22.282873896868608        2.1947958815622495     
   1.6475054798275364        13.805483562421738        2.9415494602461245     
   3.4007936366966360       0.98741359663601047        8.0385091345518553     
   1.4034620757186731        18.941566687682428        3.5049271988148414     
  0.81408928621742183        22.599085581769685        3.5492025639500024     
   1.0344489079259771        20.905428630070968        1.0818819636207588     
   0.0000000000000000        34.212810745518617                            NaN
   1.3534434298750584        18.785386391065440        2.7286095101896222     
   1.2292594075627952        16.475902655410550        1.6405329768047869     
   1.4777749990044697        21.095810747042425        6.0652830875488775     
   1.2220057963119229        22.282873896868608        3.1703979663809747     
   1.6475054798275364        34.604050282182158        17.542544009300702     
   3.4007936366966360       0.98741359663601047        8.0385091345518553     
   1.4034620757186731        18.601310842026042        3.2695119412421545     
  0.81408928621742183        22.599085581769685        3.5492025639500024     
  0.86585572658361998        26.121201269161965       0.53576480054354814     
   1.1897170758094380        20.413852548357067        1.5427192422291147     
   1.5767313820581113        12.875365004545532        2.0135048934325916     
   1.2622906999216352        7.4434177869912581        9.1739857766709960     
   1.0426994418018363        20.782831236686793        1.0546818328808130     
   1.0457180989450785        21.068828314632125       0.87807732716346898     
   2.2152105611032327        8.3308907226355178        4.5415577635474209     
   2.9702356104903114       0.98741359663601047        6.1198009341912254     
   1.4034620757186731        24.134768841099334        7.1276025315333511     
  0.81408928621742183        22.599085581769685        3.5492025639500024     
   0.0000000000000000        26.121201269161965                            NaN
   1.5695867608716574        20.413852548357067        6.8280823004607223     
   1.5767313820581113        22.269730184283045        8.2852258652806920     
   1.2622906999216352        16.475902655410550        1.4027357571421686     
   2.5121968326911279        7.0702312109695562        6.0739602501464880     
  0.72039592240767625        22.282873896868608        5.4911789322666076     
   1.5098039613546632        17.654092235009713        3.9942671819005002     
   2.9702356104903114       0.98741359663601047        6.1198009341912254     
  0.71146735346258128        18.601310842026042        7.9522889162941306     
   1.4606408291980937        22.599085581769685        6.8930996286437898     
   1.0426463267197403        24.671167904097146        1.8366807008786976     
