   150.00000000000000        2.5000000000000001E-002   6.8229153361581668E-002   9.3042639418847203E-002  0.16081339331214139     
   150.00000000000000       0.70999999999999996       0.26735562093372683       0.34112653835348355       0.60164496498491360     
   395.00000000000000        2.5000000000000001E-002  0.26873417459440774       0.35970245790575528       0.60279244805589460     
   395.00000000000000       0.70999999999999996       0.18337836270367416       0.23471024278241950       0.45128486627629982     
   395.00000000000000        1.0000000000000000       0.19284818862936559       0.23661365723899072       0.45246633447133888     
   395.00000000000000        2.0000000000000000       0.21520047607648948       0.26931825283722138       0.57479203224433562     
   395.00000000000000        5.0000000000000000       0.30617935508237176       0.35404241764841338       0.66463666058155013     
   395.00000000000000        7.0000000000000000       0.42463535147659193       0.49013506684518043       0.93065123119955828     
   395.00000000000000        10.000000000000000       0.90311086662073436       0.98307439055879853        1.4839708009635757     
   640.00000000000000        2.5000000000000001E-002  0.42819219362189742       0.54904438539495037       0.87458670284304407     
   640.00000000000000       0.70999999999999996       0.15439892279441328       0.19294982420572254       0.39820734445788908     
   1020.0000000000000       0.70999999999999996       0.11798601938798639       0.15180297674168952       0.36950134381396182     
