   150.00000000000000        2.5000000000000001E-002   6.3678587179251914E-002   8.7282082181297807E-002  0.15187144453171841     
   150.00000000000000       0.70999999999999996       0.18236399845709203       0.23839065575416898       0.57544888982018350     
   395.00000000000000        2.5000000000000001E-002  0.26921910781305541       0.36009634680973851       0.60295544645887755     
   395.00000000000000       0.70999999999999996       0.18116122151706096       0.23639035432666675       0.47659668192359561     
   395.00000000000000        1.0000000000000000       0.17981176834725657       0.23013017813075823       0.48165666162090126     
   395.00000000000000        2.0000000000000000       0.21101925834669177       0.28312099640349375       0.66486711225414297     
   395.00000000000000        5.0000000000000000       0.25629200600358093       0.32060709054565090       0.70163991847954321     
   395.00000000000000        7.0000000000000000       0.30738921914249057       0.36185367397934931       0.85880890533118404     
   395.00000000000000        10.000000000000000       0.59190590799100329       0.68353996471400180        1.3102060744182822     
   640.00000000000000        2.5000000000000001E-002  0.43017060814579605       0.55073573187043379       0.87582083686859313     
   640.00000000000000       0.70999999999999996       0.14499363469912668       0.20886431402313035       0.50655825016188238     
   1020.0000000000000       0.70999999999999996       0.13585082093874085       0.19084137861175507       0.48728276304596108     
