   150.00000000000000        2.5000000000000001E-002   7.3377722754913388E-002  0.10218580027539260       0.18283744200924601     
   150.00000000000000       0.70999999999999996        7.8177382129751241E-002   9.1972721496991983E-002  0.18434276134252947     
   395.00000000000000        2.5000000000000001E-002  0.31981573217883158       0.43421945592279204       0.74400236630297378     
   395.00000000000000       0.70999999999999996        4.1293448027413297E-002   4.9956689792771916E-002  0.10925130955190987     
   395.00000000000000        1.0000000000000000       0.14804866053370119       0.16493793379222355       0.26645366138728122     
   395.00000000000000        2.0000000000000000       0.55965349057219693       0.58507039729683818       0.71901624902864469     
   395.00000000000000        5.0000000000000000        1.9370243161603278        1.9992578799383494        2.2302671605568776     
   395.00000000000000        7.0000000000000000        2.8656734781777402        2.9500251063396190        3.2320400114153713     
   395.00000000000000        10.000000000000000        4.4596011812518759        4.5861808497956087        4.9578142047099618     
   640.00000000000000        2.5000000000000001E-002  0.49480889577503750       0.64000351089321716        1.0342757923536237     
   640.00000000000000       0.70999999999999996        5.0434343951689622E-002   6.1597645754372113E-002  0.15308037924975793     
   1020.0000000000000       0.70999999999999996        5.5938235446835273E-002   7.6314587984010251E-002  0.22511160763765048     
