   150.00000000000000        2.5000000000000001E-002   6.3241757222235753E-002   8.6675016773500604E-002  0.15077088979170350     
   150.00000000000000       0.70999999999999996       0.16957494264635922       0.21254553105270393       0.40418373576804179     
   395.00000000000000        2.5000000000000001E-002  0.25902239726923265       0.34628989446161662       0.57880460845762993     
   395.00000000000000       0.70999999999999996       0.17596023516973783       0.23383758167243218       0.49102966331442133     
   395.00000000000000        1.0000000000000000       0.16674972816081216       0.22477328803445076       0.51075887480755533     
   395.00000000000000        2.0000000000000000       0.25369168733175190       0.33315843439443171       0.74378539113849840     
   395.00000000000000        5.0000000000000000       0.38183002842049002       0.46331796163130673       0.93086462147656590     
   395.00000000000000        7.0000000000000000       0.38155279686923138       0.46949482811180854       0.93522860513013484     
   395.00000000000000        10.000000000000000       0.25607033206055946       0.33414872038049481        1.1814393157605281     
   640.00000000000000        2.5000000000000001E-002  0.40194353850563652       0.51408032184726704       0.81470913618052343     
   640.00000000000000       0.70999999999999996       0.14644284788562126       0.20535982994288096       0.48831557694026628     
   1020.0000000000000       0.70999999999999996       0.11575087909791161       0.17511287219808125       0.45705335771773647     
