   150.00000000000000        2.5000000000000001E-002   6.3882169491902327E-002   8.7012727270119522E-002  0.14989444758064185     
   150.00000000000000       0.70999999999999996       0.20972865804640992       0.26353089923727502       0.47499667900128273     
   395.00000000000000        2.5000000000000001E-002  0.27376307829543950       0.36651263746361479       0.61470535342888732     
   395.00000000000000       0.70999999999999996       0.16674650738303695       0.22280845423930884       0.47157768209724615     
   395.00000000000000        1.0000000000000000       0.15941110150622800       0.21188156566099278       0.47206486259452696     
   395.00000000000000        2.0000000000000000       0.19629014453816204       0.26766421082843395       0.63917096266389706     
   395.00000000000000        5.0000000000000000       0.23860408911567429       0.29571891918800103       0.62942321035764337     
   395.00000000000000        7.0000000000000000       0.30817323900052002       0.35986611199833141       0.89883946294387940     
   395.00000000000000        10.000000000000000       0.67107498828208123       0.75607994242048215        1.3776104206993480     
   640.00000000000000        2.5000000000000001E-002  0.43760928354113632       0.56127408846933313       0.89497162421614096     
   640.00000000000000       0.70999999999999996       0.11836012411307549       0.17422599850830081       0.43279021232125814     
   1020.0000000000000       0.70999999999999996        8.9877069026265771E-002  0.14156665243802777       0.38769988793567123     
