   150.00000000000000        2.5000000000000001E-002  0.60612307666495424       0.80270760328566704        1.4013628776471942     
   150.00000000000000       0.70999999999999996        5.7382143658002441E-002   7.5809565460946082E-002  0.18707364387561398     
   395.00000000000000        2.5000000000000001E-002   1.6077229306363663        2.0723499232234133        3.4902229492257133     
   395.00000000000000       0.70999999999999996        4.5149060123918172E-002   5.4139299818564052E-002  0.10153742404193089     
   395.00000000000000        1.0000000000000000        2.8569820671706556        3.1623020604511280        4.3018831751829012     
   395.00000000000000        2.0000000000000000        14.519288194948974        15.985446596900307        21.343300449006339     
   395.00000000000000        5.0000000000000000        59.453971301276951        64.992058421263849        85.520004868031052     
   395.00000000000000        7.0000000000000000        96.423954125249480        105.31166481941028        138.46174579523210     
   395.00000000000000        10.000000000000000        163.69477569799980        178.93306972388561        236.06649474910699     
   640.00000000000000        2.5000000000000001E-002   2.4206611955772201        3.0035808326428302        4.8316999666072915     
   640.00000000000000       0.70999999999999996        5.0947848942014422E-002   7.2104694985153386E-002  0.21164601993409704     
   1020.0000000000000       0.70999999999999996        6.1035091451854040E-002   7.3841721164061028E-002  0.15120277188045428     
