   150.00000000000000        2.5000000000000001E-002   9.6400285424838583E-002  0.13202855945670566       0.23138883390167542     
   150.00000000000000       0.70999999999999996        1.2207353553206712        1.4241464543408329        1.8639085412136538     
   395.00000000000000        2.5000000000000001E-002  0.39211541517007859       0.52621340366352931       0.89454939531726296     
   395.00000000000000       0.70999999999999996        1.3843428541087259        1.5582211962093893        2.0356630355966789     
   395.00000000000000        1.0000000000000000        1.7572759728607943        1.8990073647196342        2.3344367327301576     
   395.00000000000000        2.0000000000000000        2.4368026625279930        2.6018103365060012        3.0882345153560244     
   395.00000000000000        5.0000000000000000        3.5555919511445637        3.7571404281900920        4.2928489705640160     
   395.00000000000000        7.0000000000000000        4.0282482901388388        4.2461736948584798        4.8002705265068357     
   395.00000000000000        10.000000000000000        4.3364535854168968        4.5568094692599592        5.1170460405504699     
   640.00000000000000        2.5000000000000001E-002  0.65346178199433902       0.84051462169531888        1.3622923782068712     
   640.00000000000000       0.70999999999999996        1.6252776754236820        1.7958773539662556        2.3591522170081713     
   1020.0000000000000       0.70999999999999996        1.8716496492671266        2.0416514204729705        2.6950244581231360     
