   150.00000000000000        2.5000000000000001E-002   7.2970146460457783E-002  0.10334739334187459       0.18927591488151396     
   150.00000000000000       0.70999999999999996        5.7383036965884891E-002   7.5810488571337514E-002  0.18707404145782469     
   395.00000000000000        2.5000000000000001E-002  0.31188838374316613       0.42436749653013134       0.72903208599048863     
   395.00000000000000       0.70999999999999996        4.5149224076187544E-002   5.4139840212844792E-002  0.10154150346816770     
   395.00000000000000        1.0000000000000000       0.14760821421822012       0.16811512937444931       0.28777771555734333     
   395.00000000000000        2.0000000000000000       0.53531133290853705       0.55908981794894275       0.71339846544157126     
   395.00000000000000        5.0000000000000000        1.8559529084480006        1.9128647829181493        2.1150391987428634     
   395.00000000000000        7.0000000000000000        2.7514813400189255        2.8294236094371117        3.0522294844917894     
   395.00000000000000        10.000000000000000        4.2984038228025074        4.4167494223603061        4.7097902881191089     
   640.00000000000000        2.5000000000000001E-002  0.46266623499090870       0.59758402921730192       0.96259143525457525     
   640.00000000000000       0.70999999999999996        5.0947049777032884E-002   7.2103285112746621E-002  0.21164277758686900     
   1020.0000000000000       0.70999999999999996        6.1035641824181412E-002   7.3842899703425086E-002  0.15119896119961496     
