   9.2511657485291394        23.617383424619138        28.896799620781284     
   3.2570921625831062        45.290590714083997        15.341830457846832     
  0.62124754626027068        35.772789639361527        1.1180881021085123     
   4.6490348353838842        34.735672106812046        18.902877538074414     
   1.2913842947313514        17.916619037223430        1.6442806250752711     
   4.3038002915473283        1.2589855988377752        13.149773998074554     
   2.5672730972449918        26.656080871629712        9.6824078998084779     
   4.8316672446163906        44.350258165393377        20.876479867315986     
   5.6036267911658761        49.296946693942637        23.894409115178011     
   1.6868655463742332        31.824519178380733        5.9341544523136420     
   8.9726994754855482        29.110163940643549        29.093859003290177     
   0.0000000000000000        20.973533905186560                            NaN
   1.6611087459551090        50.000000000000000        8.1021626170279397     
   2.8608096847172573       0.18645329364907326        7.3345519166405984     
   1.2913842947313514        37.170752755564543        4.2069960202308021     
   1.0507621043119935        26.916097872731871        1.2654362000291255     
   2.5672730972449918        26.656080871629712        9.6824078998084779     
   4.7731435274806717        44.350258165393377        20.689637617246451     
   5.6036267911658761        49.296946693942637        23.894409115178011     
   1.6868655463742332        31.824519178380733        5.9341544523136420     
  0.45560812436095155        22.507839125945921        4.1711269764265513     
   3.2570921625831062        45.290590714083997        15.341830457846832     
  0.62124754626027068        49.928131474372464       0.40798366850763701     
   2.8608096847172573        18.660317286236683        9.7580937002031192     
   1.2913842947313514        17.916619037223430        1.6442806250752711     
   1.0507621043119935        26.916097872731871        1.2654362000291255     
   2.5672730972449918        50.000000000000000        12.928477633152683     
   3.1774544533341302        44.350258165393377        14.884792058748390     
   5.6036267911658761        32.816769125872831        21.538909694133846     
   1.6868655463742332        41.918552880056311        7.2646916140972460     
  0.58967872175580138        22.507839125945921        2.9366961724231415     
   3.2570921625831062        45.290590714083997        15.341830457846832     
   0.0000000000000000        41.680987474430935                            NaN
   4.5410839717190310        14.601968712309086        15.503199439518067     
   1.2913842947313514        44.322175969940702        5.0739858998998946     
  0.53783659981413801        26.916097872731871        2.8705203017177117     
   3.8044966926076649        26.656080871629712        14.762237360846390     
   2.4490684420319293        48.537509829973970        12.172692283452513     
   5.6036267911658761        7.3686176859273047        17.908573252652655     
   1.1249803009570278        31.824519178380733        2.4070750992627650     
  0.58967872175580138        42.315093626968014       0.76706712252004317     
   3.2570921625831062        45.290590714083997        15.341830457846832     
  0.62124754626027068        49.928131474372464       0.40798366850763701     
   0.0000000000000000        8.1984695991121512                            NaN
   2.5941000447741582        47.938978543544486        12.788786771789992     
   1.0507621043119935        27.383545537870091        1.3245810340724473     
   1.0676753728514776        50.000000000000000        4.1192998842683135     
   3.1415934998910977        48.537509829973970        15.299906706277827     
   2.2639579977286508        50.000000000000000        11.437085070058119     
   0.0000000000000000        42.918788991353665                            NaN
  0.58967872175580138        42.315093626968014       0.76706712252004317     
   3.2570921625831062        48.316119117077186        15.750484375622683     
  0.62124754626027068        44.950198511967699       0.28438737036753753     
  0.89137689740319237       0.18645329364907326        4.2858516459545353     
   1.2913842947313514        17.916619037223430        1.6442806250752711     
   0.0000000000000000        26.916097872731871                            NaN
   2.4876503315486627        50.000000000000000        12.547161389420456     
   2.4490684420319293        48.537509829973970        12.172692283452513     
   2.2639579977286508        50.000000000000000        11.437085070058119     
   1.1249803009570278        24.943738607843112        1.5180153530779390     
   0.0000000000000000        42.315093626968014                            NaN
   3.2570921625831062        45.290590714083997        15.341830457846832     
  0.37988900574235784        44.950198511967699        2.7729190943416233     
  0.89137689740319237       0.18645329364907326        4.2858516459545353     
  0.53075148528357707        17.916619037223430        4.0557509549071007     
  0.49974134766312006        26.916097872731871        3.2319153441379425     
   1.0676753728514776        48.316365422003486        3.9367450291115640     
   1.0784277847394830        19.829519344285039       0.63443033803440707     
   1.2742711414080574        50.000000000000000        5.6093979485150607     
   2.8318515944683149        24.943738607843112        10.606007550287185     
  0.58967872175580138        20.250235911764321        3.2294455011058614     
   3.2570921625831062        50.000000000000000        15.974583922793153     
  0.62124754626027068        23.051021170479245        2.5943459889515723     
  0.89137689740319237        27.195488097911714       0.22563634344338118     
   1.4759722186316870        17.916619037223430        2.7323792639962163     
  0.50440999290136079        45.772322108970258        1.3066379568481912     
   1.0676753728514776        48.316365422003486        3.9367450291115640     
   1.2590246340499454        19.829519344285039        1.7019795310958492     
   1.3108017320129368        12.800374906829923        1.1631507213321188     
  0.62071623527699282        24.943738607843112        2.3609532935734978     
  0.58967872175580138        42.315093626968014       0.76706712252004317     
   3.2570921625831062        50.000000000000000        15.974583922793153     
  0.62124754626027068        32.670633122095801        1.4529059224673726     
   1.2571210881865622        7.0989447637655836        1.1974775141884260     
   1.2913842947313514        37.961610897794024        4.3054446238613009     
   1.3231321274220911        14.766052663610703        1.4304471059306529     
   1.0676753728514776        49.426223809676287        4.0573643554687555     
   1.0784277847394830        5.5910008436723544        2.2062517075507078     
   1.3108017320129368        12.800374906829923        1.1631507213321188     
   1.3190895176927813        14.790926120778371        1.4113414994985334     
   0.0000000000000000        42.315093626968014                            NaN
   3.2570921625831062        45.290590714083997        15.341830457846832     
   1.1632100253779090        21.253988223099476        1.2908582162208913     
  0.50037764701624710        45.183947524058098        1.4002306206073805     
  0.84253478105801383        17.916619037223430        1.5789006220705721     
  0.97079408012891710        24.594573573934696       0.45728455055998873     
   1.0676753728514776        48.316365422003486        3.9367450291115640     
   1.0784277847394830        27.242480705067219        1.4985947407419669     
   1.3108017320129368        12.800374906829923        1.1631507213321188     
   1.3190895176927813        14.790926120778371        1.4113414994985334     
  0.58967872175580138        42.315093626968014       0.76706712252004317     
   1.0146040167881296        28.051175137200460        1.1541012782016609     
   1.2129000956968436        32.229545038638840        3.0581672825275321     
  0.89137689740319237        27.195488097911714       0.22563634344338118     
  0.91019167048928584        17.916619037223430        1.1216427281249384     
   0.0000000000000000        24.594573573934696                            NaN
  0.60973120154564509        48.316365422003486       0.26782214666877879     
   1.0784277847394830        19.829519344285039       0.63443033803440707     
   1.0102157022004816        23.216627152249707       0.56085726379829837     
   1.3290185668180146        14.790926120778371        1.4655766012057883     
   1.0765295008629638        42.315093626968014        3.3299966606674172     
   1.0146040167881296        22.282181593656723       0.50414742735870877     
  0.62124754626027068        44.950198511967699       0.28438737036753753     
  0.89137689740319237        41.399256429156502        1.8122045424391349     
  0.56087073257315145        17.916619037223430        3.7919265466345942     
  0.97079408012891710        29.703385389559664        1.0429723899339487     
  0.60973120154564509        31.045321293536020        1.7384354394026409     
   1.0784277847394830        30.925151949233573        1.9680090250932092     
   1.0102157022004816        8.9882622506380514        1.9659389170447041     
   1.3190895176927813        14.790926120778371        1.4113414994985334     
   5.4701166615349850E-002   50.000000000000000        8.0940553731291427     
   1.0146040167881296        24.661522182910584       0.74229826159895074     
  0.62124754626027068        44.567382837524363       0.30570834445202610     
  0.89137689740319237        42.474261277686360        1.9311500173903049     
   1.4664378860292779        0.0000000000000000                            NaN
   1.0608182795469920        24.594573573934696        1.0431652389895281     
  0.60973120154564509        21.720715420481987        2.8643932989246332     
   1.0898096552958256        19.829519344285039       0.69227518634280427     
   1.0102157022004816        23.216627152249707       0.56085726379829837     
   1.3190895176927813        14.790926120778371        1.4113414994985334     
  0.92143304618723043        42.315093626968014        2.1521191368527499     
   1.0146040167881296        22.282181593656723       0.50414742735870877     
  0.69792081284824825        37.823329362532810       0.22731254459091407     
  0.89137689740319237        24.012399341382107       0.40634562967862875     
  0.56555276629877316        36.260187700448306        1.5910293211668476     
  0.97079408012891710        24.594573573934696       0.45728455055998873     
  0.60973120154564509        48.316365422003486       0.26782214666877879     
  0.88207431115680346        19.829519344285039        1.0261091997134446     
   1.2952229172532106        23.216627152249707        2.3892321286853542     
   1.3190895176927813        18.991110704233851        1.9544907668086531     
   1.1756466938591354        42.315093626968014        4.0411128700725092     
  0.59502977602982310        22.282181593656723        2.9188515175299923     
  0.69792081284824825        37.823329362532810       0.22731254459091407     
  0.57098929687932309        27.195488097911714        2.5321012768698257     
  0.91019167048928584        12.227611857002524        2.0213346739902920     
  0.97079408012891710        36.858387109093925        1.9081060125934319     
  0.85527500191510808        32.586527557580155       0.51474972843256317     
   1.0784277847394830        32.012780971090251        2.1049097682559497     
  0.60629931383621227        28.288471254720250        2.0854991029999601     
   1.3190895176927813        14.790926120778371        1.4113414994985334     
  0.58967872175580138        12.660371846722796        4.3137917920608793     
   1.2675227046827551        22.282181593656723        2.0868442861924263     
  0.69792081284824825        37.823329362532810       0.22731254459091407     
  0.89137689740319237        46.714267769707384        2.3893112662230735     
   1.3938398620224117        17.916619037223430        2.2517797756405962     
  0.97079408012891710        19.008213693079163       0.62079293164753835     
  0.50422051503032228        47.796097296727105        1.1360746997838933     
   1.0784277847394830        28.214368943933614        1.6230502077201807     
   1.0124000941113609        23.216627152249707       0.57371512944763425     
   1.3190895176927813        14.790926120778371        1.4113414994985334     
  0.58967872175580138        24.578659658048586        2.6778899781869514     
  0.88878950987428651        27.298652304283280       0.21965510613364556     
  0.24373904398605106        50.000000000000000        4.2158782289812819     
  0.89137689740319237        27.195488097911714       0.22563634344338118     
   1.4895623007086862        17.916619037223430        2.8111297987353612     
   1.2420934317897290        6.1919341429900570        1.3633770160234318     
  0.33554444293194063        50.000000000000000        2.9262501646167891     
   1.0784277847394830        45.777172713705170        3.7364292603237903     
  0.92938302868440426        26.805629333979844       0.41108010999837358     
   1.2396181728969096        14.790926120778371        1.0007345362759001     
  0.58967872175580138        50.000000000000000       0.29123618314982108     
  0.88878950987428651        27.298652304283280       0.21965510613364556     
  0.69792081284824825        49.361422865618493        1.0048588195980588     
   1.0243800302804198        27.195488097911714        1.1163631258659588     
  0.91019167048928584        16.161054619301492        1.3875986409190679     
  0.88806028966731188        24.594573573934696       0.35664753469768667     
  0.53257239117261679        45.046788287329406        1.0804460250053667     
   1.0784277847394830        14.483553282303886       0.76019690069467671     
   1.0592689333938468        18.605520326872423       0.51020033797813313     
   1.0951539293579260        14.062234692272130       0.76046856554380926     
  0.58967872175580138        50.000000000000000       0.29123618314982108     
  0.87540859417953210        31.912480025893608       0.59224858074717268     
  0.69792081284824825        37.823329362532810       0.22731254459091407     
  0.89137689740319237        26.941683710105170       0.21592810382062966     
  0.91019167048928584        0.0000000000000000                            NaN
   1.1271761032796528        5.7926595606466513        1.9118558580239773     
  0.60973120154564509        43.906248770819857       0.44464381915258139     
   1.0784277847394830        32.429155129833887        2.1570422813088839     
  0.92938302868440426        50.000000000000000        3.0419784110584205     
   1.0951539293579260        14.062234692272130       0.76046856554380926     
  0.58967872175580138        18.056870709444549        3.5256341774898203     
  0.77204498154137990        32.535831646306050       0.17654160964426546     
  0.69792081284824825        24.262385509623790        1.7967685840245557     
  0.89137689740319237        26.941683710105170       0.21592810382062966     
  0.91019167048928584        17.916619037223430        1.1216427281249384     
  0.88806028966731188        24.594573573934696       0.35664753469768667     
   1.0507315811405686        48.316365422003486        3.8091789069157125     
  0.86792017889918005        19.829519344285039        1.1216964857788494     
  0.72769713640255729        26.805629333979844        1.2300266663875268     
   1.1216096632762038        7.4858306136657831        1.6351415027032248     
  0.58967872175580138        50.000000000000000       0.29123618314982108     
  0.78808696537325484        32.535831646306050        7.1101585613838850E-002
  0.84428761855339307        23.570710912333631       0.76414421415122546     
  0.68136914658641690        26.941683710105170        1.5962199239862340     
  0.91019167048928584        17.916619037223430        1.1216427281249384     
  0.88806028966731188        24.205289911879390       0.40134640679689459     
  0.60973120154564509        48.316365422003486       0.26782214666877879     
  0.96065353887711891        19.829519344285039       0.56596199109127099     
  0.92938302868440426        21.182558748649235       0.55076031588087482     
   1.0951539293579260        19.913308014939041       0.72831373655201914     
  0.96066242642853372        20.078430548680448       0.53631354387215191     
  0.86021988739326016        32.535831646306050       0.54744331975694827     
  0.78182400506399785        28.598996424499653       0.57358072940713023     
  0.84056001587031715        26.941683710105170       0.35430391692043306     
  0.83658695504236158        17.916619037223430        1.6209115751334167     
  0.88806028966731188        24.594573573934696       0.35664753469768667     
  0.73802295559351949        48.316365422003486        1.2571321641980442     
  0.96065353887711891        19.829519344285039       0.56596199109127099     
  0.56923607998228887        26.805629333979844        2.5937922394478687     
  0.97731215290062723        29.247529589574128        1.0344933915169663     
  0.49228583645344548        47.047908025987674        1.3248346931619295     
  0.81310337352742657        32.535831646306050       0.18055272216334076     
  0.78034934598013916        37.823329362532810       0.51114944868798839     
  0.89137689740319237        26.941683710105170       0.21592810382062966     
  0.91019167048928584        17.916619037223430        1.1216427281249384     
  0.88806028966731188        12.082030673413719        2.1915303595528584     
  0.52034438869226363        50.000000000000000       0.79300891516059668     
  0.96065353887711891        33.554317444046163        1.4375318390045575     
  0.52701960205977638        50.000000000000000       0.72738156276776489     
   1.0951539293579260        19.913308014939041       0.72831373655201914     
  0.58967872175580138        50.000000000000000       0.29123618314982108     
  0.94285183301721021        23.830515124363938       0.29921209415862082     
  0.69792081284824825        28.511614422585598        1.2653740540773608     
  0.89137689740319237        26.941683710105170       0.21592810382062966     
  0.91019167048928584        17.916619037223430        1.1216427281249384     
  0.64656253283044030        24.594573573934696        2.1826634357999355     
  0.60973120154564509        45.902356135816760       0.30844501054878626     
  0.96065353887711891        25.567535938473100       0.48831732522357535     
  0.92938302868440426        26.805629333979844       0.41108010999837358     
   1.0951539293579260        35.011153076647915        2.5957412906158290     
  0.67371901972683901        39.804596664417261       0.24969765460892110     
  0.78808696537325484        32.535831646306050        7.1101585613838850E-002
   1.0150231564646162        37.823329362532810        2.3530206995343033     
  0.89137689740319237        26.941683710105170       0.21592810382062966     
  0.40323781702374706        50.000000000000000        2.0827306950979954     
  0.98924777432270572        24.594573573934696       0.57025603246788403     
   1.1478966025301982        12.337529935275228       0.82403970048550645     
  0.60550333110137289        25.567535938473100        2.4172519411248365     
  0.92938302868440426        26.805629333979844       0.41108010999837358     
   1.0951539293579260        19.913308014939041       0.72831373655201914     
  0.67371901972683901        39.804596664417261       0.24969765460892110     
  0.73266565219411361        33.635149863611709       0.37140085222594149     
  0.48360340885260339        37.823329362532810        2.2543533663893398     
  0.89137689740319237        34.033883920522314       0.96644721796307897     
  0.91019167048928584        31.740930869148031       0.83822353369020541     
  0.88806028966731188        13.913161106939908        1.8891962489349627     
  0.60973120154564509        23.559604131039951        2.6290804378965067     
  0.96065353887711891        25.567535938473100       0.48831732522357535     
  0.92938302868440426        26.805629333979844       0.41108010999837358     
  0.87151764958789568        19.913308014939041        1.0851239551753220     
  0.67371901972683901        39.804596664417261       0.24969765460892110     
  0.78808696537325484        32.535831646306050        7.1101585613838850E-002
  0.69792081284824825        37.823329362532810       0.22731254459091407     
  0.63567081763799327        45.687315416020525       0.22868803635455848     
  0.70444985903972612        36.840721978788594       0.26695143289663931     
  0.76715220824759978        32.746028654316639       0.19065862644478695     
  0.60973120154564509        38.159627052461886       0.97877792557262744     
  0.91253502412526843        25.567535938473100       0.24723427526465039     
  0.84744200911589473        33.430260952936415       0.55148016165394786     
   1.1474946084852398        19.913308014939041        1.0302059452409431     
  0.67371901972683901        39.804596664417261       0.24969765460892110     
  0.78808696537325484        15.327242775887136        2.3636245088145005     
  0.69792081284824825        50.000000000000000        1.0662927610385640     
   1.0432639407897117        18.209644578213556       0.50456798975909312     
  0.70444985903972612        50.000000000000000        1.1246339029248302     
  0.76715220824759978        32.746028654316639       0.19065862644478695     
  0.73542265313603838        48.316365422003486        1.2342931974028992     
  0.71454763667079624        37.193934538269104       0.15384402043011894     
   1.0016713375635469        23.260835411970909       0.51570838032125776     
   1.0864402336607195        19.057736653186115       0.61687861421880585     
  0.69155780415272783        37.774570199356411       0.28404861420355565     
  0.54940435074328309        43.318307640801997        1.0662346400228080     
  0.69792081284824825        21.715352069978699        2.1323276022723108     
  0.89137689740319237        19.735493634910004       0.97812232651089437     
  0.47402151857669689        50.000000000000000        1.2766162614433743     
  0.97801440142558549        32.746028654316639        1.4688958837299391     
  0.48954236995474842        50.000000000000000        1.1100399243607533     
  0.71454763667079624        27.866023417780443        1.2058270109999771     
  0.89187620696076919        27.752442952263831       0.26371729029672836     
   1.0864402336607195        27.195556241478112        1.5478064765104180     
  0.67371901972683901        34.364491118282054       0.79745076436839490     
  0.68830776640271929        32.535831646306050       0.87452663324633539     
  0.51696946943030153        37.823329362532810        1.9127222777807700     
  0.96670618678247944        26.941683710105170       0.68037438427729469     
  0.82855242425777498        25.689972889493319       0.59528973007745123     
  0.95508199167191044        32.746028654316639        1.2980730259837778     
   1.0295205107123067        48.316365422003486        3.6480846240904330     
  0.71954948556860143        37.769785291972148        9.6746799016574694E-002
  0.68273778050140799        43.439561484824559       0.30793166592248838     
  0.72128533635227932        19.057736653186115        2.3141672862575051     
  0.67371901972683901        41.894021174147198       0.16574402269734628     
  0.78808696537325484        41.241148168248159       0.95112834890943165     
  0.69792081284824825        37.823329362532810       0.22731254459091407     
  0.70864911130101216        35.363906377862996       0.38458329069845509     
  0.70444985903972612        36.840721978788594       0.26695143289663931     
  0.76715220824759978        32.746028654316639       0.19065862644478695     
   1.0378528522965444        20.772731594496186       0.51105755656955021     
  0.75426380042184149        36.229591883433606       0.12668628288499512     
  0.89187620696076919        30.591380880234123       0.56306961768128339     
   1.0864402336607195        19.057736653186115       0.61687861421880585     
  0.67371901972683901        41.894021174147198       0.16574402269734628     
  0.71231203937799004        32.535831646306050       0.66877406980328402     
  0.69792081284824825        37.823329362532810       0.22731254459091407     
   1.0689233526972148        20.209219428410364       0.61707153132192782     
  0.70444985903972612        36.840721978788594       0.26695143289663931     
  0.76715220824759978        36.414244235403757       0.24609081541472391     
  0.60973120154564509        48.316365422003486       0.26782214666877879     
  0.92599384003075369        25.117897649977113       0.27489865800043395     
  0.89187620696076919        14.908135482417901        1.7042483964261277     
   1.0864402336607195        19.057736653186115       0.61687861421880585     
  0.68315573584534595        42.370393568360861       0.22096186196888382     
  0.78808696537325484        46.762219906788033        1.5336909320968057     
  0.69792081284824825        37.555321098529085       0.25205251195836464     
  0.89137689740319237        28.401164847326502       0.31802701325426441     
  0.70444985903972612        36.840721978788594       0.26695143289663931     
  0.70192974414628284        32.746028654316639       0.73334278169619171     
  0.60973120154564509        48.316365422003486       0.26782214666877879     
   1.0031699965788152        37.769785291972148        2.2585018602836828     
  0.89187620696076919        27.752442952263831       0.26371729029672836     
  0.88802005430430264        26.461538492717740       0.20907466219803647     
  0.67371901972683901        41.894021174147198       0.16574402269734628     
  0.61664613771128396        32.535831646306050        1.5095498063737836     
  0.69792081284824825        35.843499361185984       0.42569028045621088     
  0.89137689740319237        26.941683710105170       0.21592810382062966     
  0.70444985903972612        36.840721978788594       0.26695143289663931     
  0.76715220824759978        32.746028654316639       0.19065862644478695     
  0.75322258713952739        36.284632669917663       0.12488318997942983     
  0.82417144462324832        37.769785291972148       0.86430897246828631     
  0.91502868843948248        27.752442952263831       0.41198555630801054     
  0.88802005430430264        37.494969086851263        1.3439921614700048     
  0.78369884106712595        41.894021174147198       0.98482198286736100     
  0.94285183301721021        32.535831646306050        1.1808525779112893     
  0.69792081284824825        47.145358768049292       0.78950943813437680     
  0.89137689740319237        32.324153783553946       0.76386616396764062     
  0.58386759163807644        44.308964294640575       0.64446340439371141     
  0.76715220824759978        32.746028654316639       0.19065862644478695     
  0.80443443647799862        36.284632669917663       0.53518589979100095     
  0.82530667297962557        37.769785291972148       0.87353485881821480     
  0.89187620696076919        37.028191501875462        1.3204844926210588     
  0.88705035272586541        26.461538492717740       0.20899663641903346     
  0.50260792805484866        41.894021174147198        1.6727632245764132     
  0.70891625549116632        32.535831646306050       0.69766859989260621     
  0.69792081284824825        29.764698512851080        1.1148792746494549     
  0.89137689740319237        26.941683710105170       0.21592810382062966     
  0.70444985903972612        36.840721978788594       0.26695143289663931     
  0.76715220824759978        32.746028654316639       0.19065862644478695     
  0.75322258713952739        36.284632669917663       0.12488318997942983     
  0.71954948556860143        38.862754053736595       0.14744547444136474     
   1.0636656445229709        16.565290217742380       0.59028849132242922     
  0.85654976732362531        29.620722717222272       0.20350580490294620     
  0.68409387543768185        41.894021174147198       0.19168018455072836     
  0.78808696537325484        32.535831646306050        7.1101585613838850E-002
  0.65038534039591267        39.426567951005026       0.48123069802736718     
  0.86865100121313754        26.941683710105170       0.21062701013575458     
  0.86306347571616515        26.891110971294001       0.23494387741328140     
  0.76715220824759978        40.111719931590720       0.65362888146611553     
  0.75322258713952739        36.284632669917663       0.12488318997942983     
  0.82586726465607752        37.769785291972148       0.87808900907763932     
  0.98736315736268643        22.446115541167849       0.39278610517094781     
  0.85654976732362531        37.072869062213393        1.0459289735151580     
  0.67371901972683901        50.000000000000000       0.85043109197424627     
  0.82616914351645354        32.535831646306050       0.28120025093917111     
  0.69792081284824825        37.146719620426794       0.29151790953966233     
  0.84128585647217613        28.159432161801437       0.21149921615248399     
  0.88571658850954227        27.610070741056319       0.22185152138997058     
  0.76715220824759978        32.746028654316639       0.19065862644478695     
  0.75322258713952739        27.519004476527954       0.93461817850023610     
  0.77468269851716431        35.409979367298156       0.19478712783326313     
  0.91068797833614890        24.521222112806285       0.28011239677509531     
  0.85654976732362531        29.468003395646470       0.19134746712418191     
  0.67371901972683901        36.351845782263993       0.58356798711413038     
  0.71656891811243439        35.158251853242184       0.33914419822418745     
  0.69792081284824825        31.495777638263611       0.91143225924613991     
  0.74933513776507932        26.941683710105170        1.0384415758234145     
  0.88571658850954227        20.296736921886460       0.93521624331959552     
  0.76715220824759978        36.898437063556905       0.29986455343644713     
  0.69453592333485958        40.140114734114995       0.13575232040169902     
  0.88682723178234935        37.769785291972148        1.3661607145143329     
  0.89187620696076919        27.752442952263831       0.26371729029672836     
  0.69006563843503965        38.031955040390038       0.27221058962869543     
  0.85919690691801098        41.894021174147198        1.6081576874037613     
  0.78808696537325484        39.361583420429113       0.74572941330498532     
  0.77603366700749932        37.823329362532810       0.47558968706240312     
  0.86865100121313754        26.941683710105170       0.21062701013575458     
  0.88876763874791354        27.509561458281016       0.23050865231787035     
  0.73447584172654534        32.746028654316639       0.45773748886161780     
  0.61198871070365146        43.487217248000100       0.45900454986004119     
  0.72756637298482318        37.769785291972148       0.10499999524889381     
  0.89187620696076919        27.752442952263831       0.26371729029672836     
  0.91697487475818207        29.468003395646470       0.61876780108496821     
  0.87017354820628035        41.894021174147198        1.6969429257640500     
  0.78808696537325484        39.220092419815124       0.73011732334506985     
  0.69792081284824825        32.432961510546725       0.80346634584168786     
  0.86865100121313754        26.941683710105170       0.21062701013575458     
  0.92610289733563145        27.610070741056319       0.47286738556325464     
  0.74144695362880741        32.746028654316639       0.39967496644129641     
  0.75322258713952739        36.284632669917663       0.12488318997942983     
  0.64943291099960532        37.769785291972148       0.65373181425725735     
  0.83261597112803654        27.752442952263831       0.30819092297002298     
  0.83929039844061160        29.468003395646470       0.12696864378493561     
  0.65976316991393447        40.785416956243040       0.28059524269806130     
  0.78808696537325484        32.535831646306050        7.1101585613838850E-002
  0.69792081284824825        33.508473554566436       0.68154795758854270     
  0.86865100121313754        26.941683710105170       0.21062701013575458     
  0.88571658850954227        38.470645793902037        1.4375373973393015     
  0.91735887860528043        32.746028654316639        1.0131116830484392     
  0.61318435108519675        36.284632669917663        1.1388825447667421     
  0.71954948556860143        33.866878928412333       0.45607712466619454     
  0.89187620696076919        27.752442952263831       0.26371729029672836     
  0.76893900438041862        29.468003395646470       0.56731723195986661     
  0.89280799090352447        41.894021174147198        1.8785117300270664     
  0.68209176427724294        39.475481189395126       0.21221454404515080     
  0.64490035864587769        41.628327505853051       0.33235288542964730     
  0.96358435723232705        20.699037365476279       0.45739036120588983     
  0.88571658850954227        27.699822296261452       0.22704276264411699     
  0.76715220824759978        39.869617430204421       0.62729815594888594     
  0.84036398984091687        36.284632669917663       0.82589484808973312     
  0.68328907940632844        36.913958757519794       0.44089817557282107     
  0.89187620696076919        38.826991429845378        1.5268106209218897     
  0.83929039844061160        29.468003395646470       0.12696864378493561     
  0.77623352481328967        35.424789835786122       0.20878862689830643     
  0.78808696537325484        32.535831646306050        7.1101585613838850E-002
  0.69792081284824825        33.941093111640015       0.63314846614629250     
  0.86865100121313754        32.615013297185470       0.62239467949445015     
  0.88571658850954227        24.334656501877340       0.39874071482350537     
  0.76715220824759978        32.746028654316639       0.19065862644478695     
  0.84270058814008408        36.284632669917663       0.84464103841531513     
  0.71954948556860143        29.268923767833176       0.99321057580679606     
  0.89187620696076919        44.468016902610735        2.1527555878947990     
  0.83929039844061160        25.042434174672547       0.60380903840831801     
  0.67371901972683901        39.367262349097160       0.28632033312614219     
  0.78808696537325484        24.479122518090868        1.0549408334129988     
  0.80739368339483553        37.823329362532810       0.73345938432061752     
  0.86865100121313754        43.959597237095117        1.9098633513240988     
  0.88571658850954227        24.405070854228082       0.39046245812337033     
  0.76715220824759978        36.554964512493640       0.26170736588582211     
  0.77131800255505800        32.706264177104593       0.16283283843472737     
  0.74708262759898203        37.769785291972148       0.23435134774574712     
  0.89187620696076919        34.553984640621515        1.0316711207616325     
  0.83929039844061160        25.059610795942628       0.60156385467664830     
  0.80406513335289487        41.894021174147198        1.1550433933924040     
  0.78808696537325484        24.408060005573386        1.0643678750607097     
  0.71730627564908656        37.823329362532810       0.10173565463392825     
  0.91706179312465352        25.518933326367303       0.25805593124187559     
  0.88571658850954227        32.349227068646080       0.72324746826333897     
  0.76715220824759978        32.746028654316639       0.19065862644478695     
  0.63162062704740907        43.378985385767422       0.30658175170246910     
  0.71954948556860143        37.769785291972148        9.6746799016574694E-002
  0.89187620696076919        27.752442952263831       0.26371729029672836     
  0.70636396681320923        29.468003395646470        1.0792335888715079     
  0.65815071075182163        41.894021174147198       0.21757203260829777     
  0.82475133804666478        32.535831646306050       0.27016055116095594     
  0.71730627564908656        28.478678204825144        1.1078668402560874     
  0.86865100121313754        30.204872813390892       0.34540038016417512     
  0.88571658850954227        33.191305197839654       0.82291636374573041     
  0.63214464940435322        32.746028654316639        1.3461694885981950     
  0.84216296256947054        30.808767073580889       0.21658619216344482     
  0.70687615216373767        39.606670859484616       0.14067054484843391     
  0.89187620696076919        27.752442952263831       0.26371729029672836     
  0.73306960389027975        34.257955107936198       0.29831573295650154     
  0.67371901972683901        41.894021174147198       0.16574402269734628     
  0.80483477107377888        32.367674039897580       0.10544658378149172     
  0.71730627564908656        37.823329362532810       0.10173565463392825     
  0.82877577459752760        28.417603619473791       0.25477453182028670     
  0.88571658850954227        39.311933116136245        1.5330804921366152     
  0.65314769853707566        32.746028654316639        1.1586060871385053     
  0.96226129189370302        21.260355943789040       0.40934167826277318     
  0.82453707863349546        31.102242324305962       0.12677912248795398     
  0.75246875948022074        35.787005120170519        7.5545792507301146E-002
  0.83929039844061160        30.050646187545219       0.13801089884709250     
  0.69523183118929877        39.335307604379025       0.13990902728346882     
  0.69323546116370083        36.644597976914305       0.38232234146982663     
  0.71730627564908656        37.823329362532810       0.10173565463392825     
  0.86865100121313754        26.941683710105170       0.21062701013575458     
  0.88571658850954227        27.610070741056319       0.22185152138997058     
  0.75415465462248266        32.746028654316639       0.29503248966548512     
  0.75322258713952739        43.407681129522516       0.88767275442233151     
  0.71954948556860143        32.647590594576911       0.59457836081546800     
  0.75246875948022074        35.787005120170519        7.5545792507301146E-002
  0.76272144019184129        35.792925012778589       0.14339611618757778     
  0.78791564403160752        32.034001384671292       0.11735195727497781     
  0.78808696537325484        32.535831646306050        7.1101585613838850E-002
  0.71730627564908656        32.581943818398607       0.62110703288249791     
  0.86865100121313754        26.941683710105170       0.21062701013575458     
  0.68529313125956559        39.142940998514959       0.21402567495901906     
  0.82150081236038208        32.746028654316639       0.26827362876117922     
  0.79097623614069701        36.284632669917663       0.42536388743002373     
  0.66934103542928369        40.835898806268702       0.20790116864145480     
  0.75246875948022074        29.064203283573740       0.74874072332387809     
  0.91914114949468173        29.468003395646470       0.63474952945205376     
  0.78791564403160752        37.062474682971008       0.48812469529279434     
  0.78808696537325484        32.535831646306050        7.1101585613838850E-002
  0.77920735744321767        32.787458242824556        9.7100156969177620E-002
  0.86865100121313754        26.941683710105170       0.21062701013575458     
  0.80388484224812817        30.750976883246157       0.15125270756696921     
  0.76715220824759978        32.746028654316639       0.19065862644478695     
  0.75322258713952739        35.431649894897376        5.9255000757425381E-002
  0.72527792222991738        35.468955563181630       0.23280086160574981     
  0.82176972359474265        28.918398425264741       0.24160187179238540     
  0.83929039844061160        37.610209053478826       0.96867628898270164     
  0.84705197719498448        32.034001384671292       0.38685800386989444     
  0.71315077877701027        38.046105746270420       0.11019883955341823     
  0.82981682348006447        28.614361162354644       0.22623709956547292     
  0.89147437637769777        25.821604292251685       0.23380279147916003     
  0.80388484224812817        35.505541685577754       0.44188579828691116     
  0.76715220824759978        32.746028654316639       0.19065862644478695     
  0.76436628402598528        33.283152902432789       0.15206596100605319     
  0.71954948556860143        35.773166358556281       0.24886053483558823     
  0.75246875948022074        35.787005120170519        7.5545792507301146E-002
  0.83929039844061160        29.468003395646470       0.12696864378493561     
